0,-58.000000,0.000000,0.000000
1,-57.894817,0.000000,0.000000
2,-57.790150,0.000175,0.000000
3,-57.685996,0.000525,0.000000
4,-57.582352,0.001048,0.000000
5,-57.479215,0.001743,0.000000
6,-57.376582,0.002610,0.000000
7,-57.274450,0.003646,0.000000
8,-57.172817,0.004853,0.000000
9,-57.071678,0.006227,0.000000
10,-56.971032,0.007769,0.000000
11,-56.870874,0.009478,0.000000
12,-56.771203,0.011352,0.000000
13,-56.672014,0.013390,0.000000
14,-56.573305,0.015592,0.000000
15,-56.475072,0.017957,0.000000
16,-56.377313,0.020484,0.000000
17,-56.280024,0.023171,0.000000
18,-56.183203,0.026018,0.000000
19,-56.086846,0.029025,0.000000
20,-55.990949,0.032189,0.000000
21,-55.895510,0.035511,0.000000
22,-55.800526,0.038989,0.000000
23,-55.705992,0.042622,0.000000
24,-55.611907,0.046410,0.000000
25,-55.518266,0.050351,0.000000
26,-55.425067,0.054446,0.000000
27,-55.332305,0.058692,0.000000
28,-55.239978,0.063089,0.000000
29,-55.148082,0.067636,0.000000
30,-55.056614,0.072333,0.000000
31,-54.965569,0.077179,0.000000
32,-54.874946,0.082172,0.000000
33,-54.784739,0.087312,0.000000
34,-54.694945,0.092598,0.000000
35,-54.605560,0.098029,0.000000
36,-54.516582,0.103605,0.000000
37,-54.428004,0.109324,0.000000
38,-54.339826,0.115186,0.000000
39,-54.252042,0.121190,0.000000
40,-54.164649,0.127336,0.000000
41,-54.077643,0.133622,0.000000
42,-53.991020,0.140048,0.000000
43,-53.904775,0.146613,0.000000
44,-53.818905,0.153316,0.000000
45,-53.733405,0.160157,0.000000
46,-53.648271,0.167134,0.000000
47,-53.563500,0.174248,0.000000
48,-53.479086,0.181497,0.000000
49,-53.395026,0.188881,0.000000
50,-53.311314,0.196398,0.000000
51,-53.227947,0.204049,0.000000
52,-53.144920,0.211832,0.000000
53,-53.062227,0.219748,0.000000
54,-52.979864,0.227794,0.000000
55,-52.897826,0.235971,0.000000
56,-52.816108,0.244278,0.000000
57,-52.734705,0.252714,0.000000
58,-52.653610,0.261279,0.000000
59,-52.572819,0.269972,0.000000
60,-52.492327,0.278793,0.000000
61,-52.412125,0.287740,0.000000
62,-52.332212,0.296813,0.000000
63,-52.252583,0.306012,0.000000
64,-52.173230,0.315336,0.000000
65,-52.094148,0.324785,0.000000
66,-52.015330,0.334357,0.000000
67,-51.936769,0.344053,0.000000
68,-51.858460,0.353871,0.000000
69,-51.780395,0.363812,0.000000
70,-51.702568,0.373875,0.000000
71,-51.624973,0.384059,0.000000
72,-51.547603,0.394364,0.000000
73,-51.470450,0.404790,0.000000
74,-51.393507,0.415335,0.000000
75,-51.316767,0.426000,0.000000
76,-51.240222,0.436783,0.000000
77,-51.163863,0.447686,0.000000
78,-51.087682,0.458706,0.000000
79,-51.011671,0.469845,0.000000
80,-50.935822,0.481100,0.000000
81,-50.860124,0.492473,0.000000
82,-50.784568,0.503962,0.000000
83,-50.709145,0.515568,0.000000
84,-50.633843,0.527290,0.000000
85,-50.558652,0.539127,0.000000
86,-50.483562,0.551080,0.000000
87,-50.408559,0.563149,0.000000
88,-50.333640,0.575332,0.000000
89,-50.258793,0.587629,0.000000
90,-50.184005,0.600042,0.000000
91,-50.109263,0.612568,0.000000
92,-50.034554,0.625209,0.000000
93,-49.959865,0.637964,0.000000
94,-49.885180,0.650832,0.000000
95,-49.810487,0.663815,0.000000
96,-49.735771,0.676911,0.000000
97,-49.661016,0.690120,0.000000
98,-49.586209,0.703444,0.000000
99,-49.511332,0.716880,0.000000
100,-49.436367,0.730431,0.000000
101,-49.361298,0.744095,0.000000
102,-49.286106,0.757873,0.000000
103,-49.210771,0.771764,0.000000
104,-49.135272,0.785770,0.000000
105,-49.059589,0.799889,0.000000
106,-48.983698,0.814124,0.000000
107,-48.907575,0.828472,0.000000
108,-48.831194,0.842936,0.000000
109,-48.754528,0.857515,0.000000
110,-48.677550,0.872209,0.000000
111,-48.600228,0.887020,0.000000
112,-48.522529,0.901947,0.000000
113,-48.444420,0.916991,0.000000
114,-48.365871,0.932153,0.000000
115,-48.286859,0.947433,0.000000
116,-48.207342,0.962832,0.000000
117,-48.127278,0.978351,0.000000
118,-48.046623,0.993990,0.000000
119,-47.965329,1.009751,0.000000
120,-47.883342,1.025634,0.000000
121,-47.800618,1.041640,0.000000
122,-47.717097,1.057771,0.000000
123,-47.632725,1.074028,0.000000
124,-47.547436,1.090412,0.000000
125,-47.461162,1.106924,0.000000
126,-47.373828,1.123566,0.000000
127,-47.285356,1.140340,0.000000
128,-47.195659,1.157247,0.000000
129,-47.104640,1.174290,0.000000
130,-47.012196,1.191471,0.000000
131,-46.918215,1.208791,0.000000
132,-46.822566,1.226253,0.000000
133,-46.725116,1.243860,0.000000
134,-46.625702,1.261615,0.000000
135,-46.524153,1.279521,0.000000
136,-46.420277,1.297581,0.000000
137,-46.313896,1.315799,0.000000
138,-46.204809,1.334180,0.000000
139,-46.092745,1.352727,0.000000
140,-45.977412,1.371445,0.000000
141,-45.858468,1.390339,0.000000
142,-45.735546,1.409417,0.000000
143,-45.608224,1.428683,0.000000
144,-45.476019,1.448145,0.000000
145,-45.338354,1.467812,0.000000
146,-45.194568,1.487691,0.000000
147,-45.043871,1.507794,0.000000
148,-44.885295,1.528131,0.000000
149,-44.717680,1.548716,0.000000
150,-44.539597,1.569562,0.000000
151,-44.349225,1.590688,0.000000
152,-44.144520,1.612114,0.000000
153,-43.922737,1.633863,0.000000
154,-43.680130,1.655963,0.000000
155,-43.411849,1.678450,0.000000
156,-43.111166,1.701365,0.000000
157,-42.768397,1.724762,0.000000
158,-42.368737,1.748710,0.000000
159,-41.888484,1.773305,0.000000
160,-41.287524,1.798680,0.000000
161,-40.487721,1.825035,0.000000
162,-39.306904,1.852702,0.000000
163,-37.198326,1.882313,0.000000
164,-31.178254,1.915414,0.000000
165,0.000000,1.958520,1.000000
166,-46.000000,102.053555,0.000000
167,-45.932123,101.988510,0.000000
168,-45.862000,101.923633,0.000000
169,-45.789472,101.858927,0.000000
170,-45.714351,101.794395,0.000000
171,-45.636435,101.730043,0.000000
172,-45.555493,101.665873,0.000000
173,-45.471272,101.601893,0.000000
174,-45.383481,101.538106,0.000000
175,-45.291796,101.474518,0.000000
176,-45.195838,101.411136,0.000000
177,-45.095168,101.347967,0.000000
178,-44.989277,101.285019,0.000000
179,-44.877569,101.222299,0.000000
180,-44.759347,101.159818,0.000000
181,-44.633774,101.097586,0.000000
182,-44.499832,101.035615,0.000000
183,-44.356210,100.973919,0.000000
184,-44.201757,100.912514,0.000000
185,-44.034606,100.851417,0.000000
186,-43.852440,100.790650,0.000000
187,-43.652284,100.730237,0.000000
188,-43.430370,100.670208,0.000000
189,-43.181591,100.610599,0.000000
190,-42.898737,100.551454,0.000000
191,-42.571370,100.492830,0.000000
192,-42.183260,100.434800,0.000000
193,-41.709340,100.377466,0.000000
194,-41.104526,100.320969,0.000000
195,-40.280370,100.265527,0.000000
196,-39.023779,100.211505,0.000000
197,-36.647257,100.159623,0.000000
198,-28.763875,100.111744,0.000000
199,0.000000,100.077045,1.000000
200,-46.000000,200.090314,0.000000
201,-45.981141,199.943572,0.000000
202,-45.961600,199.796984,0.000000
203,-45.941353,199.650550,0.000000
204,-45.920366,199.504273,0.000000
205,-45.898609,199.358152,0.000000
206,-45.876049,199.212189,0.000000
207,-45.852645,199.066386,0.000000
208,-45.828355,198.920743,0.000000
209,-45.803150,198.775261,0.000000
210,-45.776978,198.629943,0.000000
211,-45.749782,198.484790,0.000000
212,-45.721522,198.339803,0.000000
213,-45.692140,198.194984,0.000000
214,-45.661579,198.050335,0.000000
215,-45.629773,197.905857,0.000000
216,-45.596655,197.761552,0.000000
217,-45.562151,197.617423,0.000000
218,-45.526179,197.473472,0.000000
219,-45.488648,197.329700,0.000000
220,-45.449464,197.186111,0.000000
221,-45.408529,197.042707,0.000000
222,-45.365715,196.899491,0.000000
223,-45.320906,196.756465,0.000000
224,-45.273959,196.613633,0.000000
225,-45.224721,196.470998,0.000000
226,-45.173016,196.328565,0.000000
227,-45.118645,196.186336,0.000000
228,-45.061408,196.044316,0.000000
229,-45.001059,195.902510,0.000000
230,-44.937323,195.760923,0.000000
231,-44.869884,195.619560,0.000000
232,-44.798402,195.478427,0.000000
233,-44.722463,195.337531,0.000000
234,-44.641584,195.196879,0.000000
235,-44.555221,195.056479,0.000000
236,-44.462723,194.916340,0.000000
237,-44.363331,194.776472,0.000000
238,-44.256330,194.636886,0.000000
239,-44.140639,194.497595,0.000000
240,-44.014949,194.358613,0.000000
241,-43.877677,194.219956,0.000000
242,-43.726831,194.081643,0.000000
243,-43.559949,193.943697,0.000000
244,-43.373849,193.806144,0.000000
245,-43.164271,193.669016,0.000000
246,-42.925410,193.532351,0.000000
247,-42.649009,193.396198,0.000000
248,-42.322758,193.260620,0.000000
249,-41.927997,193.125698,0.000000
250,-41.433779,192.991547,0.000000
251,-40.783626,192.858331,0.000000
252,-39.858468,192.726309,0.000000
253,-38.347260,192.595940,0.000000
254,-35.044223,192.468198,0.000000
255,-17.476575,192.346068,0.000000
256,0.000000,192.253318,1.000000
257,-46.000000,292.189774,0.000000
258,-46.027191,291.966282,0.000000
259,-46.055140,291.742932,0.000000
260,-46.083849,291.519721,0.000000
261,-46.113328,291.296648,0.000000
262,-46.143587,291.073712,0.000000
263,-46.174629,290.850911,0.000000
264,-46.206462,290.628244,0.000000
265,-46.239094,290.405710,0.000000
266,-46.272526,290.183307,0.000000
267,-46.306764,289.961033,0.000000
268,-46.341806,289.738888,0.000000
269,-46.377659,289.516869,0.000000
270,-46.414321,289.294976,0.000000
271,-46.451790,289.073206,0.000000
272,-46.490066,288.851559,0.000000
273,-46.529141,288.630032,0.000000
274,-46.569057,288.408626,0.000000
275,-46.609798,288.187337,0.000000
276,-46.651356,287.966164,0.000000
277,-46.693728,287.745107,0.000000
278,-46.736903,287.524163,0.000000
279,-46.780875,287.303331,0.000000
280,-46.825633,287.082611,0.000000
281,-46.871168,286.861999,0.000000
282,-46.917470,286.641495,0.000000
283,-46.964525,286.421098,0.000000
284,-47.012322,286.200807,0.000000
285,-47.060849,285.980619,0.000000
286,-47.110088,285.760534,0.000000
287,-47.160026,285.540550,0.000000
288,-47.210649,285.320666,0.000000
289,-47.261943,285.100881,0.000000
290,-47.313888,284.881194,0.000000
291,-47.366470,284.661603,0.000000
292,-47.419668,284.442107,0.000000
293,-47.473465,284.222706,0.000000
294,-47.527846,284.003398,0.000000
295,-47.582791,283.784182,0.000000
296,-47.638281,283.565058,0.000000
297,-47.694298,283.346023,0.000000
298,-47.750826,283.127077,0.000000
299,-47.807841,282.908220,0.000000
300,-47.865327,282.689450,0.000000
301,-47.923263,282.470767,0.000000
302,-47.981629,282.252169,0.000000
303,-48.040407,282.033656,0.000000
304,-48.099581,281.815228,0.000000
305,-48.159126,281.596882,0.000000
306,-48.219022,281.378620,0.000000
307,-48.279250,281.160439,0.000000
308,-48.339789,280.942340,0.000000
309,-48.400616,280.724322,0.000000
310,-48.461713,280.506384,0.000000
311,-48.523057,280.288526,0.000000
312,-48.584643,280.070747,0.000000
313,-48.646454,279.853047,0.000000
314,-48.708472,279.635425,0.000000
315,-48.770676,279.417882,0.000000
316,-48.833047,279.200416,0.000000
317,-48.895568,278.983027,0.000000
318,-48.958220,278.765715,0.000000
319,-49.020986,278.548480,0.000000
320,-49.083851,278.331321,0.000000
321,-49.146798,278.114239,0.000000
322,-49.209809,277.897232,0.000000
323,-49.272872,277.680302,0.000000
324,-49.335970,277.463447,0.000000
325,-49.399090,277.246667,0.000000
326,-49.462216,277.029963,0.000000
327,-49.525337,276.813335,0.000000
328,-49.588440,276.596781,0.000000
329,-49.651512,276.380303,0.000000
330,-49.714541,276.163901,0.000000
331,-49.777515,275.947573,0.000000
332,-49.840423,275.731321,0.000000
333,-49.903253,275.515144,0.000000
334,-49.965997,275.299043,0.000000
335,-50.028643,275.083017,0.000000
336,-50.091183,274.867067,0.000000
337,-50.153605,274.651192,0.000000
338,-50.215901,274.435394,0.000000
339,-50.278062,274.219671,0.000000
340,-50.340077,274.004025,0.000000
341,-50.401939,273.788454,0.000000
342,-50.463639,273.572961,0.000000
343,-50.525169,273.357544,0.000000
344,-50.586526,273.142204,0.000000
345,-50.647703,272.926941,0.000000
346,-50.708694,272.711756,0.000000
347,-50.769491,272.496649,0.000000
348,-50.830088,272.281619,0.000000
349,-50.890478,272.066667,0.000000
350,-50.950656,271.851794,0.000000
351,-51.010616,271.637000,0.000000
352,-51.070352,271.422285,0.000000
353,-51.129859,271.207649,0.000000
354,-51.189133,270.993093,0.000000
355,-51.248169,270.778617,0.000000
356,-51.306962,270.564221,0.000000
357,-51.365510,270.349906,0.000000
358,-51.423807,270.135672,0.000000
359,-51.481850,269.921519,0.000000
360,-51.539635,269.707448,0.000000
361,-51.597160,269.493459,0.000000
362,-51.654421,269.279553,0.000000
363,-51.711416,269.065729,0.000000
364,-51.768142,268.851989,0.000000
365,-51.824595,268.638332,0.000000
366,-51.880775,268.424759,0.000000
367,-51.936677,268.211271,0.000000
368,-51.992302,267.997867,0.000000
369,-52.047645,267.784548,0.000000
370,-52.102707,267.571315,0.000000
371,-52.157484,267.358168,0.000000
372,-52.211975,267.145107,0.000000
373,-52.266179,266.932133,0.000000
374,-52.320093,266.719246,0.000000
375,-52.373716,266.506446,0.000000
376,-52.427047,266.293734,0.000000
377,-52.480085,266.081111,0.000000
378,-52.532829,265.868577,0.000000
379,-52.585278,265.656132,0.000000
380,-52.637434,265.443776,0.000000
381,-52.689293,265.231511,0.000000
382,-52.740856,265.019336,0.000000
383,-52.792122,264.807251,0.000000
384,-52.843090,264.595259,0.000000
385,-52.893760,264.383357,0.000000
386,-52.944132,264.171548,0.000000
387,-52.994203,263.959832,0.000000
388,-53.043976,263.748208,0.000000
389,-53.093449,263.536678,0.000000
390,-53.142622,263.325242,0.000000
391,-53.191495,263.113900,0.000000
392,-53.240068,262.902653,0.000000
393,-53.288341,262.691500,0.000000
394,-53.336314,262.480443,0.000000
395,-53.383988,262.269483,0.000000
396,-53.431361,262.058618,0.000000
397,-53.478436,261.847850,0.000000
398,-53.525211,261.637180,0.000000
399,-53.571688,261.426607,0.000000
400,-53.617866,261.216132,0.000000
401,-53.663747,261.005755,0.000000
402,-53.709330,260.795478,0.000000
403,-53.754616,260.585299,0.000000
404,-53.799605,260.375220,0.000000
405,-53.844298,260.165242,0.000000
406,-53.888696,259.955364,0.000000
407,-53.932799,259.745586,0.000000
408,-53.976608,259.535910,0.000000
409,-54.020123,259.326336,0.000000
410,-54.063346,259.116864,0.000000
411,-54.106277,258.907494,0.000000
412,-54.148915,258.698228,0.000000
413,-54.191264,258.489064,0.000000
414,-54.233322,258.280005,0.000000
415,-54.275091,258.071049,0.000000
416,-54.316571,257.862198,0.000000
417,-54.357764,257.653452,0.000000
418,-54.398669,257.444811,0.000000
419,-54.439289,257.236276,0.000000
420,-54.479623,257.027847,0.000000
421,-54.519673,256.819525,0.000000
422,-54.559440,256.611309,0.000000
423,-54.598925,256.403200,0.000000
424,-54.638128,256.195200,0.000000
425,-54.677052,255.987307,0.000000
426,-54.715695,255.779522,0.000000
427,-54.754060,255.571847,0.000000
428,-54.792148,255.364280,0.000000
429,-54.829959,255.156823,0.000000
430,-54.867494,254.949476,0.000000
431,-54.904755,254.742239,0.000000
432,-54.941742,254.535112,0.000000
433,-54.978456,254.328097,0.000000
434,-55.014899,254.121192,0.000000
435,-55.051070,253.914400,0.000000
436,-55.086973,253.707720,0.000000
437,-55.122606,253.501152,0.000000
438,-55.157972,253.294696,0.000000
439,-55.193072,253.088354,0.000000
440,-55.227905,252.882125,0.000000
441,-55.262475,252.676010,0.000000
442,-55.296781,252.470010,0.000000
443,-55.330825,252.264123,0.000000
444,-55.364607,252.058352,0.000000
445,-55.398130,251.852696,0.000000
446,-55.431393,251.647155,0.000000
447,-55.464398,251.441730,0.000000
448,-55.497146,251.236421,0.000000
449,-55.529639,251.031229,0.000000
450,-55.561876,250.826154,0.000000
451,-55.593860,250.621195,0.000000
452,-55.625591,250.416355,0.000000
453,-55.657071,250.211632,0.000000
454,-55.688301,250.007027,0.000000
455,-55.719281,249.802541,0.000000
456,-55.750013,249.598173,0.000000
457,-55.780497,249.393925,0.000000
458,-55.810736,249.189795,0.000000
459,-55.840730,248.985786,0.000000
460,-55.870480,248.781897,0.000000
461,-55.899987,248.578128,0.000000
462,-55.929253,248.374479,0.000000
463,-55.958278,248.170952,0.000000
464,-55.987064,247.967546,0.000000
465,-56.015611,247.764261,0.000000
466,-56.043921,247.561098,0.000000
467,-56.071995,247.358057,0.000000
468,-56.099833,247.155139,0.000000
469,-56.127438,246.952343,0.000000
470,-56.154810,246.749671,0.000000
471,-56.181950,246.547121,0.000000
472,-56.208859,246.344695,0.000000
473,-56.235539,246.142393,0.000000
474,-56.261989,245.940216,0.000000
475,-56.288213,245.738162,0.000000
476,-56.314210,245.536233,0.000000
477,-56.339981,245.334429,0.000000
478,-56.365528,245.132751,0.000000
479,-56.390852,244.931198,0.000000
480,-56.415954,244.729770,0.000000
481,-56.440834,244.528469,0.000000
482,-56.465494,244.327294,0.000000
483,-56.489936,244.126245,0.000000
484,-56.514159,243.925324,0.000000
485,-56.538166,243.724529,0.000000
486,-56.561956,243.523861,0.000000
487,-56.585532,243.323322,0.000000
488,-56.608895,243.122910,0.000000
489,-56.632044,242.922626,0.000000
490,-56.654982,242.722470,0.000000
491,-56.677710,242.522443,0.000000
492,-56.700228,242.322545,0.000000
493,-56.722537,242.122776,0.000000
494,-56.744639,241.923136,0.000000
495,-56.766534,241.723626,0.000000
496,-56.788224,241.524245,0.000000
497,-56.809710,241.324995,0.000000
498,-56.830992,241.125874,0.000000
499,-56.852071,240.926884,0.000000
500,-56.872949,240.728025,0.000000
501,-56.893627,240.529297,0.000000
502,-56.914105,240.330700,0.000000
503,-56.934385,240.132234,0.000000
504,-56.954467,239.933900,0.000000
505,-56.974353,239.735698,0.000000
506,-56.994043,239.537627,0.000000
507,-57.013539,239.339689,0.000000
508,-57.032842,239.141884,0.000000
509,-57.051952,238.944211,0.000000
510,-57.070870,238.746671,0.000000
511,-57.089598,238.549264,0.000000
512,-57.108136,238.351990,0.000000
513,-57.126485,238.154850,0.000000
514,-57.144647,237.957843,0.000000
515,-57.162622,237.760971,0.000000
516,-57.180411,237.564232,0.000000
517,-57.198015,237.367628,0.000000
518,-57.215435,237.171158,0.000000
519,-57.232673,236.974823,0.000000
520,-57.249728,236.778623,0.000000
521,-57.266603,236.582558,0.000000
522,-57.283297,236.386628,0.000000
523,-57.299811,236.190834,0.000000
524,-57.316148,235.995175,0.000000
525,-57.332307,235.799653,0.000000
526,-57.348290,235.604266,0.000000
527,-57.364097,235.409015,0.000000
528,-57.379729,235.213901,0.000000
529,-57.395188,235.018923,0.000000
530,-57.410474,234.824082,0.000000
531,-57.425587,234.629378,0.000000
532,-57.440530,234.434811,0.000000
533,-57.455303,234.240381,0.000000
534,-57.469906,234.046088,0.000000
535,-57.484341,233.851933,0.000000
536,-57.498608,233.657916,0.000000
537,-57.512709,233.464037,0.000000
538,-57.526643,233.270296,0.000000
539,-57.540413,233.076693,0.000000
540,-57.554019,232.883228,0.000000
541,-57.567462,232.689902,0.000000
542,-57.580742,232.496715,0.000000
543,-57.593861,232.303666,0.000000
544,-57.606819,232.110757,0.000000
545,-57.619617,231.917987,0.000000
546,-57.632257,231.725356,0.000000
547,-57.644738,231.532864,0.000000
548,-57.657062,231.340512,0.000000
549,-57.669229,231.148300,0.000000
550,-57.681241,230.956228,0.000000
551,-57.693098,230.764296,0.000000
552,-57.704801,230.572503,0.000000
553,-57.716351,230.380852,0.000000
554,-57.727749,230.189340,0.000000
555,-57.738995,229.997970,0.000000
556,-57.750090,229.806740,0.000000
557,-57.761036,229.615651,0.000000
558,-57.771832,229.424703,0.000000
559,-57.782480,229.233896,0.000000
560,-57.792980,229.043230,0.000000
561,-57.803333,228.852706,0.000000
562,-57.813541,228.662323,0.000000
563,-57.823603,228.472082,0.000000
564,-57.833521,228.281982,0.000000
565,-57.843296,228.092025,0.000000
566,-57.852927,227.902209,0.000000
567,-57.862416,227.712536,0.000000
568,-57.871764,227.523005,0.000000
569,-57.880972,227.333616,0.000000
570,-57.890039,227.144370,0.000000
571,-57.898968,226.955266,0.000000
572,-57.907758,226.766305,0.000000
573,-57.916410,226.577487,0.000000
574,-57.924926,226.388812,0.000000
575,-57.933305,226.200280,0.000000
576,-57.941550,226.011891,0.000000
577,-57.949659,225.823645,0.000000
578,-57.957635,225.635542,0.000000
579,-57.965477,225.447583,0.000000
580,-57.973187,225.259768,0.000000
581,-57.980766,225.072096,0.000000
582,-57.988213,224.884568,0.000000
583,-57.995530,224.697184,0.000000
584,-58.002717,224.509944,0.000000
585,-58.009776,224.322848,0.000000
586,-58.016706,224.135896,0.000000
587,-58.023509,223.949088,0.000000
588,-58.030185,223.762425,0.000000
589,-58.036734,223.575906,0.000000
590,-58.043159,223.389531,0.000000
591,-58.049459,223.203301,0.000000
592,-58.055634,223.017216,0.000000
593,-58.061687,222.831276,0.000000
594,-58.067616,222.645480,0.000000
595,-58.073424,222.459830,0.000000
596,-58.079110,222.274324,0.000000
597,-58.084676,222.088964,0.000000
598,-58.090121,221.903749,0.000000
599,-58.095447,221.718679,0.000000
600,-58.100655,221.533754,0.000000
601,-58.105744,221.348975,0.000000
602,-58.110716,221.164341,0.000000
603,-58.115571,220.979853,0.000000
604,-58.120311,220.795510,0.000000
605,-58.124934,220.611314,0.000000
606,-58.129443,220.427263,0.000000
607,-58.133838,220.243358,0.000000
608,-58.138119,220.059598,0.000000
609,-58.142287,219.875985,0.000000
610,-58.146343,219.692518,0.000000
611,-58.150288,219.509197,0.000000
612,-58.154121,219.326022,0.000000
613,-58.157844,219.142994,0.000000
614,-58.161457,218.960112,0.000000
615,-58.164961,218.777376,0.000000
616,-58.168356,218.594786,0.000000
617,-58.171643,218.412344,0.000000
618,-58.174823,218.230047,0.000000
619,-58.177896,218.047897,0.000000
620,-58.180863,217.865894,0.000000
621,-58.183724,217.684038,0.000000
622,-58.186480,217.502329,0.000000
623,-58.189132,217.320766,0.000000
624,-58.191680,217.139350,0.000000
625,-58.194125,216.958081,0.000000
626,-58.196467,216.776959,0.000000
627,-58.198707,216.595984,0.000000
628,-58.200846,216.415156,0.000000
629,-58.202884,216.234476,0.000000
630,-58.204821,216.053942,0.000000
631,-58.206658,215.873556,0.000000
632,-58.208397,215.693317,0.000000
633,-58.210036,215.513225,0.000000
634,-58.211578,215.333281,0.000000
635,-58.213022,215.153484,0.000000
636,-58.214369,214.973834,0.000000
637,-58.215619,214.794332,0.000000
638,-58.216774,214.614977,0.000000
639,-58.217833,214.435770,0.000000
640,-58.218798,214.256711,0.000000
641,-58.219668,214.077799,0.000000
642,-58.220444,213.899035,0.000000
643,-58.221127,213.720418,0.000000
644,-58.221718,213.541949,0.000000
645,-58.222216,213.363628,0.000000
646,-58.222623,213.185455,0.000000
647,-58.222939,213.007429,0.000000
648,-58.223164,212.829551,0.000000
649,-58.223299,212.651822,0.000000
650,-58.223345,212.474240,0.000000
651,-58.223301,212.296806,0.000000
652,-58.223170,212.119519,0.000000
653,-58.222950,211.942381,0.000000
654,-58.222642,211.765391,0.000000
655,-58.222248,211.588549,0.000000
656,-58.221767,211.411855,0.000000
657,-58.221200,211.235308,0.000000
658,-58.220548,211.058910,0.000000
659,-58.219810,210.882660,0.000000
660,-58.218989,210.706559,0.000000
661,-58.218083,210.530605,0.000000
662,-58.217093,210.354799,0.000000
663,-58.216021,210.179142,0.000000
664,-58.214866,210.003632,0.000000
665,-58.213629,209.828271,0.000000
666,-58.212310,209.653058,0.000000
667,-58.210911,209.477994,0.000000
668,-58.209430,209.303077,0.000000
669,-58.207870,209.128309,0.000000
670,-58.206229,208.953689,0.000000
671,-58.204510,208.779217,0.000000
672,-58.202711,208.604894,0.000000
673,-58.200835,208.430718,0.000000
674,-58.198880,208.256691,0.000000
675,-58.196848,208.082813,0.000000
676,-58.194740,207.909082,0.000000
677,-58.192554,207.735500,0.000000
678,-58.190293,207.562066,0.000000
679,-58.187956,207.388781,0.000000
680,-58.185544,207.215644,0.000000
681,-58.183057,207.042655,0.000000
682,-58.180496,206.869814,0.000000
683,-58.177861,206.697122,0.000000
684,-58.175153,206.524578,0.000000
685,-58.172371,206.352182,0.000000
686,-58.169517,206.179935,0.000000
687,-58.166592,206.007835,0.000000
688,-58.163594,205.835885,0.000000
689,-58.160525,205.664082,0.000000
690,-58.157385,205.492428,0.000000
691,-58.154175,205.320922,0.000000
692,-58.150895,205.149564,0.000000
693,-58.147546,204.978355,0.000000
694,-58.144127,204.807294,0.000000
695,-58.140640,204.636381,0.000000
696,-58.137084,204.465616,0.000000
697,-58.133460,204.294999,0.000000
698,-58.129769,204.124531,0.000000
699,-58.126011,203.954211,0.000000
700,-58.122186,203.784039,0.000000
701,-58.118295,203.614016,0.000000
702,-58.114338,203.444140,0.000000
703,-58.110315,203.274413,0.000000
704,-58.106227,203.104834,0.000000
705,-58.102075,202.935403,0.000000
706,-58.097858,202.766120,0.000000
707,-58.093578,202.596985,0.000000
708,-58.089233,202.427998,0.000000
709,-58.084826,202.259159,0.000000
710,-58.080356,202.090469,0.000000
711,-58.075824,201.921926,0.000000
712,-58.071229,201.753531,0.000000
713,-58.066573,201.585285,0.000000
714,-58.061855,201.417186,0.000000
715,-58.057077,201.249235,0.000000
716,-58.052238,201.081433,0.000000
717,-58.047340,200.913778,0.000000
718,-58.042381,200.746271,0.000000
719,-58.037363,200.578912,0.000000
720,-58.032286,200.411700,0.000000
721,-58.027150,200.244637,0.000000
722,-58.021956,200.077721,0.000000
723,-58.016704,199.910953,0.000000
724,-58.011394,199.744333,0.000000
725,-58.006027,199.577860,0.000000
726,-58.000603,199.411535,0.000000
727,-57.995123,199.245358,0.000000
728,-57.989586,199.079328,0.000000
729,-57.983994,198.913446,0.000000
730,-57.978346,198.747712,0.000000
731,-57.972643,198.582125,0.000000
732,-57.966885,198.416685,0.000000
733,-57.961073,198.251393,0.000000
734,-57.955206,198.086249,0.000000
735,-57.949286,197.921251,0.000000
736,-57.943312,197.756401,0.000000
737,-57.937285,197.591699,0.000000
738,-57.931206,197.427144,0.000000
739,-57.925074,197.262736,0.000000
740,-57.918890,197.098475,0.000000
741,-57.912654,196.934362,0.000000
742,-57.906366,196.770395,0.000000
743,-57.900027,196.606576,0.000000
744,-57.893638,196.442904,0.000000
745,-57.887198,196.279379,0.000000
746,-57.880708,196.116001,0.000000
747,-57.874168,195.952769,0.000000
748,-57.867578,195.789685,0.000000
749,-57.860940,195.626748,0.000000
750,-57.854252,195.463957,0.000000
751,-57.847516,195.301314,0.000000
752,-57.840731,195.138817,0.000000
753,-57.833898,194.976466,0.000000
754,-57.827018,194.814263,0.000000
755,-57.820090,194.652206,0.000000
756,-57.813116,194.490296,0.000000
757,-57.806094,194.328532,0.000000
758,-57.799026,194.166915,0.000000
759,-57.791912,194.005444,0.000000
760,-57.784752,193.844120,0.000000
761,-57.777546,193.682942,0.000000
762,-57.770295,193.521910,0.000000
763,-57.762999,193.361025,0.000000
764,-57.755658,193.200285,0.000000
765,-57.748273,193.039692,0.000000
766,-57.740844,192.879246,0.000000
767,-57.733371,192.718945,0.000000
768,-57.725854,192.558790,0.000000
769,-57.718294,192.398781,0.000000
770,-57.710691,192.238919,0.000000
771,-57.703045,192.079202,0.000000
772,-57.695357,191.919631,0.000000
773,-57.687627,191.760205,0.000000
774,-57.679855,191.600926,0.000000
775,-57.672041,191.441792,0.000000
776,-57.664186,191.282804,0.000000
777,-57.656290,191.123961,0.000000
778,-57.648353,190.965264,0.000000
779,-57.640375,190.806712,0.000000
780,-57.632358,190.648306,0.000000
781,-57.624300,190.490045,0.000000
782,-57.616202,190.331930,0.000000
783,-57.608065,190.173960,0.000000
784,-57.599889,190.016135,0.000000
785,-57.591674,189.858455,0.000000
786,-57.583420,189.700920,0.000000
787,-57.575128,189.543530,0.000000
788,-57.566798,189.386285,0.000000
789,-57.558429,189.229185,0.000000
790,-57.550024,189.072230,0.000000
791,-57.541580,188.915420,0.000000
792,-57.533100,188.758755,0.000000
793,-57.524582,188.602234,0.000000
794,-57.516028,188.445858,0.000000
795,-57.507438,188.289626,0.000000
796,-57.498811,188.133539,0.000000
797,-57.490149,187.977596,0.000000
798,-57.481450,187.821798,0.000000
799,-57.472717,187.666144,0.000000
800,-57.463948,187.510635,0.000000
801,-57.455144,187.355269,0.000000
802,-57.446305,187.200048,0.000000
803,-57.437432,187.044971,0.000000
804,-57.428525,186.890038,0.000000
805,-57.419584,186.735248,0.000000
806,-57.410609,186.580603,0.000000
807,-57.401600,186.426102,0.000000
808,-57.392558,186.271744,0.000000
809,-57.383483,186.117530,0.000000
810,-57.374375,185.963459,0.000000
811,-57.365235,185.809533,0.000000
812,-57.356062,185.655749,0.000000
813,-57.346857,185.502109,0.000000
814,-57.337620,185.348613,0.000000
815,-57.328351,185.195260,0.000000
816,-57.319051,185.042050,0.000000
817,-57.309719,184.888983,0.000000
818,-57.300357,184.736059,0.000000
819,-57.290963,184.583279,0.000000
820,-57.281539,184.430641,0.000000
821,-57.272084,184.278146,0.000000
822,-57.262600,184.125794,0.000000
823,-57.253085,183.973585,0.000000
824,-57.243540,183.821519,0.000000
825,-57.233966,183.669595,0.000000
826,-57.224363,183.517814,0.000000
827,-57.214730,183.366175,0.000000
828,-57.205068,183.214679,0.000000
829,-57.195378,183.063325,0.000000
830,-57.185659,182.912113,0.000000
831,-57.175912,182.761043,0.000000
832,-57.166136,182.610116,0.000000
833,-57.156333,182.459331,0.000000
834,-57.146502,182.308687,0.000000
835,-57.136643,182.158186,0.000000
836,-57.126757,182.007826,0.000000
837,-57.116844,181.857609,0.000000
838,-57.106904,181.707533,0.000000
839,-57.096937,181.557598,0.000000
840,-57.086944,181.407805,0.000000
841,-57.076924,181.258154,0.000000
842,-57.066878,181.108644,0.000000
843,-57.056806,180.959275,0.000000
844,-57.046708,180.810048,0.000000
845,-57.036585,180.660962,0.000000
846,-57.026436,180.512017,0.000000
847,-57.016262,180.363213,0.000000
848,-57.006063,180.214550,0.000000
849,-56.995839,180.066027,0.000000
850,-56.985591,179.917646,0.000000
851,-56.975318,179.769405,0.000000
852,-56.965020,179.621305,0.000000
853,-56.954699,179.473346,0.000000
854,-56.944353,179.325527,0.000000
855,-56.933984,179.177848,0.000000
856,-56.923591,179.030310,0.000000
857,-56.913174,178.882912,0.000000
858,-56.902735,178.735655,0.000000
859,-56.892272,178.588537,0.000000
860,-56.881787,178.441559,0.000000
861,-56.871278,178.294722,0.000000
862,-56.860747,178.148024,0.000000
863,-56.850194,178.001466,0.000000
864,-56.839618,177.855048,0.000000
865,-56.829021,177.708769,0.000000
866,-56.818401,177.562630,0.000000
867,-56.807760,177.416631,0.000000
868,-56.797097,177.270771,0.000000
869,-56.786413,177.125050,0.000000
870,-56.775708,176.979469,0.000000
871,-56.764981,176.834026,0.000000
872,-56.754234,176.688723,0.000000
873,-56.743466,176.543559,0.000000
874,-56.732677,176.398533,0.000000
875,-56.721868,176.253647,0.000000
876,-56.711038,176.108899,0.000000
877,-56.700189,175.964290,0.000000
878,-56.689319,175.819819,0.000000
879,-56.678430,175.675487,0.000000
880,-56.667521,175.531293,0.000000
881,-56.656592,175.387238,0.000000
882,-56.645644,175.243321,0.000000
883,-56.634677,175.099542,0.000000
884,-56.623691,174.955902,0.000000
885,-56.612686,174.812399,0.000000
886,-56.601662,174.669034,0.000000
887,-56.590620,174.525807,0.000000
888,-56.579559,174.382718,0.000000
889,-56.568480,174.239767,0.000000
890,-56.557382,174.096953,0.000000
891,-56.546267,173.954276,0.000000
892,-56.535134,173.811737,0.000000
893,-56.523983,173.669336,0.000000
894,-56.512814,173.527071,0.000000
895,-56.501628,173.384944,0.000000
896,-56.490424,173.242954,0.000000
897,-56.479204,173.101101,0.000000
898,-56.467966,172.959384,0.000000
899,-56.456712,172.817805,0.000000
900,-56.445440,172.676362,0.000000
901,-56.434152,172.535056,0.000000
902,-56.422848,172.393887,0.000000
903,-56.411528,172.252854,0.000000
904,-56.400191,172.111957,0.000000
905,-56.388838,171.971197,0.000000
906,-56.377469,171.830573,0.000000
907,-56.366085,171.690085,0.000000
908,-56.354685,171.549733,0.000000
909,-56.343269,171.409517,0.000000
910,-56.331838,171.269437,0.000000
911,-56.320391,171.129493,0.000000
912,-56.308930,170.989684,0.000000
913,-56.297453,170.850012,0.000000
914,-56.285962,170.710474,0.000000
915,-56.274456,170.571072,0.000000
916,-56.262935,170.431805,0.000000
917,-56.251400,170.292674,0.000000
918,-56.239850,170.153678,0.000000
919,-56.228286,170.014817,0.000000
920,-56.216707,169.876091,0.000000
921,-56.205115,169.737499,0.000000
922,-56.193509,169.599043,0.000000
923,-56.181889,169.460721,0.000000
924,-56.170255,169.322534,0.000000
925,-56.158608,169.184482,0.000000
926,-56.146947,169.046564,0.000000
927,-56.135273,168.908780,0.000000
928,-56.123586,168.771131,0.000000
929,-56.111885,168.633615,0.000000
930,-56.100172,168.496234,0.000000
931,-56.088446,168.358987,0.000000
932,-56.076706,168.221874,0.000000
933,-56.064955,168.084894,0.000000
934,-56.053190,167.948049,0.000000
935,-56.041414,167.811337,0.000000
936,-56.029625,167.674758,0.000000
937,-56.017823,167.538313,0.000000
938,-56.006010,167.402002,0.000000
939,-55.994184,167.265823,0.000000
940,-55.982347,167.129778,0.000000
941,-55.970498,166.993866,0.000000
942,-55.958637,166.858087,0.000000
943,-55.946764,166.722441,0.000000
944,-55.934880,166.586928,0.000000
945,-55.922985,166.451547,0.000000
946,-55.911078,166.316299,0.000000
947,-55.899160,166.181184,0.000000
948,-55.887231,166.046201,0.000000
949,-55.875291,165.911350,0.000000
950,-55.863341,165.776632,0.000000
951,-55.851379,165.642046,0.000000
952,-55.839407,165.507592,0.000000
953,-55.827424,165.373270,0.000000
954,-55.815431,165.239080,0.000000
955,-55.803427,165.105022,0.000000
956,-55.791413,164.971095,0.000000
957,-55.779389,164.837300,0.000000
958,-55.767354,164.703637,0.000000
959,-55.755310,164.570105,0.000000
960,-55.743256,164.436704,0.000000
961,-55.731192,164.303435,0.000000
962,-55.719118,164.170297,0.000000
963,-55.707035,164.037290,0.000000
964,-55.694942,163.904414,0.000000
965,-55.682839,163.771668,0.000000
966,-55.670727,163.639054,0.000000
967,-55.658606,163.506570,0.000000
968,-55.646476,163.374217,0.000000
969,-55.634336,163.241995,0.000000
970,-55.622188,163.109902,0.000000
971,-55.610031,162.977940,0.000000
972,-55.597864,162.846109,0.000000
973,-55.585689,162.714407,0.000000
974,-55.573506,162.582836,0.000000
975,-55.561313,162.451394,0.000000
976,-55.549113,162.320083,0.000000
977,-55.536903,162.188901,0.000000
978,-55.524686,162.057848,0.000000
979,-55.512460,161.926926,0.000000
980,-55.500226,161.796133,0.000000
981,-55.487984,161.665469,0.000000
982,-55.475733,161.534934,0.000000
983,-55.463475,161.404529,0.000000
984,-55.451209,161.274253,0.000000
985,-55.438935,161.144106,0.000000
986,-55.426654,161.014087,0.000000
987,-55.414365,160.884198,0.000000
988,-55.402068,160.754437,0.000000
989,-55.389764,160.624805,0.000000
990,-55.377452,160.495301,0.000000
991,-55.365133,160.365926,0.000000
992,-55.352806,160.236679,0.000000
993,-55.340473,160.107561,0.000000
994,-55.328132,159.978570,0.000000
995,-55.315784,159.849708,0.000000
996,-55.303430,159.720974,0.000000
997,-55.291068,159.592367,0.000000
998,-55.278700,159.463888,0.000000
999,-55.266324,159.335537,0.000000
1000,-55.253942,159.207314,0.000000
1001,-55.241554,159.079218,0.000000
1002,-55.229158,158.951249,0.000000
1003,-55.216756,158.823408,0.000000
1004,-55.204348,158.695694,0.000000
1005,-55.191934,158.568107,0.000000
1006,-55.179513,158.440647,0.000000
1007,-55.167086,158.313314,0.000000
1008,-55.154652,158.186108,0.000000
1009,-55.142213,158.059028,0.000000
1010,-55.129767,157.932075,0.000000
1011,-55.117315,157.805249,0.000000
1012,-55.104858,157.678549,0.000000
1013,-55.092394,157.551976,0.000000
1014,-55.079925,157.425528,0.000000
1015,-55.067450,157.299207,0.000000
1016,-55.054969,157.173012,0.000000
1017,-55.042483,157.046943,0.000000
1018,-55.029991,156.921000,0.000000
1019,-55.017493,156.795182,0.000000
1020,-55.004990,156.669491,0.000000
1021,-54.992482,156.543924,0.000000
1022,-54.979968,156.418484,0.000000
1023,-54.967448,156.293168,0.000000
1024,-54.954924,156.167978,0.000000
1025,-54.942394,156.042913,0.000000
1026,-54.929859,155.917974,0.000000
1027,-54.917319,155.793159,0.000000
1028,-54.904774,155.668469,0.000000
1029,-54.892224,155.543904,0.000000
1030,-54.879669,155.419464,0.000000
1031,-54.867109,155.295148,0.000000
1032,-54.854545,155.170957,0.000000
1033,-54.841975,155.046890,0.000000
1034,-54.829401,154.922948,0.000000
1035,-54.816822,154.799130,0.000000
1036,-54.804238,154.675436,0.000000
1037,-54.791650,154.551866,0.000000
1038,-54.779057,154.428420,0.000000
1039,-54.766459,154.305098,0.000000
1040,-54.753857,154.181900,0.000000
1041,-54.741251,154.058825,0.000000
1042,-54.728640,153.935874,0.000000
1043,-54.716025,153.813046,0.000000
1044,-54.703405,153.690342,0.000000
1045,-54.690782,153.567761,0.000000
1046,-54.678154,153.445303,0.000000
1047,-54.665521,153.322969,0.000000
1048,-54.652885,153.200757,0.000000
1049,-54.640244,153.078668,0.000000
1050,-54.627600,152.956702,0.000000
1051,-54.614951,152.834859,0.000000
1052,-54.602298,152.713138,0.000000
1053,-54.589642,152.591540,0.000000
1054,-54.576981,152.470065,0.000000
1055,-54.564317,152.348711,0.000000
1056,-54.551648,152.227480,0.000000
1057,-54.538976,152.106371,0.000000
1058,-54.526300,151.985384,0.000000
1059,-54.513620,151.864519,0.000000
1060,-54.500937,151.743776,0.000000
1061,-54.488250,151.623155,0.000000
1062,-54.475559,151.502655,0.000000
1063,-54.462864,151.382277,0.000000
1064,-54.450166,151.262020,0.000000
1065,-54.437465,151.141885,0.000000
1066,-54.424760,151.021871,0.000000
1067,-54.412052,150.901978,0.000000
1068,-54.399341,150.782207,0.000000
1069,-54.386626,150.662556,0.000000
1070,-54.373908,150.543026,0.000000
1071,-54.361187,150.423617,0.000000
1072,-54.348462,150.304329,0.000000
1073,-54.335735,150.185161,0.000000
1074,-54.323004,150.066114,0.000000
1075,-54.310270,149.947187,0.000000
1076,-54.297533,149.828381,0.000000
1077,-54.284793,149.709694,0.000000
1078,-54.272050,149.591128,0.000000
1079,-54.259304,149.472682,0.000000
1080,-54.246555,149.354356,0.000000
1081,-54.233803,149.236150,0.000000
1082,-54.221047,149.118064,0.000000
1083,-54.208289,149.000097,0.000000
1084,-54.195528,148.882250,0.000000
1085,-54.182764,148.764522,0.000000
1086,-54.169997,148.646914,0.000000
1087,-54.157228,148.529425,0.000000
1088,-54.144455,148.412055,0.000000
1089,-54.131680,148.294804,0.000000
1090,-54.118902,148.177672,0.000000
1091,-54.106121,148.060659,0.000000
1092,-54.093337,147.943765,0.000000
1093,-54.080550,147.826990,0.000000
1094,-54.067761,147.710333,0.000000
1095,-54.054969,147.593795,0.000000
1096,-54.042174,147.477375,0.000000
1097,-54.029377,147.361074,0.000000
1098,-54.016577,147.244890,0.000000
1099,-54.003774,147.128825,0.000000
1100,-53.990969,147.012879,0.000000
1101,-53.978161,146.897050,0.000000
1102,-53.965350,146.781338,0.000000
1103,-53.952537,146.665745,0.000000
1104,-53.939721,146.550269,0.000000
1105,-53.926902,146.434911,0.000000
1106,-53.914081,146.319671,0.000000
1107,-53.901257,146.204548,0.000000
1108,-53.888431,146.089542,0.000000
1109,-53.875603,145.974653,0.000000
1110,-53.862771,145.859881,0.000000
1111,-53.849938,145.745227,0.000000
1112,-53.837102,145.630689,0.000000
1113,-53.824263,145.516269,0.000000
1114,-53.811422,145.401965,0.000000
1115,-53.798578,145.287777,0.000000
1116,-53.785732,145.173707,0.000000
1117,-53.772884,145.059752,0.000000
1118,-53.760033,144.945914,0.000000
1119,-53.747180,144.832193,0.000000
1120,-53.734324,144.718587,0.000000
1121,-53.721466,144.605098,0.000000
1122,-53.708605,144.491725,0.000000
1123,-53.695742,144.378467,0.000000
1124,-53.682877,144.265326,0.000000
1125,-53.670009,144.152300,0.000000
1126,-53.657139,144.039389,0.000000
1127,-53.644266,143.926595,0.000000
1128,-53.631391,143.813915,0.000000
1129,-53.618514,143.701352,0.000000
1130,-53.605634,143.588903,0.000000
1131,-53.592752,143.476569,0.000000
1132,-53.579868,143.364351,0.000000
1133,-53.566981,143.252248,0.000000
1134,-53.554092,143.140259,0.000000
1135,-53.541200,143.028386,0.000000
1136,-53.528306,142.916627,0.000000
1137,-53.515410,142.804982,0.000000
1138,-53.502511,142.693452,0.000000
1139,-53.489610,142.582037,0.000000
1140,-53.476706,142.470736,0.000000
1141,-53.463800,142.359549,0.000000
1142,-53.450892,142.248477,0.000000
1143,-53.437981,142.137518,0.000000
1144,-53.425068,142.026673,0.000000
1145,-53.412152,141.915943,0.000000
1146,-53.399234,141.805326,0.000000
1147,-53.386314,141.694823,0.000000
1148,-53.373391,141.584433,0.000000
1149,-53.360466,141.474157,0.000000
1150,-53.347538,141.363995,0.000000
1151,-53.334607,141.253946,0.000000
1152,-53.321674,141.144010,0.000000
1153,-53.308739,141.034187,0.000000
1154,-53.295801,140.924477,0.000000
1155,-53.282861,140.814880,0.000000
1156,-53.269917,140.705397,0.000000
1157,-53.256972,140.596026,0.000000
1158,-53.244024,140.486767,0.000000
1159,-53.231073,140.377622,0.000000
1160,-53.218120,140.268588,0.000000
1161,-53.205164,140.159668,0.000000
1162,-53.192205,140.050859,0.000000
1163,-53.179244,139.942163,0.000000
1164,-53.166280,139.833580,0.000000
1165,-53.153313,139.725108,0.000000
1166,-53.140343,139.616748,0.000000
1167,-53.127371,139.508500,0.000000
1168,-53.114396,139.400364,0.000000
1169,-53.101419,139.292340,0.000000
1170,-53.088438,139.184427,0.000000
1171,-53.075454,139.076626,0.000000
1172,-53.062468,138.968937,0.000000
1173,-53.049479,138.861358,0.000000
1174,-53.036487,138.753891,0.000000
1175,-53.023492,138.646536,0.000000
1176,-53.010494,138.539291,0.000000
1177,-52.997493,138.432158,0.000000
1178,-52.984488,138.325135,0.000000
1179,-52.971481,138.218223,0.000000
1180,-52.958471,138.111422,0.000000
1181,-52.945457,138.004732,0.000000
1182,-52.932441,137.898152,0.000000
1183,-52.919421,137.791683,0.000000
1184,-52.906398,137.685324,0.000000
1185,-52.893372,137.579076,0.000000
1186,-52.880342,137.472938,0.000000
1187,-52.867310,137.366910,0.000000
1188,-52.854273,137.260992,0.000000
1189,-52.841234,137.155184,0.000000
1190,-52.828191,137.049486,0.000000
1191,-52.815144,136.943898,0.000000
1192,-52.802094,136.838419,0.000000
1193,-52.789040,136.733050,0.000000
1194,-52.775983,136.627791,0.000000
1195,-52.762922,136.522641,0.000000
1196,-52.749858,136.417601,0.000000
1197,-52.736789,136.312670,0.000000
1198,-52.723717,136.207848,0.000000
1199,-52.710641,136.103135,0.000000
1200,-52.697561,135.998532,0.000000
1201,-52.684478,135.894037,0.000000
1202,-52.671390,135.789651,0.000000
1203,-52.658298,135.685374,0.000000
1204,-52.645202,135.581206,0.000000
1205,-52.632102,135.477146,0.000000
1206,-52.618998,135.373195,0.000000
1207,-52.605889,135.269352,0.000000
1208,-52.592776,135.165618,0.000000
1209,-52.579659,135.061992,0.000000
1210,-52.566538,134.958474,0.000000
1211,-52.553412,134.855065,0.000000
1212,-52.540281,134.751763,0.000000
1213,-52.527146,134.648570,0.000000
1214,-52.514006,134.545484,0.000000
1215,-52.500862,134.442506,0.000000
1216,-52.487712,134.339636,0.000000
1217,-52.474557,134.236873,0.000000
1218,-52.461398,134.134218,0.000000
1219,-52.448235,134.031671,0.000000
1220,-52.435067,133.929231,0.000000
1221,-52.421894,133.826898,0.000000
1222,-52.408717,133.724672,0.000000
1223,-52.395535,133.622554,0.000000
1224,-52.382348,133.520543,0.000000
1225,-52.369156,133.418638,0.000000
1226,-52.355959,133.316841,0.000000
1227,-52.342758,133.215150,0.000000
1228,-52.329551,133.113566,0.000000
1229,-52.316339,133.012089,0.000000
1230,-52.303121,132.910718,0.000000
1231,-52.289899,132.809454,0.000000
1232,-52.276671,132.708297,0.000000
1233,-52.263438,132.607245,0.000000
1234,-52.250199,132.506300,0.000000
1235,-52.236954,132.405461,0.000000
1236,-52.223704,132.304728,0.000000
1237,-52.210448,132.204102,0.000000
1238,-52.197186,132.103581,0.000000
1239,-52.183918,132.003166,0.000000
1240,-52.170644,131.902857,0.000000
1241,-52.157364,131.802653,0.000000
1242,-52.144077,131.702556,0.000000
1243,-52.130785,131.602563,0.000000
1244,-52.117486,131.502677,0.000000
1245,-52.104181,131.402895,0.000000
1246,-52.090869,131.303219,0.000000
1247,-52.077551,131.203648,0.000000
1248,-52.064226,131.104183,0.000000
1249,-52.050894,131.004822,0.000000
1250,-52.037555,130.905567,0.000000
1251,-52.024210,130.806416,0.000000
1252,-52.010857,130.707371,0.000000
1253,-51.997497,130.608430,0.000000
1254,-51.984130,130.509593,0.000000
1255,-51.970755,130.410862,0.000000
1256,-51.957373,130.312235,0.000000
1257,-51.943983,130.213712,0.000000
1258,-51.930586,130.115294,0.000000
1259,-51.917181,130.016981,0.000000
1260,-51.903768,129.918771,0.000000
1261,-51.890348,129.820666,0.000000
1262,-51.876920,129.722665,0.000000
1263,-51.863483,129.624768,0.000000
1264,-51.850039,129.526975,0.000000
1265,-51.836586,129.429286,0.000000
1266,-51.823125,129.331700,0.000000
1267,-51.809655,129.234219,0.000000
1268,-51.796177,129.136841,0.000000
1269,-51.782691,129.039566,0.000000
1270,-51.769196,128.942396,0.000000
1271,-51.755691,128.845328,0.000000
1272,-51.742178,128.748364,0.000000
1273,-51.728656,128.651504,0.000000
1274,-51.715125,128.554746,0.000000
1275,-51.701584,128.458092,0.000000
1276,-51.688034,128.361541,0.000000
1277,-51.674474,128.265093,0.000000
1278,-51.660905,128.168748,0.000000
1279,-51.647326,128.072506,0.000000
1280,-51.633737,127.976367,0.000000
1281,-51.620138,127.880330,0.000000
1282,-51.606530,127.784396,0.000000
1283,-51.592910,127.688565,0.000000
1284,-51.579281,127.592837,0.000000
1285,-51.565641,127.497210,0.000000
1286,-51.551990,127.401687,0.000000
1287,-51.538329,127.306265,0.000000
1288,-51.524657,127.210946,0.000000
1289,-51.510974,127.115729,0.000000
1290,-51.497280,127.020615,0.000000
1291,-51.483575,126.925602,0.000000
1292,-51.469858,126.830691,0.000000
1293,-51.456130,126.735883,0.000000
1294,-51.442390,126.641176,0.000000
1295,-51.428638,126.546571,0.000000
1296,-51.414874,126.452068,0.000000
1297,-51.401098,126.357666,0.000000
1298,-51.387309,126.263366,0.000000
1299,-51.373508,126.169168,0.000000
1300,-51.359695,126.075071,0.000000
1301,-51.345869,125.981076,0.000000
1302,-51.332030,125.887182,0.000000
1303,-51.318177,125.793389,0.000000
1304,-51.304312,125.699698,0.000000
1305,-51.290433,125.606108,0.000000
1306,-51.276541,125.512618,0.000000
1307,-51.262635,125.419230,0.000000
1308,-51.248716,125.325943,0.000000
1309,-51.234782,125.232757,0.000000
1310,-51.220833,125.139672,0.000000
1311,-51.206870,125.046687,0.000000
1312,-51.192893,124.953804,0.000000
1313,-51.178901,124.861021,0.000000
1314,-51.164894,124.768338,0.000000
1315,-51.150871,124.675757,0.000000
1316,-51.136834,124.583275,0.000000
1317,-51.122780,124.490895,0.000000
1318,-51.108711,124.398614,0.000000
1319,-51.094626,124.306434,0.000000
1320,-51.080524,124.214355,0.000000
1321,-51.066406,124.122375,0.000000
1322,-51.052272,124.030496,0.000000
1323,-51.038121,123.938717,0.000000
1324,-51.023952,123.847037,0.000000
1325,-51.009766,123.755458,0.000000
1326,-50.995563,123.663979,0.000000
1327,-50.981342,123.572600,0.000000
1328,-50.967103,123.481321,0.000000
1329,-50.952847,123.390141,0.000000
1330,-50.938571,123.299061,0.000000
1331,-50.924277,123.208081,0.000000
1332,-50.909964,123.117200,0.000000
1333,-50.895632,123.026420,0.000000
1334,-50.881280,122.935738,0.000000
1335,-50.866908,122.845156,0.000000
1336,-50.852517,122.754674,0.000000
1337,-50.838106,122.664291,0.000000
1338,-50.823674,122.574007,0.000000
1339,-50.809221,122.483823,0.000000
1340,-50.794747,122.393737,0.000000
1341,-50.780252,122.303751,0.000000
1342,-50.765736,122.213864,0.000000
1343,-50.751197,122.124077,0.000000
1344,-50.736636,122.034388,0.000000
1345,-50.722053,121.944798,0.000000
1346,-50.707447,121.855307,0.000000
1347,-50.692818,121.765916,0.000000
1348,-50.678165,121.676623,0.000000
1349,-50.663489,121.587429,0.000000
1350,-50.648788,121.498333,0.000000
1351,-50.634063,121.409337,0.000000
1352,-50.619314,121.320439,0.000000
1353,-50.604539,121.231640,0.000000
1354,-50.589739,121.142939,0.000000
1355,-50.574913,121.054337,0.000000
1356,-50.560060,120.965834,0.000000
1357,-50.545182,120.877429,0.000000
1358,-50.530276,120.789122,0.000000
1359,-50.515343,120.700914,0.000000
1360,-50.500382,120.612804,0.000000
1361,-50.485393,120.524793,0.000000
1362,-50.470375,120.436880,0.000000
1363,-50.455329,120.349065,0.000000
1364,-50.440256,120.261349,0.000000
1365,-50.425154,120.173731,0.000000
1366,-50.410025,120.086211,0.000000
1367,-50.394866,119.998789,0.000000
1368,-50.379678,119.911465,0.000000
1369,-50.364461,119.824240,0.000000
1370,-50.349212,119.737112,0.000000
1371,-50.333933,119.650082,0.000000
1372,-50.318623,119.563151,0.000000
1373,-50.303281,119.476317,0.000000
1374,-50.287908,119.389581,0.000000
1375,-50.272502,119.302943,0.000000
1376,-50.257062,119.216404,0.000000
1377,-50.241590,119.129961,0.000000
1378,-50.226083,119.043617,0.000000
1379,-50.210542,118.957371,0.000000
1380,-50.194965,118.871222,0.000000
1381,-50.179354,118.785171,0.000000
1382,-50.163706,118.699218,0.000000
1383,-50.148023,118.613362,0.000000
1384,-50.132302,118.527604,0.000000
1385,-50.116543,118.441944,0.000000
1386,-50.100748,118.356382,0.000000
1387,-50.084913,118.270917,0.000000
1388,-50.069039,118.185550,0.000000
1389,-50.053125,118.100280,0.000000
1390,-50.037171,118.015108,0.000000
1391,-50.021176,117.930033,0.000000
1392,-50.005140,117.845056,0.000000
1393,-49.989062,117.760177,0.000000
1394,-49.972940,117.675395,0.000000
1395,-49.956775,117.590711,0.000000
1396,-49.940566,117.506124,0.000000
1397,-49.924312,117.421634,0.000000
1398,-49.908013,117.337243,0.000000
1399,-49.891669,117.252948,0.000000
1400,-49.875279,117.168751,0.000000
1401,-49.858840,117.084652,0.000000
1402,-49.842354,117.000650,0.000000
1403,-49.825821,116.916745,0.000000
1404,-49.809237,116.832938,0.000000
1405,-49.792605,116.749229,0.000000
1406,-49.775922,116.665617,0.000000
1407,-49.759188,116.582102,0.000000
1408,-49.742402,116.498685,0.000000
1409,-49.725563,116.415366,0.000000
1410,-49.708671,116.332144,0.000000
1411,-49.691724,116.249019,0.000000
1412,-49.674722,116.165992,0.000000
1413,-49.657664,116.083063,0.000000
1414,-49.640549,116.000231,0.000000
1415,-49.623377,115.917496,0.000000
1416,-49.606147,115.834859,0.000000
1417,-49.588857,115.752320,0.000000
1418,-49.571506,115.669878,0.000000
1419,-49.554095,115.587534,0.000000
1420,-49.536622,115.505288,0.000000
1421,-49.519085,115.423139,0.000000
1422,-49.501485,115.341088,0.000000
1423,-49.483819,115.259135,0.000000
1424,-49.466088,115.177279,0.000000
1425,-49.448289,115.095521,0.000000
1426,-49.430421,115.013861,0.000000
1427,-49.412485,114.932299,0.000000
1428,-49.394477,114.850834,0.000000
1429,-49.376399,114.769468,0.000000
1430,-49.358246,114.688199,0.000000
1431,-49.340021,114.607029,0.000000
1432,-49.321720,114.525956,0.000000
1433,-49.303342,114.444982,0.000000
1434,-49.284888,114.364105,0.000000
1435,-49.266353,114.283327,0.000000
1436,-49.247739,114.202647,0.000000
1437,-49.229042,114.122065,0.000000
1438,-49.210263,114.041582,0.000000
1439,-49.191398,113.961197,0.000000
1440,-49.172447,113.880910,0.000000
1441,-49.153409,113.800722,0.000000
1442,-49.134281,113.720633,0.000000
1443,-49.115063,113.640642,0.000000
1444,-49.095752,113.560749,0.000000
1445,-49.076348,113.480956,0.000000
1446,-49.056846,113.401261,0.000000
1447,-49.037248,113.321665,0.000000
1448,-49.017550,113.242168,0.000000
1449,-48.997751,113.162771,0.000000
1450,-48.977848,113.083472,0.000000
1451,-48.957839,113.004273,0.000000
1452,-48.937724,112.925173,0.000000
1453,-48.917500,112.846172,0.000000
1454,-48.897163,112.767271,0.000000
1455,-48.876713,112.688470,0.000000
1456,-48.856148,112.609769,0.000000
1457,-48.835464,112.531167,0.000000
1458,-48.814660,112.452665,0.000000
1459,-48.793733,112.374263,0.000000
1460,-48.772681,112.295962,0.000000
1461,-48.751500,112.217761,0.000000
1462,-48.730187,112.139660,0.000000
1463,-48.708743,112.061660,0.000000
1464,-48.687161,111.983761,0.000000
1465,-48.665439,111.905963,0.000000
1466,-48.643575,111.828265,0.000000
1467,-48.621566,111.750669,0.000000
1468,-48.599408,111.673174,0.000000
1469,-48.577098,111.595781,0.000000
1470,-48.554633,111.518489,0.000000
1471,-48.532008,111.441300,0.000000
1472,-48.509221,111.364212,0.000000
1473,-48.486267,111.287226,0.000000
1474,-48.463139,111.210343,0.000000
1475,-48.439844,111.133563,0.000000
1476,-48.416376,111.056885,0.000000
1477,-48.392733,110.980310,0.000000
1478,-48.368909,110.903839,0.000000
1479,-48.344902,110.827471,0.000000
1480,-48.320705,110.751206,0.000000
1481,-48.296314,110.675046,0.000000
1482,-48.271725,110.598989,0.000000
1483,-48.246930,110.523037,0.000000
1484,-48.221927,110.447190,0.000000
1485,-48.196710,110.371448,0.000000
1486,-48.171273,110.295810,0.000000
1487,-48.145611,110.220278,0.000000
1488,-48.119715,110.144852,0.000000
1489,-48.093585,110.069532,0.000000
1490,-48.067210,109.994318,0.000000
1491,-48.040586,109.919211,0.000000
1492,-48.013704,109.844210,0.000000
1493,-47.986559,109.769317,0.000000
1494,-47.959137,109.694532,0.000000
1495,-47.931437,109.619855,0.000000
1496,-47.903453,109.545286,0.000000
1497,-47.875173,109.470825,0.000000
1498,-47.846593,109.396474,0.000000
1499,-47.817704,109.322233,0.000000
1500,-47.788494,109.248102,0.000000
1501,-47.758955,109.174081,0.000000
1502,-47.729079,109.100171,0.000000
1503,-47.698854,109.026372,0.000000
1504,-47.668269,108.952686,0.000000
1505,-47.637315,108.879111,0.000000
1506,-47.605978,108.805650,0.000000
1507,-47.574250,108.732302,0.000000
1508,-47.542114,108.659068,0.000000
1509,-47.509561,108.585948,0.000000
1510,-47.476574,108.512944,0.000000
1511,-47.443137,108.440056,0.000000
1512,-47.409241,108.367284,0.000000
1513,-47.374864,108.294629,0.000000
1514,-47.339992,108.222092,0.000000
1515,-47.304608,108.149674,0.000000
1516,-47.268691,108.077375,0.000000
1517,-47.232221,108.005196,0.000000
1518,-47.195180,107.933138,0.000000
1519,-47.157542,107.861201,0.000000
1520,-47.119285,107.789388,0.000000
1521,-47.080387,107.717698,0.000000
1522,-47.040819,107.646133,0.000000
1523,-47.000553,107.574693,0.000000
1524,-46.959560,107.503380,0.000000
1525,-46.917810,107.432194,0.000000
1526,-46.875265,107.361138,0.000000
1527,-46.831893,107.290211,0.000000
1528,-46.787653,107.219416,0.000000
1529,-46.742507,107.148754,0.000000
1530,-46.696407,107.078226,0.000000
1531,-46.649308,107.007833,0.000000
1532,-46.601154,106.937578,0.000000
1533,-46.551892,106.867461,0.000000
1534,-46.501464,106.797485,0.000000
1535,-46.449802,106.727652,0.000000
1536,-46.396855,106.657962,0.000000
1537,-46.342572,106.588419,0.000000
1538,-46.286873,106.519025,0.000000
1539,-46.229666,106.449781,0.000000
1540,-46.170859,106.380690,0.000000
1541,-46.110347,106.311754,0.000000
1542,-46.048022,106.242977,0.000000
1543,-45.983761,106.174362,0.000000
1544,-45.917422,106.105910,0.000000
1545,-45.848863,106.037626,0.000000
1546,-45.777934,105.969513,0.000000
1547,-45.704448,105.901575,0.000000
1548,-45.628211,105.833817,0.000000
1549,-45.548993,105.766242,0.000000
1550,-45.466558,105.698855,0.000000
1551,-45.380615,105.631661,0.000000
1552,-45.290846,105.564667,0.000000
1553,-45.196884,105.497879,0.000000
1554,-45.098306,105.431302,0.000000
1555,-44.994621,105.364946,0.000000
1556,-44.885252,105.298817,0.000000
1557,-44.769523,105.232926,0.000000
1558,-44.646630,105.167283,0.000000
1559,-44.515597,105.101899,0.000000
1560,-44.375235,105.036788,0.000000
1561,-44.224306,104.971966,0.000000
1562,-44.061101,104.907448,0.000000
1563,-43.883428,104.843257,0.000000
1564,-43.688478,104.779415,0.000000
1565,-43.472698,104.715952,0.000000
1566,-43.231296,104.652901,0.000000
1567,-42.957626,104.590304,0.000000
1568,-42.642085,104.528216,0.000000
1569,-42.270038,104.466706,0.000000
1570,-41.818810,104.405867,0.000000
1571,-41.249054,104.345831,0.000000
1572,-40.485589,104.286794,0.000000
1573,-39.354747,104.229079,0.000000
1574,-37.346577,104.173297,0.000000
1575,-31.805849,104.120908,0.000000
1576,0.000000,104.077798,1.000000
1577,-46.000000,204.087733,0.000000
1578,-45.983140,203.937660,0.000000
1579,-45.965658,203.787740,0.000000
1580,-45.947539,203.637974,0.000000
1581,-45.928750,203.488363,0.000000
1582,-45.909259,203.338908,0.000000
1583,-45.889042,203.189611,0.000000
1584,-45.868066,203.040471,0.000000
1585,-45.846300,202.891490,0.000000
1586,-45.823702,202.742670,0.000000
1587,-45.800241,202.594012,0.000000
1588,-45.775867,202.445517,0.000000
1589,-45.750540,202.297186,0.000000
1590,-45.724218,202.149020,0.000000
1591,-45.696845,202.001022,0.000000
1592,-45.668371,201.853194,0.000000
1593,-45.638729,201.705535,0.000000
1594,-45.607863,201.558050,0.000000
1595,-45.575707,201.410738,0.000000
1596,-45.542186,201.263603,0.000000
1597,-45.507218,201.116646,0.000000
1598,-45.470720,200.969870,0.000000
1599,-45.432589,200.823278,0.000000
1600,-45.392736,200.676871,0.000000
1601,-45.351034,200.530652,0.000000
1602,-45.307365,200.384625,0.000000
1603,-45.261596,200.238792,0.000000
1604,-45.213565,200.093157,0.000000
1605,-45.163113,199.947724,0.000000
1606,-45.110051,199.802495,0.000000
1607,-45.054170,199.657476,0.000000
1608,-44.995230,199.512672,0.000000
1609,-44.932967,199.368086,0.000000
1610,-44.867083,199.223724,0.000000
1611,-44.797228,199.079592,0.000000
1612,-44.723014,198.935697,0.000000
1613,-44.643977,198.792046,0.000000
1614,-44.559579,198.648646,0.000000
1615,-44.469189,198.505506,0.000000
1616,-44.372083,198.362636,0.000000
1617,-44.267562,198.220047,0.000000
1618,-44.154590,198.077751,0.000000
1619,-44.031928,197.935762,0.000000
1620,-43.898055,197.794096,0.000000
1621,-43.751052,197.652771,0.000000
1622,-43.588605,197.511808,0.000000
1623,-43.407701,197.371234,0.000000
1624,-43.204346,197.231079,0.000000
1625,-42.973103,197.091379,0.000000
1626,-42.706359,196.952181,0.000000
1627,-42.392829,196.813544,0.000000
1628,-42.015382,196.675544,0.000000
1629,-41.546803,196.538289,0.000000
1630,-40.937581,196.401929,0.000000
1631,-40.087921,196.266698,0.000000
1632,-38.750195,196.132996,0.000000
1633,-36.067776,196.001635,0.000000
1634,-25.569000,195.874854,0.000000
1635,0.000000,195.765677,1.000000
1636,-46.000000,295.699205,0.000000
1637,-46.028946,295.472789,0.000000
1638,-46.058705,295.246514,0.000000
1639,-46.089278,295.020377,0.000000
1640,-46.120673,294.794378,0.000000
1641,-46.152899,294.568515,0.000000
1642,-46.185960,294.342786,0.000000
1643,-46.219865,294.117191,0.000000
1644,-46.254615,293.891727,0.000000
1645,-46.290220,293.666393,0.000000
1646,-46.326676,293.441187,0.000000
1647,-46.363985,293.216108,0.000000
1648,-46.402150,292.991155,0.000000
1649,-46.441166,292.766325,0.000000
1650,-46.481030,292.541618,0.000000
1651,-46.521740,292.317032,0.000000
1652,-46.563324,292.092565,0.000000
1653,-46.605773,291.868215,0.000000
1654,-46.649082,291.643982,0.000000
1655,-46.693241,291.419864,0.000000
1656,-46.738245,291.195859,0.000000
1657,-46.784081,290.971965,0.000000
1658,-46.830740,290.748182,0.000000
1659,-46.878208,290.524507,0.000000
1660,-46.926475,290.300940,0.000000
1661,-46.975524,290.077478,0.000000
1662,-47.025343,289.854121,0.000000
1663,-47.075920,289.630867,0.000000
1664,-47.127234,289.407715,0.000000
1665,-47.179272,289.184663,0.000000
1666,-47.232016,288.961710,0.000000
1667,-47.285451,288.738856,0.000000
1668,-47.339556,288.516097,0.000000
1669,-47.394311,288.293435,0.000000
1670,-47.449700,288.070866,0.000000
1671,-47.505702,287.848391,0.000000
1672,-47.562299,287.626008,0.000000
1673,-47.619470,287.403716,0.000000
1674,-47.677193,287.181514,0.000000
1675,-47.735451,286.959401,0.000000
1676,-47.794224,286.737375,0.000000
1677,-47.853487,286.515437,0.000000
1678,-47.913222,286.293585,0.000000
1679,-47.973407,286.071819,0.000000
1680,-48.034023,285.850136,0.000000
1681,-48.095053,285.628538,0.000000
1682,-48.156470,285.407022,0.000000
1683,-48.218252,285.185589,0.000000
1684,-48.280378,284.964237,0.000000
1685,-48.342827,284.742967,0.000000
1686,-48.405575,284.521776,0.000000
1687,-48.468600,284.300665,0.000000
1688,-48.531880,284.079634,0.000000
1689,-48.595412,283.858681,0.000000
1690,-48.659173,283.637806,0.000000
1691,-48.723145,283.417010,0.000000
1692,-48.787307,283.196290,0.000000
1693,-48.851638,282.975648,0.000000
1694,-48.916120,282.755082,0.000000
1695,-48.980733,282.534593,0.000000
1696,-49.045461,282.314179,0.000000
1697,-49.110284,282.093842,0.000000
1698,-49.175185,281.873580,0.000000
1699,-49.240151,281.653393,0.000000
1700,-49.305162,281.433282,0.000000
1701,-49.370205,281.213246,0.000000
1702,-49.435264,280.993284,0.000000
1703,-49.500324,280.773398,0.000000
1704,-49.565373,280.553586,0.000000
1705,-49.630396,280.333849,0.000000
1706,-49.695380,280.114187,0.000000
1707,-49.760314,279.894600,0.000000
1708,-49.825185,279.675087,0.000000
1709,-49.889981,279.455649,0.000000
1710,-49.954690,279.236286,0.000000
1711,-50.019304,279.016998,0.000000
1712,-50.083811,278.797785,0.000000
1713,-50.148201,278.578647,0.000000
1714,-50.212463,278.359585,0.000000
1715,-50.276587,278.140598,0.000000
1716,-50.340564,277.921686,0.000000
1717,-50.404385,277.702851,0.000000
1718,-50.468039,277.484091,0.000000
1719,-50.531520,277.265407,0.000000
1720,-50.594824,277.046800,0.000000
1721,-50.657943,276.828270,0.000000
1722,-50.720871,276.609817,0.000000
1723,-50.783599,276.391440,0.000000
1724,-50.846121,276.173142,0.000000
1725,-50.908430,275.954920,0.000000
1726,-50.970519,275.736777,0.000000
1727,-51.032383,275.518712,0.000000
1728,-51.094016,275.300726,0.000000
1729,-51.155413,275.082819,0.000000
1730,-51.216569,274.864991,0.000000
1731,-51.277478,274.647243,0.000000
1732,-51.338137,274.429574,0.000000
1733,-51.398541,274.211986,0.000000
1734,-51.458687,273.994478,0.000000
1735,-51.518569,273.777052,0.000000
1736,-51.578185,273.559707,0.000000
1737,-51.637532,273.342443,0.000000
1738,-51.696605,273.125262,0.000000
1739,-51.755402,272.908163,0.000000
1740,-51.813921,272.691148,0.000000
1741,-51.872159,272.474215,0.000000
1742,-51.930113,272.257366,0.000000
1743,-51.987780,272.040602,0.000000
1744,-52.045159,271.823922,0.000000
1745,-52.102249,271.607327,0.000000
1746,-52.159046,271.390817,0.000000
1747,-52.215548,271.174393,0.000000
1748,-52.271754,270.958055,0.000000
1749,-52.327662,270.741803,0.000000
1750,-52.383271,270.525639,0.000000
1751,-52.438578,270.309562,0.000000
1752,-52.493583,270.093574,0.000000
1753,-52.548285,269.877673,0.000000
1754,-52.602684,269.661861,0.000000
1755,-52.656779,269.446138,0.000000
1756,-52.710569,269.230505,0.000000
1757,-52.764053,269.014962,0.000000
1758,-52.817230,268.799510,0.000000
1759,-52.870100,268.584148,0.000000
1760,-52.922662,268.368878,0.000000
1761,-52.974915,268.153699,0.000000
1762,-53.026859,267.938613,0.000000
1763,-53.078494,267.723620,0.000000
1764,-53.129819,267.508719,0.000000
1765,-53.180834,267.293912,0.000000
1766,-53.231540,267.079199,0.000000
1767,-53.281935,266.864581,0.000000
1768,-53.332021,266.650057,0.000000
1769,-53.381797,266.435629,0.000000
1770,-53.431262,266.221296,0.000000
1771,-53.480419,266.007059,0.000000
1772,-53.529266,265.792920,0.000000
1773,-53.577803,265.578877,0.000000
1774,-53.626032,265.364931,0.000000
1775,-53.673953,265.151084,0.000000
1776,-53.721566,264.937335,0.000000
1777,-53.768871,264.723684,0.000000
1778,-53.815869,264.510133,0.000000
1779,-53.862560,264.296682,0.000000
1780,-53.908946,264.083330,0.000000
1781,-53.955026,263.870079,0.000000
1782,-54.000802,263.656929,0.000000
1783,-54.046273,263.443880,0.000000
1784,-54.091441,263.230933,0.000000
1785,-54.136307,263.018089,0.000000
1786,-54.180870,262.805346,0.000000
1787,-54.225132,262.592707,0.000000
1788,-54.269093,262.380171,0.000000
1789,-54.312754,262.167739,0.000000
1790,-54.356117,261.955412,0.000000
1791,-54.399181,261.743189,0.000000
1792,-54.441947,261.531071,0.000000
1793,-54.484417,261.319058,0.000000
1794,-54.526591,261.107152,0.000000
1795,-54.568471,260.895352,0.000000
1796,-54.610057,260.683658,0.000000
1797,-54.651351,260.472072,0.000000
1798,-54.692353,260.260593,0.000000
1799,-54.733064,260.049222,0.000000
1800,-54.773485,259.837959,0.000000
1801,-54.813618,259.626805,0.000000
1802,-54.853463,259.415760,0.000000
1803,-54.893020,259.204824,0.000000
1804,-54.932292,258.993998,0.000000
1805,-54.971279,258.783283,0.000000
1806,-55.009982,258.572678,0.000000
1807,-55.048402,258.362184,0.000000
1808,-55.086541,258.151802,0.000000
1809,-55.124398,257.941531,0.000000
1810,-55.161976,257.731373,0.000000
1811,-55.199275,257.521326,0.000000
1812,-55.236297,257.311393,0.000000
1813,-55.273042,257.101573,0.000000
1814,-55.309512,256.891867,0.000000
1815,-55.345707,256.682275,0.000000
1816,-55.381630,256.472797,0.000000
1817,-55.417280,256.263433,0.000000
1818,-55.452659,256.054185,0.000000
1819,-55.487768,255.845052,0.000000
1820,-55.522609,255.636035,0.000000
1821,-55.557182,255.427134,0.000000
1822,-55.591488,255.218349,0.000000
1823,-55.625529,255.009682,0.000000
1824,-55.659306,254.801131,0.000000
1825,-55.692820,254.592698,0.000000
1826,-55.726071,254.384383,0.000000
1827,-55.759062,254.176185,0.000000
1828,-55.791793,253.968107,0.000000
1829,-55.824266,253.760147,0.000000
1830,-55.856481,253.552307,0.000000
1831,-55.888440,253.344586,0.000000
1832,-55.920143,253.136984,0.000000
1833,-55.951593,252.929503,0.000000
1834,-55.982789,252.722143,0.000000
1835,-56.013734,252.514903,0.000000
1836,-56.044428,252.307785,0.000000
1837,-56.074873,252.100787,0.000000
1838,-56.105069,251.893912,0.000000
1839,-56.135019,251.687159,0.000000
1840,-56.164722,251.480528,0.000000
1841,-56.194180,251.274019,0.000000
1842,-56.223394,251.067634,0.000000
1843,-56.252366,250.861372,0.000000
1844,-56.281095,250.655234,0.000000
1845,-56.309585,250.449219,0.000000
1846,-56.337835,250.243329,0.000000
1847,-56.365847,250.037563,0.000000
1848,-56.393622,249.831922,0.000000
1849,-56.421160,249.626406,0.000000
1850,-56.448464,249.421015,0.000000
1851,-56.475534,249.215751,0.000000
1852,-56.502371,249.010612,0.000000
1853,-56.528977,248.805599,0.000000
1854,-56.555353,248.600713,0.000000
1855,-56.581499,248.395953,0.000000
1856,-56.607417,248.191321,0.000000
1857,-56.633108,247.986815,0.000000
1858,-56.658573,247.782438,0.000000
1859,-56.683813,247.578188,0.000000
1860,-56.708829,247.374067,0.000000
1861,-56.733623,247.170074,0.000000
1862,-56.758195,246.966209,0.000000
1863,-56.782546,246.762474,0.000000
1864,-56.806678,246.558868,0.000000
1865,-56.830592,246.355391,0.000000
1866,-56.854288,246.152044,0.000000
1867,-56.877768,245.948827,0.000000
1868,-56.901033,245.745740,0.000000
1869,-56.924083,245.542783,0.000000
1870,-56.946921,245.339957,0.000000
1871,-56.969546,245.137263,0.000000
1872,-56.991961,244.934699,0.000000
1873,-57.014165,244.732267,0.000000
1874,-57.036161,244.529966,0.000000
1875,-57.057949,244.327798,0.000000
1876,-57.079530,244.125761,0.000000
1877,-57.100905,243.923857,0.000000
1878,-57.122075,243.722086,0.000000
1879,-57.143042,243.520447,0.000000
1880,-57.163806,243.318942,0.000000
1881,-57.184369,243.117570,0.000000
1882,-57.204730,242.916331,0.000000
1883,-57.224892,242.715227,0.000000
1884,-57.244856,242.514256,0.000000
1885,-57.264622,242.313419,0.000000
1886,-57.284191,242.112717,0.000000
1887,-57.303564,241.912149,0.000000
1888,-57.322743,241.711717,0.000000
1889,-57.341728,241.511419,0.000000
1890,-57.360521,241.311257,0.000000
1891,-57.379122,241.111230,0.000000
1892,-57.397532,240.911339,0.000000
1893,-57.415753,240.711583,0.000000
1894,-57.433785,240.511964,0.000000
1895,-57.451629,240.312481,0.000000
1896,-57.469286,240.113135,0.000000
1897,-57.486757,239.913925,0.000000
1898,-57.504044,239.714852,0.000000
1899,-57.521146,239.515916,0.000000
1900,-57.538066,239.317118,0.000000
1901,-57.554803,239.118457,0.000000
1902,-57.571360,238.919934,0.000000
1903,-57.587736,238.721548,0.000000
1904,-57.603933,238.523301,0.000000
1905,-57.619952,238.325191,0.000000
1906,-57.635793,238.127220,0.000000
1907,-57.651458,237.929388,0.000000
1908,-57.666947,237.731694,0.000000
1909,-57.682262,237.534140,0.000000
1910,-57.697403,237.336724,0.000000
1911,-57.712371,237.139448,0.000000
1912,-57.727168,236.942311,0.000000
1913,-57.741793,236.745314,0.000000
1914,-57.756248,236.548457,0.000000
1915,-57.770534,236.351739,0.000000
1916,-57.784652,236.155162,0.000000
1917,-57.798602,235.958725,0.000000
1918,-57.812386,235.762428,0.000000
1919,-57.826004,235.566272,0.000000
1920,-57.839457,235.370257,0.000000
1921,-57.852747,235.174383,0.000000
1922,-57.865873,234.978650,0.000000
1923,-57.878837,234.783058,0.000000
1924,-57.891640,234.587607,0.000000
1925,-57.904282,234.392298,0.000000
1926,-57.916764,234.197131,0.000000
1927,-57.929088,234.002105,0.000000
1928,-57.941254,233.807222,0.000000
1929,-57.953263,233.612480,0.000000
1930,-57.965115,233.417881,0.000000
1931,-57.976812,233.223424,0.000000
1932,-57.988354,233.029110,0.000000
1933,-57.999743,232.834939,0.000000
1934,-58.010978,232.640910,0.000000
1935,-58.022062,232.447024,0.000000
1936,-58.032994,232.253282,0.000000
1937,-58.043775,232.059682,0.000000
1938,-58.054407,231.866226,0.000000
1939,-58.064890,231.672914,0.000000
1940,-58.075225,231.479745,0.000000
1941,-58.085412,231.286720,0.000000
1942,-58.095453,231.093838,0.000000
1943,-58.105348,230.901101,0.000000
1944,-58.115098,230.708508,0.000000
1945,-58.124704,230.516059,0.000000
1946,-58.134166,230.323755,0.000000
1947,-58.143486,230.131595,0.000000
1948,-58.152664,229.939579,0.000000
1949,-58.161700,229.747708,0.000000
1950,-58.170597,229.555983,0.000000
1951,-58.179354,229.364402,0.000000
1952,-58.187972,229.172966,0.000000
1953,-58.196451,228.981675,0.000000
1954,-58.204794,228.790529,0.000000
1955,-58.213000,228.599529,0.000000
1956,-58.221070,228.408675,0.000000
1957,-58.229005,228.217966,0.000000
1958,-58.236806,228.027403,0.000000
1959,-58.244473,227.836985,0.000000
1960,-58.252007,227.646713,0.000000
1961,-58.259408,227.456588,0.000000
1962,-58.266679,227.266608,0.000000
1963,-58.273818,227.076775,0.000000
1964,-58.280828,226.887088,0.000000
1965,-58.287708,226.697548,0.000000
1966,-58.294460,226.508153,0.000000
1967,-58.301083,226.318906,0.000000
1968,-58.307580,226.129805,0.000000
1969,-58.313950,225.940851,0.000000
1970,-58.320194,225.752044,0.000000
1971,-58.326313,225.563383,0.000000
1972,-58.332307,225.374870,0.000000
1973,-58.338178,225.186504,0.000000
1974,-58.343925,224.998285,0.000000
1975,-58.349551,224.810213,0.000000
1976,-58.355054,224.622289,0.000000
1977,-58.360437,224.434512,0.000000
1978,-58.365699,224.246882,0.000000
1979,-58.370841,224.059400,0.000000
1980,-58.375864,223.872066,0.000000
1981,-58.380769,223.684880,0.000000
1982,-58.385556,223.497841,0.000000
1983,-58.390226,223.310950,0.000000
1984,-58.394780,223.124207,0.000000
1985,-58.399218,222.937613,0.000000
1986,-58.403540,222.751166,0.000000
1987,-58.407748,222.564867,0.000000
1988,-58.411843,222.378717,0.000000
1989,-58.415823,222.192715,0.000000
1990,-58.419692,222.006861,0.000000
1991,-58.423448,221.821156,0.000000
1992,-58.427093,221.635600,0.000000
1993,-58.430628,221.450191,0.000000
1994,-58.434052,221.264932,0.000000
1995,-58.437366,221.079821,0.000000
1996,-58.440572,220.894859,0.000000
1997,-58.443670,220.710046,0.000000
1998,-58.446659,220.525381,0.000000
1999,-58.449542,220.340866,0.000000
