0,-70.000000,0.000000,0.000000
1,-69.750000,0.000000,0.000000
2,-69.501249,0.001667,0.000000
3,-69.253743,0.004986,0.000000
4,-69.007476,0.009945,0.000000
5,-68.762443,0.016528,0.000000
6,-68.518638,0.024724,0.000000
7,-68.276056,0.034517,0.000000
8,-68.034692,0.045895,0.000000
9,-67.794541,0.058844,0.000000
10,-67.555596,0.073351,0.000000
11,-67.317853,0.089402,0.000000
12,-67.081307,0.106985,0.000000
13,-66.845952,0.126087,0.000000
14,-66.611783,0.146693,0.000000
15,-66.378795,0.168792,0.000000
16,-66.146983,0.192371,0.000000
17,-65.916341,0.217417,0.000000
18,-65.686864,0.243916,0.000000
19,-65.458548,0.271858,0.000000
20,-65.231387,0.301228,0.000000
21,-65.005375,0.332014,0.000000
22,-64.780509,0.364205,0.000000
23,-64.556782,0.397788,0.000000
24,-64.334191,0.432750,0.000000
25,-64.112728,0.469079,0.000000
26,-63.892390,0.506764,0.000000
27,-63.673172,0.545793,0.000000
28,-63.455069,0.586152,0.000000
29,-63.238074,0.627831,0.000000
30,-63.022185,0.670818,0.000000
31,-62.807394,0.715101,0.000000
32,-62.593698,0.760668,0.000000
33,-62.381092,0.807507,0.000000
34,-62.169569,0.855608,0.000000
35,-61.959127,0.904959,0.000000
36,-61.749758,0.955549,0.000000
37,-61.541459,1.007365,0.000000
38,-61.334224,1.060397,0.000000
39,-61.128049,1.114635,0.000000
40,-60.922928,1.170065,0.000000
41,-60.718855,1.226679,0.000000
42,-60.515827,1.284464,0.000000
43,-60.313838,1.343411,0.000000
44,-60.112883,1.403507,0.000000
45,-59.912957,1.464743,0.000000
46,-59.714054,1.527107,0.000000
47,-59.516170,1.590590,0.000000
48,-59.319298,1.655180,0.000000
49,-59.123435,1.720868,0.000000
50,-58.928574,1.787642,0.000000
51,-58.734709,1.855492,0.000000
52,-58.541837,1.924409,0.000000
53,-58.349950,1.994382,0.000000
54,-58.159044,2.065402,0.000000
55,-57.969112,2.137457,0.000000
56,-57.780149,2.210538,0.000000
57,-57.592149,2.284635,0.000000
58,-57.405106,2.359738,0.000000
59,-57.219014,2.435839,0.000000
60,-57.033866,2.512926,0.000000
61,-56.849657,2.590990,0.000000
62,-56.666378,2.670022,0.000000
63,-56.484025,2.750013,0.000000
64,-56.302589,2.830953,0.000000
65,-56.122063,2.912833,0.000000
66,-55.942441,2.995643,0.000000
67,-55.763714,3.079374,0.000000
68,-55.585875,3.164018,0.000000
69,-55.408915,3.249566,0.000000
70,-55.232826,3.336008,0.000000
71,-55.057599,3.423336,0.000000
72,-54.883226,3.511540,0.000000
73,-54.709695,3.600614,0.000000
74,-54.536998,3.690547,0.000000
75,-54.365123,3.781332,0.000000
76,-54.194061,3.872960,0.000000
77,-54.023799,3.965423,0.000000
78,-53.854325,4.058713,0.000000
79,-53.685627,4.152822,0.000000
80,-53.517692,4.247742,0.000000
81,-53.350505,4.343464,0.000000
82,-53.184052,4.439983,0.000000
83,-53.018316,4.537289,0.000000
84,-52.853282,4.635376,0.000000
85,-52.688932,4.734236,0.000000
86,-52.525248,4.833863,0.000000
87,-52.362210,4.934248,0.000000
88,-52.199796,5.035386,0.000000
89,-52.037986,5.137269,0.000000
90,-51.876755,5.239892,0.000000
91,-51.716079,5.343247,0.000000
92,-51.555930,5.447329,0.000000
93,-51.396281,5.552132,0.000000
94,-51.237100,5.657650,0.000000
95,-51.078356,5.763877,0.000000
96,-50.920014,5.870808,0.000000
97,-50.762037,5.978439,0.000000
98,-50.604384,6.086764,0.000000
99,-50.447014,6.195779,0.000000
100,-50.289879,6.305479,0.000000
101,-50.132932,6.415862,0.000000
102,-49.976118,6.526923,0.000000
103,-49.819381,6.638659,0.000000
104,-49.662658,6.751067,0.000000
105,-49.505883,6.864146,0.000000
106,-49.348983,6.977893,0.000000
107,-49.191880,7.092307,0.000000
108,-49.034488,7.207387,0.000000
109,-48.876714,7.323132,0.000000
110,-48.718456,7.439544,0.000000
111,-48.559604,7.556622,0.000000
112,-48.400036,7.674369,0.000000
113,-48.239618,7.792788,0.000000
114,-48.078203,7.911881,0.000000
115,-47.915627,8.031653,0.000000
116,-47.751711,8.152110,0.000000
117,-47.586253,8.273259,0.000000
118,-47.419028,8.395106,0.000000
119,-47.249785,8.517662,0.000000
120,-47.078239,8.640938,0.000000
121,-46.904071,8.764947,0.000000
122,-46.726914,8.889703,0.000000
123,-46.546351,9.015225,0.000000
124,-46.361899,9.141532,0.000000
125,-46.173000,9.268647,0.000000
126,-45.979002,9.396598,0.000000
127,-45.779135,9.525416,0.000000
128,-45.572484,9.655137,0.000000
129,-45.357949,9.785804,0.000000
130,-45.134191,9.917465,0.000000
131,-44.899559,10.050178,0.000000
132,-44.651987,10.184014,0.000000
133,-44.388840,10.319054,0.000000
134,-44.106689,10.455398,0.000000
135,-43.800961,10.593169,0.000000
136,-43.465380,10.732519,0.000000
137,-43.091013,10.873641,0.000000
138,-42.664572,11.016789,0.000000
139,-42.165135,11.162303,0.000000
140,-41.557178,11.310661,0.000000
141,-40.773752,11.462577,0.000000
142,-39.667629,11.619210,0.000000
143,-37.822650,11.782695,0.000000
144,-33.331058,11.957935,0.000000
145,0.000000,12.162535,1.000000
146,-58.000000,12.588660,0.000000
147,-57.816111,12.626698,0.000000
148,-57.633143,12.665835,0.000000
149,-57.451090,12.706061,0.000000
150,-57.269947,12.747367,0.000000
151,-57.089707,12.789743,0.000000
152,-56.910365,12.833179,0.000000
153,-56.731914,12.877666,0.000000
154,-56.554348,12.923194,0.000000
155,-56.377660,12.969755,0.000000
156,-56.201844,13.017338,0.000000
157,-56.026894,13.065934,0.000000
158,-55.852801,13.115535,0.000000
159,-55.679559,13.166131,0.000000
160,-55.507160,13.217714,0.000000
161,-55.335596,13.270274,0.000000
162,-55.164859,13.323802,0.000000
163,-54.994941,13.378291,0.000000
164,-54.825832,13.433730,0.000000
165,-54.657524,13.490112,0.000000
166,-54.490008,13.547428,0.000000
167,-54.323272,13.605670,0.000000
168,-54.157307,13.664829,0.000000
169,-53.992102,13.724898,0.000000
170,-53.827645,13.785867,0.000000
171,-53.663925,13.847730,0.000000
172,-53.500928,13.910478,0.000000
173,-53.338642,13.974104,0.000000
174,-53.177052,14.038599,0.000000
175,-53.016144,14.103957,0.000000
176,-52.855902,14.170169,0.000000
177,-52.696309,14.237230,0.000000
178,-52.537349,14.305130,0.000000
179,-52.379003,14.373864,0.000000
180,-52.221251,14.443424,0.000000
181,-52.064073,14.513805,0.000000
182,-51.907447,14.584998,0.000000
183,-51.751349,14.656999,0.000000
184,-51.595755,14.729800,0.000000
185,-51.440638,14.803395,0.000000
186,-51.285971,14.877780,0.000000
187,-51.131722,14.952947,0.000000
188,-50.977862,15.028893,0.000000
189,-50.824354,15.105610,0.000000
190,-50.671163,15.183096,0.000000
191,-50.518249,15.261345,0.000000
192,-50.365572,15.340352,0.000000
193,-50.213084,15.420114,0.000000
194,-50.060740,15.500626,0.000000
195,-49.908485,15.581886,0.000000
196,-49.756266,15.663889,0.000000
197,-49.604020,15.746635,0.000000
198,-49.451684,15.830119,0.000000
199,-49.299186,15.914341,0.000000
200,-49.146451,15.999298,0.000000
201,-48.993396,16.084991,0.000000
202,-48.839929,16.171418,0.000000
203,-48.685954,16.258581,0.000000
204,-48.531363,16.346479,0.000000
205,-48.376039,16.435115,0.000000
206,-48.219853,16.524491,0.000000
207,-48.062663,16.614611,0.000000
208,-47.904313,16.705477,0.000000
209,-47.744629,16.797097,0.000000
210,-47.583419,16.889476,0.000000
211,-47.420469,16.982622,0.000000
212,-47.255539,17.076543,0.000000
213,-47.088358,17.171251,0.000000
214,-46.918622,17.266758,0.000000
215,-46.745984,17.363078,0.000000
216,-46.570049,17.460228,0.000000
217,-46.390364,17.558227,0.000000
218,-46.206403,17.657097,0.000000
219,-46.017554,17.756864,0.000000
220,-45.823100,17.857557,0.000000
221,-45.622189,17.959211,0.000000
222,-45.413803,18.061866,0.000000
223,-45.196709,18.165568,0.000000
224,-44.969395,18.270371,0.000000
225,-44.729980,18.376341,0.000000
226,-44.476084,18.483553,0.000000
227,-44.204637,18.592100,0.000000
228,-43.911589,18.702096,0.000000
229,-43.591449,18.813678,0.000000
230,-43.236522,18.927023,0.000000
231,-42.835584,19.042356,0.000000
232,-42.371399,19.159978,0.000000
233,-41.815672,19.280302,0.000000
234,-41.117541,19.403930,0.000000
235,-40.172862,19.531800,0.000000
236,-38.720520,19.665541,0.000000
237,-35.822856,19.808519,0.000000
238,-23.771687,19.970339,0.000000
239,0.000000,20.211959,1.000000
240,-58.000000,20.611253,0.000000
241,-57.820122,20.622549,0.000000
242,-57.641133,20.635006,0.000000
243,-57.463025,20.648615,0.000000
244,-57.285795,20.663366,0.000000
245,-57.109436,20.679250,0.000000
246,-56.933943,20.696256,0.000000
247,-56.759309,20.714376,0.000000
248,-56.585529,20.733599,0.000000
249,-56.412597,20.753917,0.000000
250,-56.240505,20.775320,0.000000
251,-56.069249,20.797799,0.000000
252,-55.898821,20.821344,0.000000
253,-55.729214,20.845948,0.000000
254,-55.560421,20.871600,0.000000
255,-55.392434,20.898292,0.000000
256,-55.225246,20.926014,0.000000
257,-55.058850,20.954759,0.000000
258,-54.893236,20.984518,0.000000
259,-54.728396,21.015281,0.000000
260,-54.564321,21.047041,0.000000
261,-54.401003,21.079789,0.000000
262,-54.238430,21.113516,0.000000
263,-54.076593,21.148215,0.000000
264,-53.915482,21.183877,0.000000
265,-53.755085,21.220494,0.000000
266,-53.595390,21.258058,0.000000
267,-53.436385,21.296562,0.000000
268,-53.278058,21.335998,0.000000
269,-53.120394,21.376358,0.000000
270,-52.963379,21.417634,0.000000
271,-52.806998,21.459819,0.000000
272,-52.651236,21.502906,0.000000
273,-52.496075,21.546888,0.000000
274,-52.341497,21.591758,0.000000
275,-52.187484,21.637509,0.000000
276,-52.034016,21.684134,0.000000
277,-51.881071,21.731627,0.000000
278,-51.728628,21.779981,0.000000
279,-51.576661,21.829190,0.000000
280,-51.425146,21.879249,0.000000
281,-51.274056,21.930150,0.000000
282,-51.123363,21.981889,0.000000
283,-50.973034,22.034460,0.000000
284,-50.823039,22.087859,0.000000
285,-50.673341,22.142079,0.000000
286,-50.523904,22.197116,0.000000
287,-50.374687,22.252967,0.000000
288,-50.225649,22.309626,0.000000
289,-50.076742,22.367089,0.000000
290,-49.927919,22.425354,0.000000
291,-49.779125,22.484417,0.000000
292,-49.630304,22.544274,0.000000
293,-49.481394,22.604925,0.000000
294,-49.332329,22.666366,0.000000
295,-49.183037,22.728596,0.000000
296,-49.033441,22.791613,0.000000
297,-48.883456,22.855418,0.000000
298,-48.732990,22.920011,0.000000
299,-48.581943,22.985391,0.000000
300,-48.430206,23.051560,0.000000
301,-48.277659,23.118520,0.000000
302,-48.124170,23.186274,0.000000
303,-47.969596,23.254825,0.000000
304,-47.813776,23.324178,0.000000
305,-47.656534,23.394339,0.000000
306,-47.497673,23.465314,0.000000
307,-47.336973,23.537112,0.000000
308,-47.174189,23.609742,0.000000
309,-47.009044,23.683215,0.000000
310,-46.841226,23.757544,0.000000
311,-46.670379,23.832744,0.000000
312,-46.496097,23.908832,0.000000
313,-46.317912,23.985829,0.000000
314,-46.135284,24.063757,0.000000
315,-45.947582,24.142642,0.000000
316,-45.754063,24.222516,0.000000
317,-45.553845,24.303414,0.000000
318,-45.345870,24.385377,0.000000
319,-45.128855,24.468453,0.000000
320,-44.901221,24.552700,0.000000
321,-44.660999,24.638182,0.000000
322,-44.405685,24.724982,0.000000
323,-44.132040,24.813194,0.000000
324,-43.835763,24.902936,0.000000
325,-43.510990,24.994355,0.000000
326,-43.149442,25.087634,0.000000
327,-42.738927,25.183012,0.000000
328,-42.260493,25.280809,0.000000
329,-41.682525,25.381470,0.000000
330,-40.946897,25.485648,0.000000
331,-39.930513,25.594383,0.000000
332,-38.307055,25.709532,0.000000
333,-34.768259,25.835120,0.000000
334,-14.405721,25.983881,0.000000
335,0.000000,26.267897,1.000000
336,-58.000000,26.647004,0.000000
337,-57.823140,26.638180,0.000000
338,-57.647144,26.630565,0.000000
339,-57.472005,26.624149,0.000000
340,-57.297718,26.618922,0.000000
341,-57.124279,26.614874,0.000000
342,-56.951681,26.611996,0.000000
343,-56.779919,26.610278,0.000000
344,-56.608988,26.609711,0.000000
345,-56.438881,26.610285,0.000000
346,-56.269592,26.611992,0.000000
347,-56.101115,26.614821,0.000000
348,-55.933443,26.618765,0.000000
349,-55.766570,26.623812,0.000000
350,-55.600490,26.629956,0.000000
351,-55.435195,26.637186,0.000000
352,-55.270677,26.645494,0.000000
353,-55.106929,26.654871,0.000000
354,-54.943944,26.665309,0.000000
355,-54.781713,26.676798,0.000000
356,-54.620227,26.689331,0.000000
357,-54.459478,26.702898,0.000000
358,-54.299457,26.717492,0.000000
359,-54.140153,26.733104,0.000000
360,-53.981557,26.749726,0.000000
361,-53.823658,26.767350,0.000000
362,-53.666445,26.785968,0.000000
363,-53.509907,26.805571,0.000000
364,-53.354031,26.826153,0.000000
365,-53.198805,26.847706,0.000000
366,-53.044215,26.870222,0.000000
367,-52.890246,26.893693,0.000000
368,-52.736885,26.918112,0.000000
369,-52.584114,26.943473,0.000000
370,-52.431918,26.969767,0.000000
371,-52.280279,26.996988,0.000000
372,-52.129179,27.025130,0.000000
373,-51.978597,27.054185,0.000000
374,-51.828512,27.084147,0.000000
375,-51.678904,27.115010,0.000000
376,-51.529747,27.146767,0.000000
377,-51.381018,27.179413,0.000000
378,-51.232689,27.212941,0.000000
379,-51.084733,27.247347,0.000000
380,-50.937120,27.282624,0.000000
381,-50.789816,27.318768,0.000000
382,-50.642789,27.355773,0.000000
383,-50.496002,27.393635,0.000000
384,-50.349415,27.432350,0.000000
385,-50.202987,27.471913,0.000000
386,-50.056673,27.512320,0.000000
387,-49.910425,27.553568,0.000000
388,-49.764192,27.595653,0.000000
389,-49.617917,27.638573,0.000000
390,-49.471542,27.682325,0.000000
391,-49.325001,27.726907,0.000000
392,-49.178225,27.772317,0.000000
393,-49.031139,27.818554,0.000000
394,-48.883660,27.865618,0.000000
395,-48.735700,27.913508,0.000000
396,-48.587161,27.962225,0.000000
397,-48.437939,28.011770,0.000000
398,-48.287918,28.062145,0.000000
399,-48.136972,28.113352,0.000000
400,-47.984960,28.165394,0.000000
401,-47.831730,28.218276,0.000000
402,-47.677112,28.272004,0.000000
403,-47.520917,28.326583,0.000000
404,-47.362935,28.382022,0.000000
405,-47.202932,28.438329,0.000000
406,-47.040644,28.495515,0.000000
407,-46.875773,28.553592,0.000000
408,-46.707982,28.612575,0.000000
409,-46.536886,28.672480,0.000000
410,-46.362043,28.733326,0.000000
411,-46.182944,28.795134,0.000000
412,-45.998996,28.857931,0.000000
413,-45.809502,28.921744,0.000000
414,-45.613641,28.986609,0.000000
415,-45.410429,29.052562,0.000000
416,-45.198680,29.119651,0.000000
417,-44.976942,29.187927,0.000000
418,-44.743414,29.257455,0.000000
419,-44.495824,29.328307,0.000000
420,-44.231256,29.400574,0.000000
421,-43.945877,29.474364,0.000000
422,-43.634520,29.549810,0.000000
423,-43.289995,29.627080,0.000000
424,-42.901901,29.706390,0.000000
425,-42.454443,29.788023,0.000000
426,-41.922057,29.872367,0.000000
427,-41.259703,29.959978,0.000000
428,-40.377831,30.051714,0.000000
429,-39.062320,30.149022,0.000000
430,-36.610233,30.254777,0.000000
431,-28.459713,30.376526,0.000000
432,0.000000,30.552206,1.000000
433,-58.000000,30.917032,0.000000
434,-57.825275,30.893975,0.000000
435,-57.651396,30.872160,0.000000
436,-57.478357,30.851577,0.000000
437,-57.306153,30.832216,0.000000
438,-57.134780,30.814068,0.000000
439,-56.964230,30.797122,0.000000
440,-56.794500,30.781370,0.000000
441,-56.625584,30.766802,0.000000
442,-56.457475,30.753409,0.000000
443,-56.290169,30.741181,0.000000
444,-56.123658,30.730110,0.000000
445,-55.957936,30.720185,0.000000
446,-55.792998,30.711398,0.000000
447,-55.628837,30.703740,0.000000
448,-55.465445,30.697202,0.000000
449,-55.302816,30.691775,0.000000
450,-55.140943,30.687450,0.000000
451,-54.979817,30.684219,0.000000
452,-54.819430,30.682073,0.000000
453,-54.659776,30.681003,0.000000
454,-54.500844,30.681001,0.000000
455,-54.342627,30.682059,0.000000
456,-54.185115,30.684168,0.000000
457,-54.028298,30.687320,0.000000
458,-53.872165,30.691507,0.000000
459,-53.716708,30.696721,0.000000
460,-53.561913,30.702954,0.000000
461,-53.407770,30.710198,0.000000
462,-53.254267,30.718445,0.000000
463,-53.101390,30.727689,0.000000
464,-52.949126,30.737921,0.000000
465,-52.797460,30.749133,0.000000
466,-52.646378,30.761320,0.000000
467,-52.495864,30.774473,0.000000
468,-52.345901,30.788586,0.000000
469,-52.196471,30.803651,0.000000
470,-52.047556,30.819662,0.000000
471,-51.899136,30.836613,0.000000
472,-51.751190,30.854497,0.000000
473,-51.603695,30.873307,0.000000
474,-51.456628,30.893038,0.000000
475,-51.309964,30.913684,0.000000
476,-51.163677,30.935239,0.000000
477,-51.017737,30.957697,0.000000
478,-50.872116,30.981053,0.000000
479,-50.726780,31.005302,0.000000
480,-50.581695,31.030439,0.000000
481,-50.436826,31.056459,0.000000
482,-50.292132,31.083359,0.000000
483,-50.147572,31.111134,0.000000
484,-50.003101,31.139779,0.000000
485,-49.858671,31.169293,0.000000
486,-49.714230,31.199671,0.000000
487,-49.569723,31.230910,0.000000
488,-49.425089,31.263009,0.000000
489,-49.280265,31.295965,0.000000
490,-49.135180,31.329777,0.000000
491,-48.989759,31.364443,0.000000
492,-48.843921,31.399963,0.000000
493,-48.697576,31.436337,0.000000
494,-48.550628,31.473565,0.000000
495,-48.402970,31.511649,0.000000
496,-48.254489,31.550591,0.000000
497,-48.105057,31.590392,0.000000
498,-47.954535,31.631057,0.000000
499,-47.802770,31.672590,0.000000
500,-47.649592,31.714996,0.000000
501,-47.494814,31.758282,0.000000
502,-47.338225,31.802456,0.000000
503,-47.179591,31.847526,0.000000
504,-47.018649,31.893504,0.000000
505,-46.855101,31.940401,0.000000
506,-46.688612,31.988233,0.000000
507,-46.518796,32.037014,0.000000
508,-46.345213,32.086766,0.000000
509,-46.167353,32.137508,0.000000
510,-45.984626,32.189268,0.000000
511,-45.796337,32.242073,0.000000
512,-45.601665,32.295957,0.000000
513,-45.399629,32.350959,0.000000
514,-45.189046,32.407125,0.000000
515,-44.968467,32.464508,0.000000
516,-44.736097,32.523170,0.000000
517,-44.489669,32.583185,0.000000
518,-44.226276,32.644643,0.000000
519,-43.942097,32.707653,0.000000
520,-43.631985,32.772346,0.000000
521,-43.288778,32.838892,0.000000
522,-42.902123,32.907504,0.000000
523,-42.456302,32.978465,0.000000
524,-41.925906,33.052161,0.000000
525,-41.266215,33.129148,0.000000
526,-40.388465,33.210276,0.000000
527,-39.080995,33.296985,0.000000
528,-36.652433,33.392122,0.000000
529,-28.672027,33.503132,0.000000
530,0.000000,33.666975,1.000000
531,-58.000000,34.021418,0.000000
532,-57.826828,33.988014,0.000000
533,-57.654488,33.955875,0.000000
534,-57.482976,33.924992,0.000000
535,-57.312286,33.895355,0.000000
536,-57.142414,33.866956,0.000000
537,-56.973354,33.839783,0.000000
538,-56.805101,33.813828,0.000000
539,-56.637650,33.789081,0.000000
540,-56.470994,33.765533,0.000000
541,-56.305128,33.743175,0.000000
542,-56.140047,33.721997,0.000000
543,-55.975743,33.701990,0.000000
544,-55.812212,33.683145,0.000000
545,-55.649445,33.665453,0.000000
546,-55.487438,33.648905,0.000000
547,-55.326182,33.633493,0.000000
548,-55.165670,33.619206,0.000000
549,-55.005896,33.606038,0.000000
550,-54.846851,33.593978,0.000000
551,-54.688527,33.583020,0.000000
552,-54.530917,33.573153,0.000000
553,-54.374011,33.564369,0.000000
554,-54.217801,33.556661,0.000000
555,-54.062277,33.550020,0.000000
556,-53.907428,33.544439,0.000000
557,-53.753246,33.539908,0.000000
558,-53.599719,33.536420,0.000000
559,-53.446835,33.533967,0.000000
560,-53.294583,33.532541,0.000000
561,-53.142951,33.532136,0.000000
562,-52.991925,33.532742,0.000000
563,-52.841491,33.534353,0.000000
564,-52.691636,33.536962,0.000000
565,-52.542343,33.540562,0.000000
566,-52.393596,33.545144,0.000000
567,-52.245379,33.550703,0.000000
568,-52.097674,33.557231,0.000000
569,-51.950460,33.564723,0.000000
570,-51.803719,33.573171,0.000000
571,-51.657429,33.582569,0.000000
572,-51.511567,33.592911,0.000000
573,-51.366109,33.604190,0.000000
574,-51.221030,33.616402,0.000000
575,-51.076303,33.629541,0.000000
576,-50.931898,33.643600,0.000000
577,-50.787785,33.658576,0.000000
578,-50.643931,33.674462,0.000000
579,-50.500301,33.691254,0.000000
580,-50.356858,33.708948,0.000000
581,-50.213563,33.727539,0.000000
582,-50.070371,33.747024,0.000000
583,-49.927239,33.767398,0.000000
584,-49.784116,33.788658,0.000000
585,-49.640950,33.810802,0.000000
586,-49.497684,33.833826,0.000000
587,-49.354257,33.857729,0.000000
588,-49.210604,33.882508,0.000000
589,-49.066653,33.908162,0.000000
590,-48.922327,33.934691,0.000000
591,-48.777542,33.962093,0.000000
592,-48.632209,33.990369,0.000000
593,-48.486227,34.019520,0.000000
594,-48.339489,34.049546,0.000000
595,-48.191878,34.080451,0.000000
596,-48.043262,34.112237,0.000000
597,-47.893501,34.144908,0.000000
598,-47.742437,34.178468,0.000000
599,-47.589895,34.212924,0.000000
600,-47.435682,34.248282,0.000000
601,-47.279584,34.284549,0.000000
602,-47.121358,34.321737,0.000000
603,-46.960734,34.359855,0.000000
604,-46.797405,34.398918,0.000000
605,-46.631023,34.438939,0.000000
606,-46.461190,34.479935,0.000000
607,-46.287450,34.521928,0.000000
608,-46.109276,34.564938,0.000000
609,-45.926050,34.608993,0.000000
610,-45.737051,34.654123,0.000000
611,-45.541419,34.700362,0.000000
612,-45.338130,34.747752,0.000000
613,-45.125938,34.796338,0.000000
614,-44.903316,34.846177,0.000000
615,-44.668363,34.897335,0.000000
616,-44.418673,34.949888,0.000000
617,-44.151136,35.003930,0.000000
618,-43.861646,35.059576,0.000000
619,-43.544626,35.116967,0.000000
620,-43.192249,35.176279,0.000000
621,-42.793071,35.237744,0.000000
622,-42.329472,35.301664,0.000000
623,-41.772419,35.368462,0.000000
624,-41.069460,35.438751,0.000000
625,-40.112387,35.513492,0.000000
626,-38.626549,35.594364,0.000000
627,-35.601950,35.684873,0.000000
628,-22.160527,35.795244,0.000000
629,0.000000,35.994856,1.000000
630,-58.000000,36.341540,0.000000
631,-57.827988,36.300401,0.000000
632,-57.656798,36.260547,0.000000
633,-57.486427,36.221966,0.000000
634,-57.316869,36.184650,0.000000
635,-57.148119,36.148589,0.000000
636,-56.980173,36.113773,0.000000
637,-56.813024,36.080192,0.000000
638,-56.646667,36.047838,0.000000
639,-56.481097,36.016701,0.000000
640,-56.316309,35.986771,0.000000
641,-56.152296,35.958040,0.000000
642,-55.989052,35.930498,0.000000
643,-55.826571,35.904136,0.000000
644,-55.664847,35.878945,0.000000
645,-55.503874,35.854916,0.000000
646,-55.343644,35.832041,0.000000
647,-55.184151,35.810310,0.000000
648,-55.025386,35.789714,0.000000
649,-54.867344,35.770246,0.000000
650,-54.710015,35.751896,0.000000
651,-54.553392,35.734656,0.000000
652,-54.397466,35.718518,0.000000
653,-54.242229,35.703473,0.000000
654,-54.087670,35.689514,0.000000
655,-53.933781,35.676631,0.000000
656,-53.780552,35.664817,0.000000
657,-53.627971,35.654064,0.000000
658,-53.476028,35.644364,0.000000
659,-53.324712,35.635709,0.000000
660,-53.174009,35.628092,0.000000
661,-53.023908,35.621505,0.000000
662,-52.874394,35.615940,0.000000
663,-52.725454,35.611391,0.000000
664,-52.577073,35.607850,0.000000
665,-52.429235,35.605310,0.000000
666,-52.281923,35.603764,0.000000
667,-52.135120,35.603206,0.000000
668,-51.988808,35.603628,0.000000
669,-51.842966,35.605023,0.000000
670,-51.697574,35.607387,0.000000
671,-51.552611,35.610712,0.000000
672,-51.408052,35.614992,0.000000
673,-51.263874,35.620222,0.000000
674,-51.120049,35.626395,0.000000
675,-50.976550,35.633507,0.000000
676,-50.833347,35.641552,0.000000
677,-50.690409,35.650524,0.000000
678,-50.547701,35.660420,0.000000
679,-50.405188,35.671233,0.000000
680,-50.262832,35.682961,0.000000
681,-50.120591,35.695599,0.000000
682,-49.978421,35.709143,0.000000
683,-49.836275,35.723590,0.000000
684,-49.694102,35.738936,0.000000
685,-49.551848,35.755179,0.000000
686,-49.409455,35.772316,0.000000
687,-49.266859,35.790346,0.000000
688,-49.123992,35.809265,0.000000
689,-48.980781,35.829075,0.000000
690,-48.837145,35.849772,0.000000
691,-48.692998,35.871359,0.000000
692,-48.548246,35.893834,0.000000
693,-48.402786,35.917200,0.000000
694,-48.256507,35.941457,0.000000
695,-48.109284,35.966609,0.000000
696,-47.960984,35.992659,0.000000
697,-47.811457,36.019610,0.000000
698,-47.660539,36.047468,0.000000
699,-47.508049,36.076240,0.000000
700,-47.353784,36.105932,0.000000
701,-47.197517,36.136553,0.000000
702,-47.038995,36.168115,0.000000
703,-46.877933,36.200628,0.000000
704,-46.714006,36.234106,0.000000
705,-46.546846,36.268566,0.000000
706,-46.376033,36.304025,0.000000
707,-46.201079,36.340505,0.000000
708,-46.021421,36.378029,0.000000
709,-45.836399,36.416626,0.000000
710,-45.645237,36.456328,0.000000
711,-45.447007,36.497172,0.000000
712,-45.240596,36.539201,0.000000
713,-45.024645,36.582467,0.000000
714,-44.797480,36.627028,0.000000
715,-44.556999,36.672954,0.000000
716,-44.300520,36.720331,0.000000
717,-44.024544,36.769260,0.000000
718,-43.724401,36.819865,0.000000
719,-43.393658,36.872303,0.000000
720,-43.023138,36.926771,0.000000
721,-42.599141,36.983528,0.000000
722,-42.099990,37.042922,0.000000
723,-41.488655,37.105445,0.000000
724,-40.694722,37.171836,0.000000
725,-39.561221,37.243298,0.000000
726,-37.633824,37.322079,0.000000
727,-32.719457,37.413447,0.000000
728,0.000000,37.537272,1.000000
729,-58.000000,37.878815,0.000000
730,-57.828756,37.832552,0.000000
731,-57.658329,37.787585,0.000000
732,-57.488714,37.743904,0.000000
733,-57.319906,37.701500,0.000000
734,-57.151900,37.660362,0.000000
735,-56.984691,37.620482,0.000000
736,-56.818273,37.581849,0.000000
737,-56.652642,37.544454,0.000000
738,-56.487792,37.508288,0.000000
739,-56.323717,37.473342,0.000000
740,-56.160411,37.439606,0.000000
741,-55.997870,37.407071,0.000000
742,-55.836085,37.375729,0.000000
743,-55.675053,37.345569,0.000000
744,-55.514764,37.316583,0.000000
745,-55.355214,37.288763,0.000000
746,-55.196395,37.262099,0.000000
747,-55.038300,37.236583,0.000000
748,-54.880922,37.212206,0.000000
749,-54.724252,37.188959,0.000000
750,-54.568283,37.166834,0.000000
751,-54.413006,37.145823,0.000000
752,-54.258414,37.125916,0.000000
753,-54.104495,37.107107,0.000000
754,-53.951242,37.089387,0.000000
755,-53.798643,37.072747,0.000000
756,-53.646690,37.057181,0.000000
757,-53.495370,37.042679,0.000000
758,-53.344673,37.029234,0.000000
759,-53.194586,37.016839,0.000000
760,-53.045097,37.005485,0.000000
761,-52.896193,36.995166,0.000000
762,-52.747859,36.985875,0.000000
763,-52.600082,36.977603,0.000000
764,-52.452845,36.970343,0.000000
765,-52.306133,36.964090,0.000000
766,-52.159927,36.958835,0.000000
767,-52.014211,36.954573,0.000000
768,-51.868964,36.951296,0.000000
769,-51.724167,36.948999,0.000000
770,-51.579798,36.947675,0.000000
771,-51.435834,36.947317,0.000000
772,-51.292251,36.947920,0.000000
773,-51.149023,36.949479,0.000000
774,-51.006123,36.951987,0.000000
775,-50.863521,36.955440,0.000000
776,-50.721188,36.959832,0.000000
777,-50.579089,36.965158,0.000000
778,-50.437190,36.971413,0.000000
779,-50.295454,36.978594,0.000000
780,-50.153839,36.986695,0.000000
781,-50.012303,36.995714,0.000000
782,-49.870801,37.005646,0.000000
783,-49.729283,37.016489,0.000000
784,-49.587695,37.028239,0.000000
785,-49.445981,37.040893,0.000000
786,-49.304080,37.054450,0.000000
787,-49.161925,37.068908,0.000000
788,-49.019445,37.084266,0.000000
789,-48.876562,37.100522,0.000000
790,-48.733193,37.117677,0.000000
791,-48.589245,37.135730,0.000000
792,-48.444621,37.154682,0.000000
793,-48.299211,37.174536,0.000000
794,-48.152896,37.195293,0.000000
795,-48.005547,37.216956,0.000000
796,-47.857021,37.239529,0.000000
797,-47.707158,37.263017,0.000000
798,-47.555785,37.287426,0.000000
799,-47.402706,37.312763,0.000000
800,-47.247706,37.339035,0.000000
801,-47.090540,37.366254,0.000000
802,-46.930938,37.394429,0.000000
803,-46.768589,37.423575,0.000000
804,-46.603143,37.453706,0.000000
805,-46.434201,37.484839,0.000000
806,-46.261301,37.516995,0.000000
807,-46.083913,37.550196,0.000000
808,-45.901414,37.584470,0.000000
809,-45.713075,37.619845,0.000000
810,-45.518030,37.656359,0.000000
811,-45.315242,37.694051,0.000000
812,-45.103453,37.732969,0.000000
813,-44.881119,37.773169,0.000000
814,-44.646314,37.814718,0.000000
815,-44.396599,37.857693,0.000000
816,-44.128818,37.902190,0.000000
817,-43.838799,37.948324,0.000000
818,-43.520864,37.996238,0.000000
819,-43.167031,38.046111,0.000000
820,-42.765598,38.098178,0.000000
821,-42.298487,38.152746,0.000000
822,-41.735784,38.210247,0.000000
823,-41.023119,38.271308,0.000000
824,-40.047314,38.336916,0.000000
825,-38.516812,38.408811,0.000000
826,-35.327827,38.490669,0.000000
827,-19.923488,38.593515,0.000000
828,0.000000,38.798713,1.000000
829,-58.000000,39.136051,0.000000
830,-57.829385,39.085597,0.000000
831,-57.659581,39.036450,0.000000
832,-57.490584,38.988598,0.000000
833,-57.322390,38.942032,0.000000
834,-57.154992,38.896742,0.000000
835,-56.988386,38.852720,0.000000
836,-56.822566,38.809955,0.000000
837,-56.657528,38.768438,0.000000
838,-56.493267,38.728160,0.000000
839,-56.329775,38.689111,0.000000
840,-56.167049,38.651282,0.000000
841,-56.005081,38.614664,0.000000
842,-55.843867,38.579248,0.000000
843,-55.683399,38.545024,0.000000
844,-55.523671,38.511985,0.000000
845,-55.364677,38.480121,0.000000
846,-55.206409,38.449422,0.000000
847,-55.048862,38.419882,0.000000
848,-54.892026,38.391490,0.000000
849,-54.735895,38.364238,0.000000
850,-54.580461,38.338118,0.000000
851,-54.425716,38.313121,0.000000
852,-54.271650,38.289239,0.000000
853,-54.118255,38.266464,0.000000
854,-53.965521,38.244787,0.000000
855,-53.813439,38.224201,0.000000
856,-53.661998,38.204698,0.000000
857,-53.511188,38.186269,0.000000
858,-53.360997,38.168907,0.000000
859,-53.211414,38.152604,0.000000
860,-53.062426,38.137352,0.000000
861,-52.914019,38.123145,0.000000
862,-52.766181,38.109974,0.000000
863,-52.618898,38.097833,0.000000
864,-52.472152,38.086714,0.000000
865,-52.325930,38.076611,0.000000
866,-52.180213,38.067516,0.000000
867,-52.034984,38.059423,0.000000
868,-51.890223,38.052325,0.000000
869,-51.745912,38.046216,0.000000
870,-51.602029,38.041089,0.000000
871,-51.458550,38.036938,0.000000
872,-51.315453,38.033758,0.000000
873,-51.172713,38.031543,0.000000
874,-51.030301,38.030286,0.000000
875,-50.888191,38.029983,0.000000
876,-50.746351,38.030629,0.000000
877,-50.604749,38.032217,0.000000
878,-50.463351,38.034745,0.000000
879,-50.322119,38.038207,0.000000
880,-50.181015,38.042599,0.000000
881,-50.039997,38.047917,0.000000
882,-49.899019,38.054157,0.000000
883,-49.758033,38.061316,0.000000
884,-49.616987,38.069392,0.000000
885,-49.475827,38.078381,0.000000
886,-49.334490,38.088280,0.000000
887,-49.192914,38.099090,0.000000
888,-49.051028,38.110806,0.000000
889,-48.908756,38.123430,0.000000
890,-48.766017,38.136960,0.000000
891,-48.622722,38.151397,0.000000
892,-48.478774,38.166741,0.000000
893,-48.334068,38.182993,0.000000
894,-48.188488,38.200156,0.000000
895,-48.041907,38.218232,0.000000
896,-47.894188,38.237226,0.000000
897,-47.745176,38.257140,0.000000
898,-47.594702,38.277982,0.000000
899,-47.442578,38.299757,0.000000
900,-47.288595,38.322474,0.000000
901,-47.132518,38.346142,0.000000
902,-46.974085,38.370772,0.000000
903,-46.812999,38.396375,0.000000
904,-46.648923,38.422967,0.000000
905,-46.481473,38.450564,0.000000
906,-46.310209,38.479186,0.000000
907,-46.134623,38.508854,0.000000
908,-45.954124,38.539594,0.000000
909,-45.768018,38.571434,0.000000
910,-45.575486,38.604409,0.000000
911,-45.375547,38.638558,0.000000
912,-45.167020,38.673926,0.000000
913,-44.948457,38.710566,0.000000
914,-44.718065,38.748541,0.000000
915,-44.473581,38.787926,0.000000
916,-44.212101,38.828809,0.000000
917,-43.929810,38.871299,0.000000
918,-43.621567,38.915529,0.000000
919,-43.280223,38.961667,0.000000
920,-42.895442,39.009926,0.000000
921,-42.451543,39.060590,0.000000
922,-41.923176,39.114045,0.000000
923,-41.265756,39.170843,0.000000
924,-40.390848,39.231835,0.000000
925,-39.087832,39.298457,0.000000
926,-36.670256,39.373543,0.000000
927,-28.762962,39.464496,0.000000
928,0.000000,39.607862,1.000000
929,-58.000000,39.942502,0.000000
930,-57.829788,39.889360,0.000000
931,-57.660384,39.837531,0.000000
932,-57.491784,39.787003,0.000000
933,-57.323983,39.737768,0.000000
934,-57.156975,39.689815,0.000000
935,-56.990756,39.643136,0.000000
936,-56.825320,39.597721,0.000000
937,-56.660663,39.553559,0.000000
938,-56.496778,39.510643,0.000000
939,-56.333662,39.468962,0.000000
940,-56.171306,39.428508,0.000000
941,-56.009707,39.389271,0.000000
942,-55.848858,39.351242,0.000000
943,-55.688752,39.314412,0.000000
944,-55.529384,39.278773,0.000000
945,-55.370746,39.244314,0.000000
946,-55.212833,39.211028,0.000000
947,-55.055636,39.178906,0.000000
948,-54.899149,39.147939,0.000000
949,-54.743364,39.118118,0.000000
950,-54.588273,39.089435,0.000000
951,-54.433868,39.061882,0.000000
952,-54.280140,39.035450,0.000000
953,-54.127081,39.010131,0.000000
954,-53.974680,38.985916,0.000000
955,-53.822929,38.962799,0.000000
956,-53.671817,38.940770,0.000000
957,-53.521334,38.919822,0.000000
958,-53.371468,38.899947,0.000000
959,-53.222207,38.881137,0.000000
960,-53.073540,38.863385,0.000000
961,-52.925454,38.846684,0.000000
962,-52.777934,38.831025,0.000000
963,-52.630966,38.816402,0.000000
964,-52.484536,38.802808,0.000000
965,-52.338627,38.790235,0.000000
966,-52.193224,38.778676,0.000000
967,-52.048307,38.768126,0.000000
968,-51.903858,38.758577,0.000000
969,-51.759858,38.750023,0.000000
970,-51.616286,38.742457,0.000000
971,-51.473119,38.735873,0.000000
972,-51.330334,38.730266,0.000000
973,-51.187905,38.725630,0.000000
974,-51.045807,38.721958,0.000000
975,-50.904011,38.719247,0.000000
976,-50.762487,38.717489,0.000000
977,-50.621203,38.716681,0.000000
978,-50.480126,38.716817,0.000000
979,-50.339218,38.717894,0.000000
980,-50.198441,38.719906,0.000000
981,-50.057753,38.722850,0.000000
982,-49.917110,38.726722,0.000000
983,-49.776465,38.731519,0.000000
984,-49.635766,38.737237,0.000000
985,-49.494958,38.743875,0.000000
986,-49.353982,38.751429,0.000000
987,-49.212775,38.759898,0.000000
988,-49.071268,38.769279,0.000000
989,-48.929387,38.779573,0.000000
990,-48.787050,38.790779,0.000000
991,-48.644170,38.802896,0.000000
992,-48.500653,38.815925,0.000000
993,-48.356395,38.829868,0.000000
994,-48.211282,38.844725,0.000000
995,-48.065190,38.860501,0.000000
996,-47.917983,38.877198,0.000000
997,-47.769511,38.894821,0.000000
998,-47.619608,38.913375,0.000000
999,-47.468089,38.932866,0.000000
1000,-47.314751,38.953303,0.000000
1001,-47.159363,38.974693,0.000000
1002,-47.001669,38.997049,0.000000
1003,-46.841379,39.020381,0.000000
1004,-46.678167,39.044704,0.000000
1005,-46.511657,39.070033,0.000000
1006,-46.341422,39.096389,0.000000
1007,-46.166969,39.123792,0.000000
1008,-45.987723,39.152266,0.000000
1009,-45.803015,39.181840,0.000000
1010,-45.612052,39.212547,0.000000
1011,-45.413891,39.244425,0.000000
1012,-45.207392,39.277518,0.000000
1013,-44.991168,39.311877,0.000000
1014,-44.763504,39.347563,0.000000
1015,-44.522244,39.384647,0.000000
1016,-44.264629,39.423217,0.000000
1017,-43.987055,39.463375,0.000000
1018,-43.684692,39.505250,0.000000
1019,-43.350867,39.549002,0.000000
1020,-42.976018,39.594832,0.000000
1021,-42.545786,39.643010,0.000000
1022,-42.037291,39.693894,0.000000
1023,-41.411056,39.747999,0.000000
1024,-40.590940,39.806099,0.000000
1025,-39.403425,39.869472,0.000000
1026,-37.326402,39.940551,0.000000
1027,-31.609891,40.025240,0.000000
1028,0.000000,40.147757,1.000000
1029,-58.000000,40.480598,0.000000
1030,-57.830057,40.425662,0.000000
1031,-57.660920,40.372043,0.000000
1032,-57.492585,40.319730,0.000000
1033,-57.325046,40.268714,0.000000
1034,-57.158298,40.218984,0.000000
1035,-56.992337,40.170532,0.000000
1036,-56.827158,40.123348,0.000000
1037,-56.662754,40.077423,0.000000
1038,-56.499122,40.032746,0.000000
1039,-56.336255,39.989310,0.000000
1040,-56.174147,39.947104,0.000000
1041,-56.012794,39.906119,0.000000
1042,-55.852188,39.866347,0.000000
1043,-55.692324,39.827778,0.000000
1044,-55.533196,39.790403,0.000000
1045,-55.374796,39.754214,0.000000
1046,-55.217119,39.719201,0.000000
1047,-55.060156,39.685356,0.000000
1048,-54.903902,39.652671,0.000000
1049,-54.748347,39.621136,0.000000
1050,-54.593485,39.590743,0.000000
1051,-54.439307,39.561484,0.000000
1052,-54.285805,39.533350,0.000000
1053,-54.132970,39.506334,0.000000
1054,-53.980792,39.480426,0.000000
1055,-53.829261,39.455619,0.000000
1056,-53.678369,39.431906,0.000000
1057,-53.528104,39.409277,0.000000
1058,-53.378454,39.387725,0.000000
1059,-53.229409,39.367243,0.000000
1060,-53.080956,39.347823,0.000000
1061,-52.933083,39.329457,0.000000
1062,-52.785775,39.312138,0.000000
1063,-52.639018,39.295859,0.000000
1064,-52.492798,39.280613,0.000000
1065,-52.347099,39.266392,0.000000
1066,-52.201904,39.253190,0.000000
1067,-52.057196,39.241000,0.000000
1068,-51.912955,39.229816,0.000000
1069,-51.769163,39.219630,0.000000
1070,-51.625798,39.210437,0.000000
1071,-51.482839,39.202230,0.000000
1072,-51.340261,39.195004,0.000000
1073,-51.198041,39.188752,0.000000
1074,-51.056152,39.183469,0.000000
1075,-50.914565,39.179150,0.000000
1076,-50.773252,39.175789,0.000000
1077,-50.632180,39.173381,0.000000
1078,-50.491316,39.171922,0.000000
1079,-50.350624,39.171407,0.000000
1080,-50.210064,39.171831,0.000000
1081,-50.069597,39.173192,0.000000
1082,-49.929177,39.175484,0.000000
1083,-49.788759,39.178704,0.000000
1084,-49.648290,39.182850,0.000000
1085,-49.507718,39.187919,0.000000
1086,-49.366982,39.193907,0.000000
1087,-49.226021,39.200815,0.000000
1088,-49.084766,39.208638,0.000000
1089,-48.943143,39.217378,0.000000
1090,-48.801074,39.227032,0.000000
1091,-48.658471,39.237602,0.000000
1092,-48.515240,39.249086,0.000000
1093,-48.371279,39.261488,0.000000
1094,-48.226476,39.274808,0.000000
1095,-48.080708,39.289049,0.000000
1096,-47.933841,39.304214,0.000000
1097,-47.785727,39.320307,0.000000
1098,-47.636202,39.337335,0.000000
1099,-47.485084,39.355302,0.000000
1100,-47.332172,39.374217,0.000000
1101,-47.177239,39.394089,0.000000
1102,-47.020034,39.414927,0.000000
1103,-46.860271,39.436744,0.000000
1104,-46.697628,39.459553,0.000000
1105,-46.531738,39.483370,0.000000
1106,-46.362181,39.508214,0.000000
1107,-46.188473,39.534105,0.000000
1108,-46.010052,39.561069,0.000000
1109,-45.826262,39.589131,0.000000
1110,-45.636329,39.618326,0.000000
1111,-45.439331,39.648689,0.000000
1112,-45.234159,39.680265,0.000000
1113,-45.019464,39.713103,0.000000
1114,-44.793578,39.747263,0.000000
1115,-44.554413,39.782815,0.000000
1116,-44.299304,39.819842,0.000000
1117,-44.024780,39.858448,0.000000
1118,-43.726203,39.898754,0.000000
1119,-43.397198,39.940917,0.000000
1120,-43.028676,39.985133,0.000000
1121,-42.607085,40.031658,0.000000
1122,-42.111023,40.080838,0.000000
1123,-41.504009,40.133162,0.000000
1124,-40.716905,40.189358,0.000000
1125,-39.596368,40.250614,0.000000
1126,-37.702495,40.319136,0.000000
1127,-32.952811,40.400056,0.000000
1128,0.000000,40.512370,1.000000
1129,-58.000000,40.843996,0.000000
1130,-57.830239,40.787849,0.000000
1131,-57.661282,40.733021,0.000000
1132,-57.493125,40.679503,0.000000
1133,-57.325763,40.627284,0.000000
1134,-57.159192,40.576354,0.000000
1135,-56.993405,40.526705,0.000000
1136,-56.828398,40.478327,0.000000
1137,-56.664167,40.431210,0.000000
1138,-56.500704,40.385344,0.000000
1139,-56.338006,40.340722,0.000000
1140,-56.176066,40.297333,0.000000
1141,-56.014878,40.255168,0.000000
1142,-55.854437,40.214218,0.000000
1143,-55.694736,40.174475,0.000000
1144,-55.535770,40.135928,0.000000
1145,-55.377531,40.098570,0.000000
1146,-55.220013,40.062391,0.000000
1147,-55.063209,40.027383,0.000000
1148,-54.907111,39.993537,0.000000
1149,-54.751713,39.960844,0.000000
1150,-54.597005,39.929297,0.000000
1151,-54.442981,39.898886,0.000000
1152,-54.289631,39.869603,0.000000
1153,-54.136947,39.841440,0.000000
1154,-53.984919,39.814389,0.000000
1155,-53.833538,39.788442,0.000000
1156,-53.682793,39.763590,0.000000
1157,-53.532675,39.739826,0.000000
1158,-53.383172,39.717142,0.000000
1159,-53.234273,39.695530,0.000000
1160,-53.085964,39.674984,0.000000
1161,-52.938235,39.655494,0.000000
1162,-52.791070,39.637054,0.000000
1163,-52.644456,39.619657,0.000000
1164,-52.498378,39.603295,0.000000
1165,-52.352821,39.587961,0.000000
1166,-52.207767,39.573649,0.000000
1167,-52.063199,39.560352,0.000000
1168,-51.919099,39.548063,0.000000
1169,-51.775447,39.536775,0.000000
1170,-51.632222,39.526483,0.000000
1171,-51.489402,39.517180,0.000000
1172,-51.346965,39.508860,0.000000
1173,-51.204886,39.501517,0.000000
1174,-51.063137,39.495146,0.000000
1175,-50.921692,39.489742,0.000000
1176,-50.780521,39.485298,0.000000
1177,-50.639592,39.481810,0.000000
1178,-50.498872,39.479273,0.000000
1179,-50.358325,39.477683,0.000000
1180,-50.217913,39.477036,0.000000
1181,-50.077594,39.477326,0.000000
1182,-49.937325,39.478551,0.000000
1183,-49.797060,39.480707,0.000000
1184,-49.656747,39.483791,0.000000
1185,-49.516333,39.487800,0.000000
1186,-49.375759,39.492732,0.000000
1187,-49.234963,39.498584,0.000000
1188,-49.093878,39.505356,0.000000
1189,-48.952430,39.513045,0.000000
1190,-48.810540,39.521652,0.000000
1191,-48.668123,39.531177,0.000000
1192,-48.525085,39.541619,0.000000
1193,-48.381324,39.552979,0.000000
1194,-48.236730,39.565261,0.000000
1195,-48.091180,39.578465,0.000000
1196,-47.944542,39.592595,0.000000
1197,-47.796669,39.607656,0.000000
1198,-47.647398,39.623653,0.000000
1199,-47.496549,39.640592,0.000000
1200,-47.343923,39.658479,0.000000
1201,-47.189296,39.677325,0.000000
1202,-47.032419,39.697139,0.000000
1203,-46.873009,39.717932,0.000000
1204,-46.710748,39.739719,0.000000
1205,-46.545273,39.762515,0.000000
1206,-46.376170,39.786338,0.000000
1207,-46.202961,39.811209,0.000000
1208,-46.025092,39.837152,0.000000
1209,-45.841915,39.864194,0.000000
1210,-45.652670,39.892367,0.000000
1211,-45.456448,39.921708,0.000000
1212,-45.252161,39.952260,0.000000
1213,-45.038482,39.984071,0.000000
1214,-44.813778,40.017201,0.000000
1215,-44.576005,40.051718,0.000000
1216,-44.322558,40.087706,0.000000
1217,-44.050050,40.125263,0.000000
1218,-43.753971,40.164512,0.000000
1219,-43.428136,40.205604,0.000000
1220,-43.063759,40.248731,0.000000
1221,-42.647800,40.294143,0.000000
1222,-42.159788,40.342178,0.000000
1223,-41.565102,40.393305,0.000000
1224,-40.798872,40.448227,0.000000
1225,-39.719697,40.508074,0.000000
1226,-37.933936,40.574915,0.000000
1227,-33.694778,40.653439,0.000000
1228,0.000000,40.759963,1.000000
1229,-58.000000,41.090763,0.000000
1230,-57.830362,41.033794,0.000000
1231,-57.661528,40.978145,0.000000
1232,-57.493492,40.923808,0.000000
1233,-57.326251,40.870772,0.000000
1234,-57.159799,40.819028,0.000000
1235,-56.994130,40.768566,0.000000
1236,-56.829241,40.719376,0.000000
1237,-56.665126,40.671450,0.000000
1238,-56.501779,40.624778,0.000000
1239,-56.339195,40.579350,0.000000
1240,-56.177368,40.535157,0.000000
1241,-56.016293,40.492191,0.000000
1242,-55.855964,40.450442,0.000000
1243,-55.696375,40.409901,0.000000
1244,-55.537518,40.370558,0.000000
1245,-55.379388,40.332406,0.000000
1246,-55.221979,40.295436,0.000000
1247,-55.065282,40.259638,0.000000
1248,-54.909291,40.225004,0.000000
1249,-54.753998,40.191525,0.000000
1250,-54.599395,40.159193,0.000000
1251,-54.445475,40.128000,0.000000
1252,-54.292229,40.097937,0.000000
1253,-54.139647,40.068996,0.000000
1254,-53.987721,40.041168,0.000000
1255,-53.836442,40.014446,0.000000
1256,-53.685798,39.988822,0.000000
1257,-53.535780,39.964287,0.000000
1258,-53.386376,39.940834,0.000000
1259,-53.237575,39.918455,0.000000
1260,-53.089365,39.897143,0.000000
1261,-52.941733,39.876890,0.000000
1262,-52.794666,39.857689,0.000000
1263,-52.648149,39.839533,0.000000
1264,-52.502167,39.822413,0.000000
1265,-52.356706,39.806324,0.000000
1266,-52.211747,39.791258,0.000000
1267,-52.067275,39.777209,0.000000
1268,-51.923270,39.764170,0.000000
1269,-51.779713,39.752134,0.000000
1270,-51.636584,39.741096,0.000000
1271,-51.493859,39.731048,0.000000
1272,-51.351517,39.721985,0.000000
1273,-51.209533,39.713902,0.000000
1274,-51.067880,39.706792,0.000000
1275,-50.926532,39.700650,0.000000
1276,-50.785457,39.695471,0.000000
1277,-50.644625,39.691250,0.000000
1278,-50.504003,39.687982,0.000000
1279,-50.363555,39.685662,0.000000
1280,-50.223242,39.684286,0.000000
1281,-50.083024,39.683850,0.000000
1282,-49.942857,39.684350,0.000000
1283,-49.802695,39.685783,0.000000
1284,-49.662488,39.688146,0.000000
1285,-49.522181,39.691436,0.000000
1286,-49.381717,39.695650,0.000000
1287,-49.241034,39.700786,0.000000
1288,-49.100064,39.706843,0.000000
1289,-48.958735,39.713820,0.000000
1290,-48.816967,39.721716,0.000000
1291,-48.674676,39.730530,0.000000
1292,-48.531768,39.740264,0.000000
1293,-48.388143,39.750918,0.000000
1294,-48.243690,39.762494,0.000000
1295,-48.098288,39.774994,0.000000
1296,-47.951805,39.788422,0.000000
1297,-47.804094,39.802782,0.000000
1298,-47.654995,39.818079,0.000000
1299,-47.504328,39.834319,0.000000
1300,-47.351896,39.851509,0.000000
1301,-47.197476,39.869658,0.000000
1302,-47.040820,39.888776,0.000000
1303,-46.881649,39.908875,0.000000
1304,-46.719646,39.929967,0.000000
1305,-46.554452,39.952070,0.000000
1306,-46.385656,39.975200,0.000000
1307,-46.212783,39.999378,0.000000
1308,-46.035286,40.024628,0.000000
1309,-45.852523,40.050978,0.000000
1310,-45.663741,40.078458,0.000000
1311,-45.468043,40.107104,0.000000
1312,-45.264350,40.136960,0.000000
1313,-45.051356,40.168075,0.000000
1314,-44.827446,40.200506,0.000000
1315,-44.590607,40.234321,0.000000
1316,-44.338273,40.269603,0.000000
1317,-44.067116,40.306449,0.000000
1318,-43.772706,40.344980,0.000000
1319,-43.448986,40.385345,0.000000
1320,-43.087367,40.427734,0.000000
1321,-42.675144,40.472393,0.000000
1322,-42.192447,40.519650,0.000000
1323,-41.605851,40.569968,0.000000
1324,-40.853191,40.624030,0.000000
1325,-39.800503,40.682928,0.000000
1326,-38.082036,40.748648,0.000000
1327,-34.139843,40.825606,0.000000
1328,-6.293111,40.928588,0.000000
1329,0.000000,41.216872,1.000000
1330,-58.000000,41.546149,0.000000
1331,-57.830590,41.487662,0.000000
1332,-57.661981,41.430499,0.000000
1333,-57.494170,41.374651,0.000000
1334,-57.327151,41.320108,0.000000
1335,-57.160918,41.266860,0.000000
1336,-56.995469,41.214898,0.000000
1337,-56.830796,41.164211,0.000000
1338,-56.666896,41.114792,0.000000
1339,-56.503762,41.066630,0.000000
1340,-56.341389,41.019716,0.000000
1341,-56.179772,40.974041,0.000000
1342,-56.018906,40.929596,0.000000
1343,-55.858783,40.886371,0.000000
1344,-55.699398,40.844358,0.000000
1345,-55.540744,40.803548,0.000000
1346,-55.382816,40.763931,0.000000
1347,-55.225606,40.725499,0.000000
1348,-55.069107,40.688243,0.000000
1349,-54.913313,40.652155,0.000000
1350,-54.758215,40.617226,0.000000
1351,-54.603806,40.583447,0.000000
1352,-54.450078,40.550810,0.000000
1353,-54.297023,40.519307,0.000000
1354,-54.144631,40.488929,0.000000
1355,-53.992893,40.459668,0.000000
1356,-53.841800,40.431517,0.000000
1357,-53.691342,40.404467,0.000000
1358,-53.541509,40.378509,0.000000
1359,-53.392288,40.353638,0.000000
1360,-53.243670,40.329844,0.000000
1361,-53.095641,40.307120,0.000000
1362,-52.948189,40.285458,0.000000
1363,-52.801301,40.264852,0.000000
1364,-52.654963,40.245294,0.000000
1365,-52.509159,40.226777,0.000000
1366,-52.363875,40.209293,0.000000
1367,-52.219093,40.192836,0.000000
1368,-52.074797,40.177399,0.000000
1369,-51.930968,40.162976,0.000000
1370,-51.787587,40.149560,0.000000
1371,-51.644633,40.137144,0.000000
1372,-51.502084,40.125723,0.000000
1373,-51.359918,40.115290,0.000000
1374,-51.218109,40.105839,0.000000
1375,-51.076633,40.097366,0.000000
1376,-50.935461,40.089864,0.000000
1377,-50.794565,40.083328,0.000000
1378,-50.653912,40.077753,0.000000
1379,-50.513470,40.073134,0.000000
1380,-50.373204,40.069467,0.000000
1381,-50.233075,40.066748,0.000000
1382,-50.093043,40.064971,0.000000
1383,-49.953064,40.064134,0.000000
1384,-49.813094,40.064234,0.000000
1385,-49.673081,40.065266,0.000000
1386,-49.532972,40.067227,0.000000
1387,-49.392711,40.070117,0.000000
1388,-49.252234,40.073932,0.000000
1389,-49.111476,40.078670,0.000000
1390,-48.970365,40.084332,0.000000
1391,-48.828822,40.090915,0.000000
1392,-48.686763,40.098420,0.000000
1393,-48.544096,40.106846,0.000000
1394,-48.400720,40.116196,0.000000
1395,-48.256527,40.126471,0.000000
1396,-48.111397,40.137672,0.000000
1397,-47.965199,40.149804,0.000000
1398,-47.817788,40.162870,0.000000
1399,-47.669005,40.176875,0.000000
1400,-47.518673,40.191826,0.000000
1401,-47.366597,40.207729,0.000000
1402,-47.212556,40.224592,0.000000
1403,-47.056308,40.242426,0.000000
1404,-46.897575,40.261243,0.000000
1405,-46.736046,40.281055,0.000000
1406,-46.571366,40.301878,0.000000
1407,-46.403131,40.323729,0.000000
1408,-46.230876,40.346629,0.000000
1409,-46.054060,40.370601,0.000000
1410,-45.872055,40.395672,0.000000
1411,-45.684121,40.421873,0.000000
1412,-45.489378,40.449239,0.000000
1413,-45.286773,40.477813,0.000000
1414,-45.075027,40.507641,0.000000
1415,-44.852566,40.538782,0.000000
1416,-44.617428,40.571303,0.000000
1417,-44.367120,40.605282,0.000000
1418,-44.098415,40.640817,0.000000
1419,-43.807032,40.678025,0.000000
1420,-43.487135,40.717051,0.000000
1421,-43.130490,40.758080,0.000000
1422,-42.724979,40.801350,0.000000
1423,-42.251783,40.847179,0.000000
1424,-41.679551,40.896010,0.000000
1425,-40.950742,40.948493,0.000000
1426,-39.943845,41.005660,0.000000
1427,-38.338236,41.069348,0.000000
1428,-34.860489,41.143529,0.000000
1429,-15.420099,41.240647,0.000000
1430,0.000000,41.467044,1.000000
1431,-58.000000,41.795488,0.000000
1432,-57.830715,41.736169,0.000000
1433,-57.662230,41.678177,0.000000
1434,-57.494541,41.621502,0.000000
1435,-57.327643,41.566133,0.000000
1436,-57.161532,41.512062,0.000000
1437,-56.996201,41.459278,0.000000
1438,-56.831647,41.407773,0.000000
1439,-56.667865,41.357536,0.000000
1440,-56.504848,41.308558,0.000000
1441,-56.342591,41.260831,0.000000
1442,-56.181089,41.214344,0.000000
1443,-56.020336,41.169089,0.000000
1444,-55.860326,41.125056,0.000000
1445,-55.701053,41.082237,0.000000
1446,-55.542510,41.040623,0.000000
1447,-55.384692,41.000204,0.000000
1448,-55.227592,40.960972,0.000000
1449,-55.071202,40.922918,0.000000
1450,-54.915515,40.886034,0.000000
1451,-54.760524,40.850310,0.000000
1452,-54.606222,40.815739,0.000000
1453,-54.452599,40.782312,0.000000
1454,-54.299648,40.750020,0.000000
1455,-54.147359,40.718856,0.000000
1456,-53.995725,40.688810,0.000000
1457,-53.844734,40.659876,0.000000
1458,-53.694378,40.632045,0.000000
1459,-53.544645,40.605309,0.000000
1460,-53.395525,40.579660,0.000000
1461,-53.247007,40.555091,0.000000
1462,-53.099077,40.531594,0.000000
1463,-52.951724,40.509162,0.000000
1464,-52.804934,40.487786,0.000000
1465,-52.658694,40.467461,0.000000
1466,-52.512987,40.448178,0.000000
1467,-52.367800,40.429931,0.000000
1468,-52.223115,40.412712,0.000000
1469,-52.078915,40.396516,0.000000
1470,-51.935183,40.381335,0.000000
1471,-51.791897,40.367163,0.000000
1472,-51.649039,40.353993,0.000000
1473,-51.506587,40.341819,0.000000
1474,-51.364517,40.330636,0.000000
1475,-51.222805,40.320437,0.000000
1476,-51.081425,40.311217,0.000000
1477,-50.940350,40.302970,0.000000
1478,-50.799551,40.295691,0.000000
1479,-50.658996,40.289375,0.000000
1480,-50.518653,40.284017,0.000000
1481,-50.378486,40.279613,0.000000
1482,-50.238458,40.276157,0.000000
1483,-50.098527,40.273647,0.000000
1484,-49.958652,40.272078,0.000000
1485,-49.818786,40.271447,0.000000
1486,-49.678880,40.271750,0.000000
1487,-49.538879,40.272985,0.000000
1488,-49.398728,40.275149,0.000000
1489,-49.258365,40.278241,0.000000
1490,-49.117723,40.282257,0.000000
1491,-48.976731,40.287198,0.000000
1492,-48.835311,40.293063,0.000000
1493,-48.693378,40.299851,0.000000
1494,-48.550843,40.307562,0.000000
1495,-48.407603,40.316198,0.000000
1496,-48.263553,40.325760,0.000000
1497,-48.118571,40.336250,0.000000
1498,-47.972528,40.347672,0.000000
1499,-47.825281,40.360030,0.000000
1500,-47.676670,40.373328,0.000000
1501,-47.526521,40.387572,0.000000
1502,-47.374638,40.402770,0.000000
1503,-47.220805,40.418930,0.000000
1504,-47.064778,40.436062,0.000000
1505,-46.906284,40.454176,0.000000
1506,-46.745013,40.473287,0.000000
1507,-46.580613,40.493409,0.000000
1508,-46.412684,40.514560,0.000000
1509,-46.240764,40.536761,0.000000
1510,-46.064319,40.560033,0.000000
1511,-45.882725,40.584404,0.000000
1512,-45.695251,40.609905,0.000000
1513,-45.501027,40.636570,0.000000
1514,-45.299011,40.664441,0.000000
1515,-45.087941,40.693566,0.000000
1516,-44.866263,40.724002,0.000000
1517,-44.632044,40.755813,0.000000
1518,-44.382830,40.789080,0.000000
1519,-44.115446,40.823898,0.000000
1520,-43.825691,40.860382,0.000000
1521,-43.507846,40.898676,0.000000
1522,-43.153863,40.938961,0.000000
1523,-42.751929,40.981472,0.000000
1524,-42.283775,41.026521,0.000000
1525,-41.719111,41.074541,0.000000
1526,-41.002745,41.126165,0.000000
1527,-40.019358,41.182393,0.000000
1528,-38.470017,41.244989,0.000000
1529,-35.208926,41.317706,0.000000
1530,-18.866550,41.411921,0.000000
1531,0.000000,41.614771,1.000000
1532,-58.000000,41.942721,0.000000
1533,-57.830788,41.882912,0.000000
1534,-57.662376,41.824431,0.000000
1535,-57.494760,41.767267,0.000000
1536,-57.327934,41.711411,0.000000
1537,-57.161894,41.656853,0.000000
1538,-56.996634,41.603584,0.000000
1539,-56.832150,41.551595,0.000000
1540,-56.668437,41.500875,0.000000
1541,-56.505489,41.451416,0.000000
1542,-56.343300,41.403208,0.000000
1543,-56.181866,41.356242,0.000000
1544,-56.021180,41.310509,0.000000
1545,-55.861237,41.265999,0.000000
1546,-55.702030,41.222704,0.000000
1547,-55.543554,41.180615,0.000000
1548,-55.385801,41.139723,0.000000
1549,-55.228765,41.100018,0.000000
1550,-55.072439,41.061493,0.000000
1551,-54.916816,41.024138,0.000000
1552,-54.761888,40.987946,0.000000
1553,-54.607648,40.952907,0.000000
1554,-54.454087,40.919013,0.000000
1555,-54.301198,40.886256,0.000000
1556,-54.148971,40.854627,0.000000
1557,-53.997397,40.824118,0.000000
1558,-53.846467,40.794722,0.000000
1559,-53.696171,40.766430,0.000000
1560,-53.546498,40.739234,0.000000
1561,-53.397437,40.713126,0.000000
1562,-53.248977,40.688100,0.000000
1563,-53.101106,40.664146,0.000000
1564,-52.953811,40.641258,0.000000
1565,-52.807080,40.619429,0.000000
1566,-52.660897,40.598650,0.000000
1567,-52.515248,40.578915,0.000000
1568,-52.370118,40.560217,0.000000
1569,-52.225490,40.542549,0.000000
1570,-52.081347,40.525904,0.000000
1571,-51.937671,40.510275,0.000000
1572,-51.794443,40.495656,0.000000
1573,-51.651642,40.482041,0.000000
1574,-51.509246,40.469424,0.000000
1575,-51.367232,40.457797,0.000000
1576,-51.225577,40.447156,0.000000
1577,-51.084254,40.437495,0.000000
1578,-50.943237,40.428809,0.000000
1579,-50.802495,40.421091,0.000000
1580,-50.661998,40.414337,0.000000
1581,-50.521713,40.408543,0.000000
1582,-50.381605,40.403703,0.000000
1583,-50.241636,40.399813,0.000000
1584,-50.101766,40.396870,0.000000
1585,-49.961952,40.394868,0.000000
1586,-49.822147,40.393806,0.000000
1587,-49.682303,40.393679,0.000000
1588,-49.542367,40.394485,0.000000
1589,-49.402281,40.396220,0.000000
1590,-49.261985,40.398885,0.000000
1591,-49.121411,40.402475,0.000000
1592,-48.980489,40.406991,0.000000
1593,-48.839142,40.412431,0.000000
1594,-48.697284,40.418795,0.000000
1595,-48.554826,40.426084,0.000000
1596,-48.411667,40.434298,0.000000
1597,-48.267700,40.443439,0.000000
1598,-48.122806,40.453510,0.000000
1599,-47.976854,40.464513,0.000000
1600,-47.829703,40.476452,0.000000
1601,-47.681194,40.489333,0.000000
1602,-47.531153,40.503160,0.000000
1603,-47.379384,40.517942,0.000000
1604,-47.225673,40.533686,0.000000
1605,-47.069777,40.550403,0.000000
1606,-46.911423,40.568103,0.000000
1607,-46.750304,40.586800,0.000000
1608,-46.586069,40.606508,0.000000
1609,-46.418320,40.627246,0.000000
1610,-46.246597,40.649033,0.000000
1611,-46.070369,40.671892,0.000000
1612,-45.889017,40.695850,0.000000
1613,-45.701813,40.720937,0.000000
1614,-45.507894,40.747189,0.000000
1615,-45.306225,40.774646,0.000000
1616,-45.095551,40.803355,0.000000
1617,-44.874333,40.833374,0.000000
1618,-44.640653,40.864767,0.000000
1619,-44.392079,40.897613,0.000000
1620,-44.125468,40.932008,0.000000
1621,-43.836665,40.968064,0.000000
1622,-43.520019,41.005926,0.000000
1623,-43.167587,41.045773,0.000000
1624,-42.767735,41.087837,0.000000
1625,-42.302506,41.132426,0.000000
1626,-41.742217,41.179968,0.000000
1627,-41.033006,41.231086,0.000000
1628,-40.063018,41.286763,0.000000
1629,-38.545249,41.348720,0.000000
1630,-35.401578,41.420589,0.000000
1631,-20.553952,41.513177,0.000000
1632,0.000000,41.704440,1.000000
1633,-58.000000,42.032092,0.000000
1634,-57.830833,41.971985,0.000000
1635,-57.662465,41.913206,0.000000
1636,-57.494893,41.855745,0.000000
1637,-57.328110,41.799594,0.000000
1638,-57.162113,41.744741,0.000000
1639,-56.996897,41.691178,0.000000
1640,-56.832455,41.638894,0.000000
1641,-56.668784,41.587882,0.000000
1642,-56.505878,41.538130,0.000000
1643,-56.343731,41.489631,0.000000
1644,-56.182338,41.442374,0.000000
1645,-56.021693,41.396350,0.000000
1646,-55.861790,41.351551,0.000000
1647,-55.702623,41.307967,0.000000
1648,-55.544187,41.265590,0.000000
1649,-55.386473,41.224410,0.000000
1650,-55.229476,41.184419,0.000000
1651,-55.073189,41.145608,0.000000
1652,-54.917605,41.107968,0.000000
1653,-54.762715,41.071490,0.000000
1654,-54.608513,41.036167,0.000000
1655,-54.454991,41.001990,0.000000
1656,-54.302139,40.968950,0.000000
1657,-54.149949,40.937039,0.000000
1658,-53.998412,40.906249,0.000000
1659,-53.847519,40.876573,0.000000
1660,-53.697259,40.848001,0.000000
1661,-53.547622,40.820525,0.000000
1662,-53.398597,40.794140,0.000000
1663,-53.250173,40.768835,0.000000
1664,-53.102338,40.744605,0.000000
1665,-52.955078,40.721440,0.000000
1666,-52.808382,40.699335,0.000000
1667,-52.662234,40.678281,0.000000
1668,-52.516620,40.658272,0.000000
1669,-52.371525,40.639300,0.000000
1670,-52.226932,40.621359,0.000000
1671,-52.082823,40.604442,0.000000
1672,-51.939182,40.588542,0.000000
1673,-51.795988,40.573652,0.000000
1674,-51.653221,40.559766,0.000000
1675,-51.510859,40.546879,0.000000
1676,-51.368881,40.534984,0.000000
1677,-51.227260,40.524075,0.000000
1678,-51.085972,40.514146,0.000000
1679,-50.944989,40.505192,0.000000
1680,-50.804282,40.497208,0.000000
1681,-50.663820,40.490189,0.000000
1682,-50.523571,40.484130,0.000000
1683,-50.383498,40.479026,0.000000
1684,-50.243565,40.474872,0.000000
1685,-50.103731,40.471665,0.000000
1686,-49.963954,40.469402,0.000000
1687,-49.824187,40.468077,0.000000
1688,-49.684381,40.467689,0.000000
1689,-49.544484,40.468234,0.000000
1690,-49.404438,40.469710,0.000000
1691,-49.264182,40.472115,0.000000
1692,-49.123650,40.475447,0.000000
1693,-48.982770,40.479704,0.000000
1694,-48.841467,40.484887,0.000000
1695,-48.699654,40.490994,0.000000
1696,-48.557243,40.498026,0.000000
1697,-48.414133,40.505985,0.000000
1698,-48.270217,40.514870,0.000000
1699,-48.125376,40.524686,0.000000
1700,-47.979480,40.535435,0.000000
1701,-47.832387,40.547120,0.000000
1702,-47.683940,40.559747,0.000000
1703,-47.533963,40.573322,0.000000
1704,-47.382264,40.587851,0.000000
1705,-47.228627,40.603343,0.000000
1706,-47.072810,40.619808,0.000000
1707,-46.914541,40.637256,0.000000
1708,-46.753514,40.655702,0.000000
1709,-46.589379,40.675159,0.000000
1710,-46.421739,40.695646,0.000000
1711,-46.250135,40.717182,0.000000
1712,-46.074040,40.739791,0.000000
1713,-45.892834,40.763498,0.000000
1714,-45.705794,40.788334,0.000000
1715,-45.512059,40.814334,0.000000
1716,-45.310599,40.841540,0.000000
1717,-45.100165,40.869997,0.000000
1718,-44.879225,40.899763,0.000000
1719,-44.645871,40.930902,0.000000
1720,-44.397683,40.963493,0.000000
1721,-44.131539,40.997630,0.000000
1722,-43.843310,41.033428,0.000000
1723,-43.527386,41.071028,0.000000
1724,-43.175889,41.110608,0.000000
1725,-42.777290,41.152400,0.000000
1726,-42.313818,41.196711,0.000000
1727,-41.756152,41.243963,0.000000
1728,-41.051215,41.294775,0.000000
1729,-40.089193,41.350118,0.000000
1730,-38.590024,41.411689,0.000000
1731,-35.514161,41.483050,0.000000
1732,-21.475632,41.574679,0.000000
1733,0.000000,41.759593,1.000000
1734,-58.000000,42.087061,0.000000
1735,-57.830860,42.026770,0.000000
1736,-57.662520,41.967809,0.000000
1737,-57.494975,41.910166,0.000000
1738,-57.328219,41.853832,0.000000
1739,-57.162249,41.798798,0.000000
1740,-56.997058,41.745054,0.000000
1741,-56.832643,41.692590,0.000000
1742,-56.668998,41.641397,0.000000
1743,-56.506117,41.591466,0.000000
1744,-56.343996,41.542787,0.000000
1745,-56.182628,41.495351,0.000000
1746,-56.022008,41.449149,0.000000
1747,-55.862130,41.404171,0.000000
1748,-55.702988,41.360410,0.000000
1749,-55.544576,41.317855,0.000000
1750,-55.386887,41.276499,0.000000
1751,-55.229914,41.236331,0.000000
1752,-55.073651,41.197344,0.000000
1753,-54.918090,41.159528,0.000000
1754,-54.763224,41.122876,0.000000
1755,-54.609046,41.087378,0.000000
1756,-54.455546,41.053027,0.000000
1757,-54.302717,41.019813,0.000000
1758,-54.150550,40.987729,0.000000
1759,-53.999036,40.956766,0.000000
1760,-53.848165,40.926917,0.000000
1761,-53.697928,40.898172,0.000000
1762,-53.548313,40.870526,0.000000
1763,-53.399311,40.843968,0.000000
1764,-53.250909,40.818493,0.000000
1765,-53.103095,40.794092,0.000000
1766,-52.955858,40.770758,0.000000
1767,-52.809183,40.748483,0.000000
1768,-52.663056,40.727260,0.000000
1769,-52.517464,40.707082,0.000000
1770,-52.372390,40.687942,0.000000
1771,-52.227818,40.669833,0.000000
1772,-52.083731,40.652748,0.000000
1773,-51.940111,40.636681,0.000000
1774,-51.796938,40.621625,0.000000
1775,-51.654192,40.607573,0.000000
1776,-51.511852,40.594520,0.000000
1777,-51.369894,40.582459,0.000000
1778,-51.228295,40.571385,0.000000
1779,-51.087028,40.561292,0.000000
1780,-50.946067,40.552174,0.000000
1781,-50.805381,40.544026,0.000000
1782,-50.664941,40.536843,0.000000
1783,-50.524713,40.530621,0.000000
1784,-50.384663,40.525354,0.000000
1785,-50.244752,40.521039,0.000000
1786,-50.104940,40.517670,0.000000
1787,-49.965186,40.515245,0.000000
1788,-49.825442,40.513759,0.000000
1789,-49.685659,40.513211,0.000000
1790,-49.545786,40.513596,0.000000
1791,-49.405764,40.514912,0.000000
1792,-49.265533,40.517157,0.000000
1793,-49.125027,40.520329,0.000000
1794,-48.984173,40.524428,0.000000
1795,-48.842897,40.529452,0.000000
1796,-48.701112,40.535401,0.000000
1797,-48.558730,40.542276,0.000000
1798,-48.415650,40.550077,0.000000
1799,-48.271765,40.558806,0.000000
1800,-48.126956,40.568465,0.000000
1801,-47.981095,40.579057,0.000000
1802,-47.834038,40.590586,0.000000
1803,-47.685628,40.603057,0.000000
1804,-47.535692,40.616476,0.000000
1805,-47.384035,40.630850,0.000000
1806,-47.230444,40.646187,0.000000
1807,-47.074675,40.662496,0.000000
1808,-46.916459,40.679790,0.000000
1809,-46.755488,40.698081,0.000000
1810,-46.591414,40.717384,0.000000
1811,-46.423841,40.737717,0.000000
1812,-46.252311,40.759099,0.000000
1813,-46.076296,40.781553,0.000000
1814,-45.895180,40.805106,0.000000
1815,-45.708241,40.829788,0.000000
1816,-45.514619,40.855634,0.000000
1817,-45.313287,40.882684,0.000000
1818,-45.103001,40.910987,0.000000
1819,-44.882231,40.940597,0.000000
1820,-44.649077,40.971580,0.000000
1821,-44.401127,41.004014,0.000000
1822,-44.135269,41.037993,0.000000
1823,-43.847392,41.073631,0.000000
1824,-43.531910,41.111070,0.000000
1825,-43.180985,41.150487,0.000000
1826,-42.783152,41.192112,0.000000
1827,-42.320754,41.236251,0.000000
1828,-41.764689,41.283325,0.000000
1829,-41.062356,41.333949,0.000000
1830,-40.105173,41.389087,0.000000
1831,-38.617239,41.450422,0.000000
1832,-35.581853,41.521472,0.000000
1833,-22.008314,41.612522,0.000000
1834,0.000000,41.793758,1.000000
1835,-58.000000,42.121112,0.000000
1836,-57.830877,42.060709,0.000000
1837,-57.662554,42.001634,0.000000
1838,-57.495025,41.943878,0.000000
1839,-57.328286,41.887431,0.000000
1840,-57.162332,41.832285,0.000000
1841,-56.997158,41.778428,0.000000
1842,-56.832759,41.725852,0.000000
1843,-56.669130,41.674548,0.000000
1844,-56.506266,41.624505,0.000000
1845,-56.344160,41.575715,0.000000
1846,-56.182808,41.528168,0.000000
1847,-56.022204,41.481856,0.000000
1848,-55.862341,41.436768,0.000000
1849,-55.703214,41.392897,0.000000
1850,-55.544817,41.350232,0.000000
1851,-55.387143,41.308766,0.000000
1852,-55.230185,41.268489,0.000000
1853,-55.073937,41.229393,0.000000
1854,-54.918391,41.191469,0.000000
1855,-54.763540,41.154708,0.000000
1856,-54.609376,41.119102,0.000000
1857,-54.455890,41.084642,0.000000
1858,-54.303076,41.051321,0.000000
1859,-54.150923,41.019129,0.000000
1860,-53.999423,40.988059,0.000000
1861,-53.848566,40.958103,0.000000
1862,-53.698343,40.929252,0.000000
1863,-53.548742,40.901499,0.000000
1864,-53.399753,40.874836,0.000000
1865,-53.251365,40.849255,0.000000
1866,-53.103565,40.824748,0.000000
1867,-52.956340,40.801309,0.000000
1868,-52.809679,40.778929,0.000000
1869,-52.663566,40.757601,0.000000
1870,-52.517987,40.737319,0.000000
1871,-52.372926,40.718074,0.000000
1872,-52.228367,40.699861,0.000000
1873,-52.084294,40.682673,0.000000
1874,-51.940687,40.666502,0.000000
1875,-51.797527,40.651342,0.000000
1876,-51.654794,40.637187,0.000000
1877,-51.512467,40.624031,0.000000
1878,-51.370522,40.611868,0.000000
1879,-51.228936,40.600692,0.000000
1880,-51.087682,40.590497,0.000000
1881,-50.946734,40.581277,0.000000
1882,-50.806062,40.573028,0.000000
1883,-50.665635,40.565744,0.000000
1884,-50.525421,40.559421,0.000000
1885,-50.385384,40.554053,0.000000
1886,-50.245487,40.549637,0.000000
1887,-50.105689,40.546168,0.000000
1888,-49.965949,40.543643,0.000000
1889,-49.826219,40.542058,0.000000
1890,-49.686451,40.541410,0.000000
1891,-49.546592,40.541695,0.000000
1892,-49.406586,40.542913,0.000000
1893,-49.266370,40.545059,0.000000
1894,-49.125879,40.548133,0.000000
1895,-48.985042,40.552133,0.000000
1896,-48.843782,40.557059,0.000000
1897,-48.702015,40.562910,0.000000
1898,-48.559651,40.569687,0.000000
1899,-48.416589,40.577391,0.000000
1900,-48.272723,40.586022,0.000000
1901,-48.127935,40.595584,0.000000
1902,-47.982095,40.606079,0.000000
1903,-47.835060,40.617511,0.000000
1904,-47.686674,40.629886,0.000000
1905,-47.536762,40.643209,0.000000
1906,-47.385132,40.657486,0.000000
1907,-47.231569,40.672727,0.000000
1908,-47.075830,40.688941,0.000000
1909,-46.917646,40.706139,0.000000
1910,-46.756710,40.724334,0.000000
1911,-46.592675,40.743541,0.000000
1912,-46.425143,40.763779,0.000000
1913,-46.253658,40.785065,0.000000
1914,-46.077694,40.807424,0.000000
1915,-45.896634,40.830881,0.000000
1916,-45.709756,40.855467,0.000000
1917,-45.516204,40.881217,0.000000
1918,-45.314952,40.908172,0.000000
1919,-45.104757,40.936378,0.000000
1920,-44.884093,40.965892,0.000000
1921,-44.651062,40.996778,0.000000
1922,-44.403258,41.029115,0.000000
1923,-44.137578,41.062997,0.000000
1924,-43.849918,41.098536,0.000000
1925,-43.534710,41.135875,0.000000
1926,-43.184138,41.175191,0.000000
1927,-42.786778,41.216712,0.000000
1928,-42.325043,41.260745,0.000000
1929,-41.769965,41.307709,0.000000
1930,-41.069236,41.358216,0.000000
1931,-40.115026,41.413228,0.000000
1932,-38.633975,41.474417,0.000000
1933,-35.623210,41.545275,0.000000
1934,-22.326105,41.635970,0.000000
1935,0.000000,41.815009,1.000000
1936,-58.000000,42.142292,0.000000
1937,-57.830888,42.081818,0.000000
1938,-57.662575,42.022673,0.000000
1939,-57.495057,41.964847,0.000000
1940,-57.328328,41.908330,0.000000
1941,-57.162384,41.853114,0.000000
1942,-56.997221,41.799187,0.000000
1943,-56.832832,41.746542,0.000000
1944,-56.669213,41.695168,0.000000
1945,-56.506358,41.645056,0.000000
1946,-56.344262,41.596197,0.000000
1947,-56.182920,41.548581,0.000000
1948,-56.022325,41.502199,0.000000
1949,-55.862472,41.457043,0.000000
1950,-55.703355,41.413103,0.000000
1951,-55.544967,41.370371,0.000000
1952,-55.387303,41.328836,0.000000
1953,-55.230354,41.288492,0.000000
1954,-55.074115,41.249328,0.000000
1955,-54.918578,41.211336,0.000000
1956,-54.763736,41.174507,0.000000
1957,-54.609581,41.138834,0.000000
1958,-54.456104,41.104307,0.000000
1959,-54.303299,41.070919,0.000000
1960,-54.151155,41.038661,0.000000
1961,-53.999664,41.007524,0.000000
1962,-53.848815,40.977501,0.000000
1963,-53.698600,40.948584,0.000000
1964,-53.549008,40.920765,0.000000
1965,-53.400028,40.894036,0.000000
1966,-53.251648,40.868389,0.000000
1967,-53.103856,40.843816,0.000000
1968,-52.956641,40.820311,0.000000
1969,-52.809987,40.797866,0.000000
1970,-52.663883,40.776473,0.000000
1971,-52.518312,40.756126,0.000000
1972,-52.373259,40.736816,0.000000
1973,-52.228709,40.718539,0.000000
1974,-52.084644,40.701286,0.000000
1975,-51.941045,40.685050,0.000000
1976,-51.797893,40.669826,0.000000
1977,-51.655169,40.655608,0.000000
1978,-51.512849,40.642388,0.000000
1979,-51.370913,40.630161,0.000000
1980,-51.229335,40.618921,0.000000
1981,-51.088089,40.608662,0.000000
1982,-50.947149,40.599380,0.000000
1983,-50.806486,40.591067,0.000000
1984,-50.666067,40.583721,0.000000
1985,-50.525861,40.577334,0.000000
1986,-50.385833,40.571904,0.000000
1987,-50.245944,40.567426,0.000000
1988,-50.106155,40.563895,0.000000
1989,-49.966423,40.561307,0.000000
1990,-49.826702,40.559660,0.000000
1991,-49.686944,40.558950,0.000000
1992,-49.547094,40.559174,0.000000
1993,-49.407097,40.560329,0.000000
1994,-49.266891,40.562414,0.000000
1995,-49.126410,40.565427,0.000000
1996,-48.985583,40.569366,0.000000
1997,-48.844333,40.574231,0.000000
1998,-48.702577,40.580021,0.000000
1999,-48.560223,40.586737,0.000000
