0,-70.000000,0.000000,0.000000
1,-69.750000,0.000000,0.000000
2,-69.501249,0.001667,0.000000
3,-69.253743,0.004986,0.000000
4,-69.007477,0.009945,0.000000
5,-68.762444,0.016528,0.000000
6,-68.518639,0.024723,0.000000
7,-68.276058,0.034517,0.000000
8,-68.034694,0.045895,0.000000
9,-67.794542,0.058844,0.000000
10,-67.555597,0.073351,0.000000
11,-67.317854,0.089402,0.000000
12,-67.081308,0.106985,0.000000
13,-66.845953,0.126086,0.000000
14,-66.611785,0.146693,0.000000
15,-66.378797,0.168792,0.000000
16,-66.146984,0.192371,0.000000
17,-65.916343,0.217416,0.000000
18,-65.686865,0.243916,0.000000
19,-65.458549,0.271857,0.000000
20,-65.231387,0.301227,0.000000
21,-65.005376,0.332014,0.000000
22,-64.780510,0.364205,0.000000
23,-64.556783,0.397787,0.000000
24,-64.334191,0.432750,0.000000
25,-64.112729,0.469079,0.000000
26,-63.892391,0.506764,0.000000
27,-63.673171,0.545792,0.000000
28,-63.455066,0.586152,0.000000
29,-63.238071,0.627831,0.000000
30,-63.022180,0.670818,0.000000
31,-62.807390,0.715100,0.000000
32,-62.593694,0.760667,0.000000
33,-62.381087,0.807507,0.000000
34,-62.169565,0.855608,0.000000
35,-61.959122,0.904959,0.000000
36,-61.749746,0.955548,0.000000
37,-61.541442,1.007365,0.000000
38,-61.334204,1.060397,0.000000
39,-61.128027,1.114635,0.000000
40,-60.922905,1.170066,0.000000
41,-60.718832,1.226679,0.000000
42,-60.515803,1.284465,0.000000
43,-60.313814,1.343411,0.000000
44,-60.112859,1.403508,0.000000
45,-59.912932,1.464744,0.000000
46,-59.714010,1.527108,0.000000
47,-59.516113,1.590591,0.000000
48,-59.319232,1.655182,0.000000
49,-59.123364,1.720870,0.000000
50,-58.928500,1.787644,0.000000
51,-58.734633,1.855496,0.000000
52,-58.541759,1.924413,0.000000
53,-58.349872,1.994387,0.000000
54,-58.158965,2.065406,0.000000
55,-57.969032,2.137462,0.000000
56,-57.780011,2.210543,0.000000
57,-57.591968,2.284641,0.000000
58,-57.404898,2.359746,0.000000
59,-57.218789,2.435848,0.000000
60,-57.033631,2.512936,0.000000
61,-56.849413,2.591002,0.000000
62,-56.666130,2.670036,0.000000
63,-56.483772,2.750028,0.000000
64,-56.302334,2.830970,0.000000
65,-56.121807,2.912851,0.000000
66,-55.942183,2.995663,0.000000
67,-55.763305,3.079396,0.000000
68,-55.585361,3.164043,0.000000
69,-55.408332,3.249593,0.000000
70,-55.232189,3.336039,0.000000
71,-55.056936,3.423371,0.000000
72,-54.882544,3.511580,0.000000
73,-54.709000,3.600658,0.000000
74,-54.536290,3.690596,0.000000
75,-54.364408,3.781385,0.000000
76,-54.193342,3.873018,0.000000
77,-54.023074,3.965486,0.000000
78,-53.853593,4.058780,0.000000
79,-53.684548,4.152894,0.000000
80,-53.516363,4.247820,0.000000
81,-53.348986,4.343552,0.000000
82,-53.182423,4.440080,0.000000
83,-53.016622,4.537397,0.000000
84,-52.851529,4.635495,0.000000
85,-52.687142,4.734366,0.000000
86,-52.523431,4.834004,0.000000
87,-52.360372,4.934401,0.000000
88,-52.197944,5.035551,0.000000
89,-52.036115,5.137446,0.000000
90,-51.874863,5.240080,0.000000
91,-51.713211,5.343448,0.000000
92,-51.552368,5.447548,0.000000
93,-51.392197,5.552374,0.000000
94,-51.232663,5.657918,0.000000
95,-51.073716,5.764174,0.000000
96,-50.915222,5.871135,0.000000
97,-50.757111,5.978796,0.000000
98,-50.599342,6.087153,0.000000
99,-50.441884,6.196200,0.000000
100,-50.284671,6.305934,0.000000
101,-50.127654,6.416349,0.000000
102,-49.970765,6.527444,0.000000
103,-49.813864,6.639214,0.000000
104,-49.656999,6.751657,0.000000
105,-49.500092,6.864772,0.000000
106,-49.343091,6.978555,0.000000
107,-49.185814,7.093006,0.000000
108,-49.028260,7.208124,0.000000
109,-48.870339,7.323908,0.000000
110,-48.711936,7.440360,0.000000
111,-48.552960,7.557479,0.000000
112,-48.393256,7.675268,0.000000
113,-48.232714,7.793728,0.000000
114,-48.070967,7.912865,0.000000
115,-47.908084,8.032682,0.000000
116,-47.743679,8.153186,0.000000
117,-47.577709,8.274384,0.000000
118,-47.410015,8.396284,0.000000
119,-47.240345,8.518897,0.000000
120,-47.068275,8.642231,0.000000
121,-46.893620,8.766302,0.000000
122,-46.716168,8.891124,0.000000
123,-46.535069,9.016712,0.000000
124,-46.350182,9.143089,0.000000
125,-46.160258,9.270278,0.000000
126,-45.965262,9.398308,0.000000
127,-45.763737,9.527212,0.000000
128,-45.555551,9.657030,0.000000
129,-45.339339,9.787803,0.000000
130,-45.113580,9.919581,0.000000
131,-44.877045,10.052425,0.000000
132,-44.627630,10.186404,0.000000
133,-44.362214,10.321598,0.000000
134,-44.076860,10.458111,0.000000
135,-43.766221,10.596072,0.000000
136,-43.424253,10.735643,0.000000
137,-43.042268,10.877030,0.000000
138,-42.606003,11.020491,0.000000
139,-42.092968,11.166383,0.000000
140,-41.459208,11.315208,0.000000
141,-40.634651,11.467763,0.000000
142,-39.451267,11.625306,0.000000
143,-37.385935,11.790213,0.000000
144,-31.754575,11.968340,0.000000
145,0.000000,12.183415,1.000000
146,-58.000000,12.609470,0.000000
147,-57.816119,12.647438,0.000000
148,-57.633117,12.686506,0.000000
149,-57.451043,12.726663,0.000000
150,-57.269891,12.767901,0.000000
151,-57.089647,12.810209,0.000000
152,-56.910307,12.853577,0.000000
153,-56.731859,12.897996,0.000000
154,-56.554299,12.943457,0.000000
155,-56.377618,12.989950,0.000000
156,-56.201808,13.037466,0.000000
157,-56.026865,13.085996,0.000000
158,-55.852779,13.135530,0.000000
159,-55.679417,13.186060,0.000000
160,-55.506939,13.237577,0.000000
161,-55.335319,13.290072,0.000000
162,-55.164553,13.343537,0.000000
163,-54.994617,13.397961,0.000000
164,-54.825505,13.453337,0.000000
165,-54.657193,13.509656,0.000000
166,-54.489673,13.566909,0.000000
167,-54.322939,13.625088,0.000000
168,-54.156976,13.684185,0.000000
169,-53.991773,13.744191,0.000000
170,-53.826876,13.805099,0.000000
171,-53.662852,13.866903,0.000000
172,-53.499628,13.929594,0.000000
173,-53.337199,13.993164,0.000000
174,-53.175512,14.057606,0.000000
175,-53.014542,14.122910,0.000000
176,-52.854262,14.189070,0.000000
177,-52.694643,14.256078,0.000000
178,-52.535655,14.323927,0.000000
179,-52.377295,14.392610,0.000000
180,-52.219527,14.462119,0.000000
181,-52.062343,14.532448,0.000000
182,-51.905705,14.603591,0.000000
183,-51.748555,14.675541,0.000000
184,-51.592241,14.748299,0.000000
185,-51.436570,14.821856,0.000000
186,-51.281499,14.896206,0.000000
187,-51.126963,14.971342,0.000000
188,-50.972902,15.047258,0.000000
189,-50.819262,15.123948,0.000000
190,-50.665968,15.201406,0.000000
191,-50.512969,15.279629,0.000000
192,-50.360239,15.358610,0.000000
193,-50.207709,15.438346,0.000000
194,-50.055313,15.518834,0.000000
195,-49.902995,15.600069,0.000000
196,-49.750629,15.682049,0.000000
197,-49.598266,15.764771,0.000000
198,-49.445807,15.848233,0.000000
199,-49.293176,15.932434,0.000000
200,-49.140298,16.017371,0.000000
201,-48.987128,16.103045,0.000000
202,-48.833540,16.189454,0.000000
203,-48.679492,16.276599,0.000000
204,-48.524723,16.364480,0.000000
205,-48.369271,16.453100,0.000000
206,-48.212855,16.542461,0.000000
207,-48.055356,16.632567,0.000000
208,-47.896657,16.723423,0.000000
209,-47.736498,16.815034,0.000000
210,-47.574797,16.907407,0.000000
211,-47.411394,17.000551,0.000000
212,-47.246037,17.094473,0.000000
213,-47.078305,17.189184,0.000000
214,-46.908184,17.284698,0.000000
215,-46.735222,17.381028,0.000000
216,-46.558798,17.478190,0.000000
217,-46.378544,17.576204,0.000000
218,-46.193811,17.675093,0.000000
219,-46.003890,17.774884,0.000000
220,-45.808222,17.875608,0.000000
221,-45.605635,17.977301,0.000000
222,-45.395612,18.080006,0.000000
223,-45.176515,18.183769,0.000000
224,-44.947278,18.288646,0.000000
225,-44.705776,18.394702,0.000000
226,-44.449667,18.502014,0.000000
227,-44.174873,18.610677,0.000000
228,-43.877866,18.720808,0.000000
229,-43.551399,18.832553,0.000000
230,-43.189119,18.946102,0.000000
231,-42.778258,19.061688,0.000000
232,-42.301916,19.179627,0.000000
233,-41.727602,19.300349,0.000000
234,-40.994988,19.424497,0.000000
235,-39.989858,19.553115,0.000000
236,-38.383432,19.688006,0.000000
237,-34.961926,19.833156,0.000000
238,-16.354888,20.000633,0.000000
239,0.000000,20.291598,1.000000
240,-58.000000,20.690626,0.000000
241,-57.820159,20.701657,0.000000
242,-57.641166,20.713851,0.000000
243,-57.463064,20.727197,0.000000
244,-57.285854,20.741686,0.000000
245,-57.109519,20.757308,0.000000
246,-56.934054,20.774053,0.000000
247,-56.759452,20.791913,0.000000
248,-56.585704,20.810877,0.000000
249,-56.412806,20.830936,0.000000
250,-56.240748,20.852080,0.000000
251,-56.069527,20.874302,0.000000
252,-55.899132,20.897591,0.000000
253,-55.729414,20.921938,0.000000
254,-55.560564,20.947335,0.000000
255,-55.392544,20.973774,0.000000
256,-55.225344,21.001244,0.000000
257,-55.058953,21.029738,0.000000
258,-54.893356,21.059246,0.000000
259,-54.728534,21.089759,0.000000
260,-54.564481,21.121270,0.000000
261,-54.401188,21.153769,0.000000
262,-54.238643,21.187248,0.000000
263,-54.076836,21.221700,0.000000
264,-53.915751,21.257115,0.000000
265,-53.754979,21.293487,0.000000
266,-53.595026,21.330808,0.000000
267,-53.435849,21.369072,0.000000
268,-53.277404,21.408270,0.000000
269,-53.119677,21.448393,0.000000
270,-52.962629,21.489434,0.000000
271,-52.806246,21.531385,0.000000
272,-52.650470,21.574238,0.000000
273,-52.495309,21.617988,0.000000
274,-52.340746,21.662626,0.000000
275,-52.186751,21.708145,0.000000
276,-52.033300,21.754540,0.000000
277,-51.880365,21.801803,0.000000
278,-51.726941,21.849928,0.000000
279,-51.574312,21.898915,0.000000
280,-51.422333,21.948756,0.000000
281,-51.270865,21.999445,0.000000
282,-51.119935,22.050974,0.000000
283,-50.969453,22.103338,0.000000
284,-50.819340,22.156531,0.000000
285,-50.669563,22.210547,0.000000
286,-50.520069,22.265381,0.000000
287,-50.370812,22.321029,0.000000
288,-50.221764,22.377487,0.000000
289,-50.072836,22.434750,0.000000
290,-49.923976,22.492816,0.000000
291,-49.775058,22.551680,0.000000
292,-49.626130,22.611340,0.000000
293,-49.477138,22.671795,0.000000
294,-49.327958,22.733042,0.000000
295,-49.178539,22.795078,0.000000
296,-49.028836,22.857904,0.000000
297,-48.878739,22.921519,0.000000
298,-48.728214,22.985923,0.000000
299,-48.577064,23.051115,0.000000
300,-48.425170,23.117097,0.000000
301,-48.272501,23.183872,0.000000
302,-48.118859,23.251443,0.000000
303,-47.964001,23.319812,0.000000
304,-47.807720,23.388986,0.000000
305,-47.650025,23.458971,0.000000
306,-47.490758,23.529775,0.000000
307,-47.329612,23.601404,0.000000
308,-47.166389,23.673868,0.000000
309,-47.000798,23.747179,0.000000
310,-46.832744,23.821350,0.000000
311,-46.661618,23.896394,0.000000
312,-46.486877,23.972329,0.000000
313,-46.308131,24.049175,0.000000
314,-46.124769,24.126957,0.000000
315,-45.935915,24.205702,0.000000
316,-45.740857,24.285443,0.000000
317,-45.539029,24.366220,0.000000
318,-45.329640,24.448072,0.000000
319,-45.110901,24.531047,0.000000
320,-44.881590,24.615205,0.000000
321,-44.639598,24.700610,0.000000
322,-44.382255,24.787344,0.000000
323,-44.105350,24.875504,0.000000
324,-43.804527,24.965217,0.000000
325,-43.473391,25.056636,0.000000
326,-43.104422,25.149958,0.000000
327,-42.684757,25.245429,0.000000
328,-42.192923,25.343379,0.000000
329,-41.593637,25.444281,0.000000
330,-40.820965,25.548843,0.000000
331,-39.741605,25.658207,0.000000
332,-37.943659,25.774402,0.000000
333,-33.652065,25.902196,0.000000
334,0.000000,26.058175,1.000000
335,-58.000000,26.437981,0.000000
336,-57.823033,26.429855,0.000000
337,-57.646889,26.422935,0.000000
338,-57.471615,26.417213,0.000000
339,-57.297206,26.412678,0.000000
340,-57.123651,26.409321,0.000000
341,-56.950944,26.407132,0.000000
342,-56.779077,26.406102,0.000000
343,-56.608042,26.406221,0.000000
344,-56.437834,26.407480,0.000000
345,-56.268444,26.409870,0.000000
346,-56.099868,26.413381,0.000000
347,-55.932099,26.418004,0.000000
348,-55.764985,26.423729,0.000000
349,-55.598706,26.430550,0.000000
350,-55.433244,26.438457,0.000000
351,-55.268577,26.447441,0.000000
352,-55.104702,26.457492,0.000000
353,-54.941605,26.468602,0.000000
354,-54.779265,26.480763,0.000000
355,-54.617678,26.493965,0.000000
356,-54.456831,26.508201,0.000000
357,-54.296715,26.523461,0.000000
358,-54.137318,26.539739,0.000000
359,-53.978628,26.557024,0.000000
360,-53.820195,26.575310,0.000000
361,-53.662582,26.594591,0.000000
362,-53.505723,26.614858,0.000000
363,-53.349586,26.636104,0.000000
364,-53.194167,26.658320,0.000000
365,-53.039417,26.681497,0.000000
366,-52.885309,26.705630,0.000000
367,-52.731827,26.730709,0.000000
368,-52.578944,26.756728,0.000000
369,-52.426642,26.783679,0.000000
370,-52.274901,26.811556,0.000000
371,-52.123702,26.840351,0.000000
372,-51.973024,26.870059,0.000000
373,-51.821684,26.900672,0.000000
374,-51.671127,26.932191,0.000000
375,-51.521250,26.964610,0.000000
376,-51.371936,26.997920,0.000000
377,-51.223221,27.032114,0.000000
378,-51.074961,27.067185,0.000000
379,-50.927119,27.103128,0.000000
380,-50.779600,27.139937,0.000000
381,-50.632397,27.177606,0.000000
382,-50.485426,27.216132,0.000000
383,-50.338688,27.255508,0.000000
384,-50.192122,27.295732,0.000000
385,-50.045654,27.336799,0.000000
386,-49.899245,27.378705,0.000000
387,-49.752769,27.421448,0.000000
388,-49.606276,27.465024,0.000000
389,-49.459667,27.509433,0.000000
390,-49.312885,27.554670,0.000000
391,-49.165877,27.600735,0.000000
392,-49.018544,27.647627,0.000000
393,-48.870842,27.695344,0.000000
394,-48.722625,27.743888,0.000000
395,-48.573840,27.793257,0.000000
396,-48.424317,27.843454,0.000000
397,-48.274011,27.894480,0.000000
398,-48.122725,27.946339,0.000000
399,-47.970215,27.999033,0.000000
400,-47.816327,28.052568,0.000000
401,-47.661090,28.106951,0.000000
402,-47.504281,28.162187,0.000000
403,-47.345740,28.218284,0.000000
404,-47.185018,28.275252,0.000000
405,-47.021979,28.333101,0.000000
406,-46.856414,28.391844,0.000000
407,-46.687882,28.451495,0.000000
408,-46.515857,28.512071,0.000000
409,-46.340194,28.573591,0.000000
410,-46.159859,28.636078,0.000000
411,-45.974544,28.699559,0.000000
412,-45.782966,28.764063,0.000000
413,-45.585016,28.829630,0.000000
414,-45.379507,28.896298,0.000000
415,-45.165160,28.964113,0.000000
416,-44.940700,29.033132,0.000000
417,-44.704361,29.103417,0.000000
418,-44.453561,29.175043,0.000000
419,-44.184664,29.248102,0.000000
420,-43.893395,29.322711,0.000000
421,-43.573711,29.399013,0.000000
422,-43.219342,29.477191,0.000000
423,-42.818298,29.557472,0.000000
424,-42.355230,29.640158,0.000000
425,-41.796340,29.725656,0.000000
426,-41.089473,29.814595,0.000000
427,-40.131790,29.907950,0.000000
428,-38.639561,30.007378,0.000000
429,-35.618894,30.116423,0.000000
430,-22.125987,30.245242,0.000000
431,0.000000,30.463585,1.000000
432,-58.000000,30.828706,0.000000
433,-57.825228,30.805944,0.000000
434,-57.651262,30.784422,0.000000
435,-57.478145,30.764133,0.000000
436,-57.305876,30.745065,0.000000
437,-57.134444,30.727208,0.000000
438,-56.963843,30.710555,0.000000
439,-56.794066,30.695094,0.000000
440,-56.625104,30.680817,0.000000
441,-56.456949,30.667713,0.000000
442,-56.289599,30.655774,0.000000
443,-56.123044,30.644991,0.000000
444,-55.957281,30.635354,0.000000
445,-55.792150,30.626855,0.000000
446,-55.627830,30.619484,0.000000
447,-55.464312,30.613234,0.000000
448,-55.301594,30.608094,0.000000
449,-55.139642,30.604056,0.000000
450,-54.978454,30.601112,0.000000
451,-54.818014,30.599252,0.000000
452,-54.658308,30.598468,0.000000
453,-54.499326,30.598751,0.000000
454,-54.341067,30.600093,0.000000
455,-54.183513,30.602485,0.000000
456,-54.026655,30.605920,0.000000
457,-53.870479,30.610389,0.000000
458,-53.714622,30.615885,0.000000
459,-53.559539,30.622401,0.000000
460,-53.405170,30.629930,0.000000
461,-53.251510,30.638462,0.000000
462,-53.098492,30.647990,0.000000
463,-52.946130,30.658507,0.000000
464,-52.794382,30.670005,0.000000
465,-52.643236,30.682475,0.000000
466,-52.492652,30.695912,0.000000
467,-52.342637,30.710308,0.000000
468,-52.193160,30.725656,0.000000
469,-52.044190,30.741950,0.000000
470,-51.895715,30.759182,0.000000
471,-51.746681,30.777346,0.000000
472,-51.598419,30.796444,0.000000
473,-51.450767,30.816467,0.000000
474,-51.303678,30.837407,0.000000
475,-51.157055,30.859257,0.000000
476,-51.010859,30.882013,0.000000
477,-50.865061,30.905667,0.000000
478,-50.719580,30.930214,0.000000
479,-50.574347,30.955650,0.000000
480,-50.429377,30.981969,0.000000
481,-50.284581,31.009166,0.000000
482,-50.139916,31.037238,0.000000
483,-49.995338,31.066181,0.000000
484,-49.850706,31.095992,0.000000
485,-49.706069,31.126667,0.000000
486,-49.561375,31.158205,0.000000
487,-49.416554,31.190601,0.000000
488,-49.271555,31.223856,0.000000
489,-49.126303,31.257966,0.000000
490,-48.980734,31.292931,0.000000
491,-48.834701,31.328749,0.000000
492,-48.688222,31.365422,0.000000
493,-48.541037,31.402949,0.000000
494,-48.393212,31.441332,0.000000
495,-48.244554,31.480573,0.000000
496,-48.094831,31.520674,0.000000
497,-47.943903,31.561640,0.000000
498,-47.791569,31.603475,0.000000
499,-47.637842,31.646186,0.000000
500,-47.482563,31.689780,0.000000
501,-47.325373,31.734264,0.000000
502,-47.166126,31.779647,0.000000
503,-47.004585,31.825941,0.000000
504,-46.840603,31.873157,0.000000
505,-46.673570,31.921309,0.000000
506,-46.503051,31.970414,0.000000
507,-46.328808,32.020492,0.000000
508,-46.150047,32.071565,0.000000
509,-45.966072,32.123660,0.000000
510,-45.775935,32.176807,0.000000
511,-45.579467,32.231045,0.000000
512,-45.375487,32.286412,0.000000
513,-45.162709,32.342954,0.000000
514,-44.939858,32.400726,0.000000
515,-44.705175,32.459791,0.000000
516,-44.456079,32.520224,0.000000
517,-44.188936,32.582116,0.000000
518,-43.899832,32.645583,0.000000
519,-43.582423,32.710765,0.000000
520,-43.230531,32.777846,0.000000
521,-42.832196,32.847050,0.000000
522,-42.373275,32.918678,0.000000
523,-41.820387,32.993128,0.000000
524,-41.122688,33.071015,0.000000
525,-40.179508,33.153293,0.000000
526,-38.726227,33.241586,0.000000
527,-35.825384,33.339272,0.000000
528,-23.636074,33.455972,0.000000
529,0.000000,33.653545,1.000000
530,-58.000000,34.008033,0.000000
531,-57.826818,33.974673,0.000000
532,-57.654429,33.942579,0.000000
533,-57.482876,33.911740,0.000000
534,-57.312158,33.882149,0.000000
535,-57.142264,33.853794,0.000000
536,-56.973187,33.826666,0.000000
537,-56.804921,33.800756,0.000000
538,-56.637457,33.776054,0.000000
539,-56.470791,33.752551,0.000000
540,-56.304915,33.730237,0.000000
541,-56.139826,33.709104,0.000000
542,-55.975513,33.689141,0.000000
543,-55.811818,33.670341,0.000000
544,-55.648926,33.652694,0.000000
545,-55.486818,33.636192,0.000000
546,-55.325501,33.620826,0.000000
547,-55.164947,33.606587,0.000000
548,-55.005140,33.593465,0.000000
549,-54.846071,33.581453,0.000000
550,-54.687727,33.570541,0.000000
551,-54.530097,33.560721,0.000000
552,-54.373179,33.551984,0.000000
553,-54.216960,33.544323,0.000000
554,-54.061426,33.537729,0.000000
555,-53.906565,33.532194,0.000000
556,-53.751975,33.527709,0.000000
557,-53.598149,33.524270,0.000000
558,-53.445059,33.521868,0.000000
559,-53.292661,33.520495,0.000000
560,-53.140920,33.520142,0.000000
561,-52.989811,33.520803,0.000000
562,-52.839335,33.522468,0.000000
563,-52.689437,33.525131,0.000000
564,-52.540100,33.528784,0.000000
565,-52.391328,33.533421,0.000000
566,-52.243086,33.539034,0.000000
567,-52.095366,33.545616,0.000000
568,-51.948130,33.553162,0.000000
569,-51.800269,33.561664,0.000000
570,-51.653111,33.571123,0.000000
571,-51.506558,33.581532,0.000000
572,-51.360610,33.592883,0.000000
573,-51.215213,33.605169,0.000000
574,-51.070274,33.618384,0.000000
575,-50.925707,33.632521,0.000000
576,-50.781452,33.647575,0.000000
577,-50.637483,33.663540,0.000000
578,-50.493755,33.680411,0.000000
579,-50.350249,33.698185,0.000000
580,-50.206890,33.716856,0.000000
581,-50.063632,33.736421,0.000000
582,-49.920423,33.756875,0.000000
583,-49.777136,33.778216,0.000000
584,-49.633821,33.800441,0.000000
585,-49.490424,33.823547,0.000000
586,-49.346839,33.847533,0.000000
587,-49.203016,33.872395,0.000000
588,-49.058872,33.898134,0.000000
589,-48.914388,33.924748,0.000000
590,-48.769496,33.952236,0.000000
591,-48.624061,33.980598,0.000000
592,-48.477871,34.009836,0.000000
593,-48.330937,34.039951,0.000000
594,-48.183090,34.070945,0.000000
595,-48.034169,34.102821,0.000000
596,-47.884058,34.135584,0.000000
597,-47.732498,34.169238,0.000000
598,-47.579439,34.203790,0.000000
599,-47.424726,34.239248,0.000000
600,-47.268156,34.275619,0.000000
601,-47.109477,34.312913,0.000000
602,-46.948385,34.351140,0.000000
603,-46.784514,34.390314,0.000000
604,-46.617835,34.430449,0.000000
605,-46.447348,34.471562,0.000000
606,-46.272795,34.513674,0.000000
607,-46.093803,34.556810,0.000000
608,-45.909341,34.600995,0.000000
609,-45.718634,34.646263,0.000000
610,-45.521169,34.692651,0.000000
611,-45.316121,34.740201,0.000000
612,-45.101951,34.788960,0.000000
613,-44.877231,34.838984,0.000000
614,-44.640215,34.890339,0.000000
615,-44.387987,34.943103,0.000000
616,-44.117425,34.997373,0.000000
617,-43.822987,35.053265,0.000000
618,-43.499057,35.110935,0.000000
619,-43.137957,35.170571,0.000000
620,-42.728746,35.232416,0.000000
621,-42.251107,35.296783,0.000000
622,-41.673927,35.364120,0.000000
623,-40.932832,35.435080,0.000000
624,-39.909452,35.510744,0.000000
625,-38.251826,35.592978,0.000000
626,-34.605765,35.685990,0.000000
627,-12.408898,35.802998,0.000000
628,0.000000,36.067595,1.000000
629,-58.000000,36.414037,0.000000
630,-57.828021,36.372656,0.000000
631,-57.656825,36.332561,0.000000
632,-57.486456,36.293740,0.000000
633,-57.316913,36.256185,0.000000
634,-57.148184,36.219885,0.000000
635,-56.980262,36.184830,0.000000
636,-56.813141,36.151013,0.000000
637,-56.646813,36.118422,0.000000
638,-56.481273,36.087048,0.000000
639,-56.316515,36.056883,0.000000
640,-56.152532,36.027916,0.000000
641,-55.989319,36.000140,0.000000
642,-55.826705,35.973544,0.000000
643,-55.664899,35.948121,0.000000
644,-55.503872,35.923861,0.000000
645,-55.343608,35.900756,0.000000
646,-55.184110,35.878796,0.000000
647,-55.025354,35.857972,0.000000
648,-54.867324,35.838277,0.000000
649,-54.710011,35.819700,0.000000
650,-54.553407,35.802235,0.000000
651,-54.397504,35.785871,0.000000
652,-54.242291,35.770602,0.000000
653,-54.087760,35.756418,0.000000
654,-53.933895,35.743311,0.000000
655,-53.780302,35.731274,0.000000
656,-53.627436,35.720301,0.000000
657,-53.475287,35.710384,0.000000
658,-53.323851,35.701514,0.000000
659,-53.173075,35.693683,0.000000
660,-53.022931,35.686884,0.000000
661,-52.873392,35.681108,0.000000
662,-52.724443,35.676349,0.000000
663,-52.576056,35.672598,0.000000
664,-52.428228,35.669849,0.000000
665,-52.280925,35.668094,0.000000
666,-52.134136,35.667328,0.000000
667,-51.987831,35.667543,0.000000
668,-51.840787,35.668732,0.000000
669,-51.694501,35.670897,0.000000
670,-51.548920,35.674031,0.000000
671,-51.403862,35.678125,0.000000
672,-51.259376,35.683172,0.000000
673,-51.115292,35.689166,0.000000
674,-50.971629,35.696100,0.000000
675,-50.828313,35.703969,0.000000
676,-50.685275,35.712767,0.000000
677,-50.542512,35.722489,0.000000
678,-50.399964,35.733131,0.000000
679,-50.257578,35.744687,0.000000
680,-50.115295,35.757154,0.000000
681,-49.973097,35.770528,0.000000
682,-49.830816,35.784806,0.000000
683,-49.688524,35.799985,0.000000
684,-49.546167,35.816061,0.000000
685,-49.403675,35.833033,0.000000
686,-49.260923,35.850898,0.000000
687,-49.117966,35.869656,0.000000
688,-48.974644,35.889304,0.000000
689,-48.830909,35.909842,0.000000
690,-48.686722,35.931270,0.000000
691,-48.541795,35.953587,0.000000
692,-48.396245,35.976797,0.000000
693,-48.249855,36.000899,0.000000
694,-48.102392,36.025897,0.000000
695,-47.953794,36.051795,0.000000
696,-47.803791,36.078597,0.000000
697,-47.652406,36.106310,0.000000
698,-47.499482,36.134939,0.000000
699,-47.344713,36.164493,0.000000
700,-47.187955,36.194980,0.000000
701,-47.028902,36.226410,0.000000
702,-46.867343,36.258796,0.000000
703,-46.702946,36.292151,0.000000
704,-46.535329,36.326491,0.000000
705,-46.364098,36.361834,0.000000
706,-46.188420,36.398200,0.000000
707,-46.007815,36.435617,0.000000
708,-45.821677,36.474113,0.000000
709,-45.628963,36.513721,0.000000
710,-45.429280,36.554482,0.000000
711,-45.221181,36.596439,0.000000
712,-45.003193,36.639643,0.000000
713,-44.774472,36.684156,0.000000
714,-44.531957,36.730046,0.000000
715,-44.273366,36.777399,0.000000
716,-43.994033,36.826319,0.000000
717,-43.687706,36.876938,0.000000
718,-43.350309,36.929430,0.000000
719,-42.970920,36.983996,0.000000
720,-42.536635,37.040910,0.000000
721,-42.023518,37.100529,0.000000
722,-41.387267,37.163371,0.000000
723,-40.548099,37.230245,0.000000
724,-39.331474,37.302490,0.000000
725,-37.159599,37.382605,0.000000
726,-30.905381,37.476932,0.000000
727,0.000000,37.612640,1.000000
728,-58.000000,37.953931,0.000000
729,-57.828791,37.907418,0.000000
730,-57.658355,37.862201,0.000000
731,-57.488744,37.818272,0.000000
732,-57.319952,37.775619,0.000000
733,-57.151968,37.734234,0.000000
734,-56.984785,37.694107,0.000000
735,-56.818398,37.655228,0.000000
736,-56.652797,37.617588,0.000000
737,-56.487977,37.581177,0.000000
738,-56.323935,37.545987,0.000000
739,-56.160661,37.512007,0.000000
740,-55.998151,37.479229,0.000000
741,-55.836238,37.447644,0.000000
742,-55.675112,37.417244,0.000000
743,-55.514768,37.388019,0.000000
744,-55.355189,37.359961,0.000000
745,-55.196360,37.333059,0.000000
746,-55.038271,37.307307,0.000000
747,-54.880904,37.282694,0.000000
748,-54.724252,37.259212,0.000000
749,-54.568303,37.236853,0.000000
750,-54.413050,37.215608,0.000000
751,-54.258480,37.195469,0.000000
752,-54.104586,37.176428,0.000000
753,-53.951359,37.158476,0.000000
754,-53.798386,37.141605,0.000000
755,-53.646145,37.125811,0.000000
756,-53.494619,37.111084,0.000000
757,-53.343796,37.097416,0.000000
758,-53.193627,37.084799,0.000000
759,-53.044091,37.073226,0.000000
760,-52.895165,37.062688,0.000000
761,-52.746818,37.053178,0.000000
762,-52.599041,37.044688,0.000000
763,-52.451807,37.037213,0.000000
764,-52.305104,37.030743,0.000000
765,-52.158914,37.025273,0.000000
766,-52.013210,37.020796,0.000000
767,-51.867972,37.017306,0.000000
768,-51.722209,37.014795,0.000000
769,-51.577163,37.013264,0.000000
770,-51.432741,37.012705,0.000000
771,-51.288765,37.013111,0.000000
772,-51.145288,37.014476,0.000000
773,-51.002210,37.016792,0.000000
774,-50.859479,37.020055,0.000000
775,-50.717055,37.024258,0.000000
776,-50.574889,37.029397,0.000000
777,-50.432956,37.035467,0.000000
778,-50.291186,37.042462,0.000000
779,-50.149538,37.050379,0.000000
780,-50.007966,37.059214,0.000000
781,-49.866418,37.068964,0.000000
782,-49.724768,37.079624,0.000000
783,-49.583064,37.091194,0.000000
784,-49.441234,37.103670,0.000000
785,-49.299230,37.117049,0.000000
786,-49.156964,37.131331,0.000000
787,-49.014396,37.146513,0.000000
788,-48.871439,37.162595,0.000000
789,-48.727955,37.179577,0.000000
790,-48.583902,37.197459,0.000000
791,-48.439100,37.216241,0.000000
792,-48.293505,37.235927,0.000000
793,-48.147036,37.256517,0.000000
794,-47.999415,37.278015,0.000000
795,-47.850416,37.300425,0.000000
796,-47.700095,37.323754,0.000000
797,-47.548295,37.348008,0.000000
798,-47.394819,37.373193,0.000000
799,-47.239306,37.399317,0.000000
800,-47.081668,37.426390,0.000000
801,-46.921694,37.454424,0.000000
802,-46.758932,37.483432,0.000000
803,-46.593168,37.513427,0.000000
804,-46.423466,37.544428,0.000000
805,-46.250019,37.576457,0.000000
806,-46.072098,37.609535,0.000000
807,-45.888564,37.643689,0.000000
808,-45.698713,37.678953,0.000000
809,-45.502131,37.715365,0.000000
810,-45.297990,37.752967,0.000000
811,-45.084459,37.791803,0.000000
812,-44.860388,37.831934,0.000000
813,-44.623754,37.873425,0.000000
814,-44.371335,37.916356,0.000000
815,-44.100067,37.960825,0.000000
816,-43.805040,38.006956,0.000000
817,-43.480482,38.054899,0.000000
818,-43.118687,38.104846,0.000000
819,-42.707546,38.157039,0.000000
820,-42.227871,38.211798,0.000000
821,-41.643655,38.269573,0.000000
822,-40.895097,38.331050,0.000000
823,-39.858764,38.397313,0.000000
824,-38.162248,38.470263,0.000000
825,-34.334171,38.554280,0.000000
826,-8.864811,38.663538,0.000000
827,0.000000,38.942228,1.000000
828,-58.000000,39.279087,0.000000
829,-57.829453,39.228157,0.000000
830,-57.659675,39.178533,0.000000
831,-57.490716,39.130207,0.000000
832,-57.322570,39.083168,0.000000
833,-57.155227,39.037407,0.000000
834,-56.988680,38.992914,0.000000
835,-56.822924,38.949680,0.000000
836,-56.657948,38.907695,0.000000
837,-56.493749,38.866950,0.000000
838,-56.330321,38.827435,0.000000
839,-56.167658,38.789141,0.000000
840,-56.005754,38.752060,0.000000
841,-55.844601,38.716181,0.000000
842,-55.684068,38.681497,0.000000
843,-55.524312,38.647998,0.000000
844,-55.365307,38.615676,0.000000
845,-55.207062,38.584521,0.000000
846,-55.049546,38.554526,0.000000
847,-54.892752,38.525681,0.000000
848,-54.736665,38.497977,0.000000
849,-54.581279,38.471406,0.000000
850,-54.426585,38.445959,0.000000
851,-54.272572,38.421629,0.000000
852,-54.119230,38.398406,0.000000
853,-53.966550,38.376283,0.000000
854,-53.814104,38.355252,0.000000
855,-53.662400,38.335307,0.000000
856,-53.511412,38.316440,0.000000
857,-53.361108,38.298643,0.000000
858,-53.211469,38.281906,0.000000
859,-53.062462,38.266224,0.000000
860,-52.914066,38.251586,0.000000
861,-52.766239,38.237987,0.000000
862,-52.618973,38.225419,0.000000
863,-52.472259,38.213875,0.000000
864,-52.326068,38.203347,0.000000
865,-52.180389,38.193828,0.000000
866,-52.035201,38.185313,0.000000
867,-51.890476,38.177794,0.000000
868,-51.745225,38.171265,0.000000
869,-51.600679,38.165726,0.000000
870,-51.456711,38.161169,0.000000
871,-51.313290,38.157587,0.000000
872,-51.170307,38.154973,0.000000
873,-51.027760,38.153321,0.000000
874,-50.885559,38.152625,0.000000
875,-50.743662,38.152879,0.000000
876,-50.602021,38.154078,0.000000
877,-50.460596,38.156218,0.000000
878,-50.319363,38.159293,0.000000
879,-50.178249,38.163300,0.000000
880,-50.037234,38.168234,0.000000
881,-49.896241,38.174091,0.000000
882,-49.755163,38.180870,0.000000
883,-49.614048,38.188566,0.000000
884,-49.472801,38.197177,0.000000
885,-49.331383,38.206701,0.000000
886,-49.189720,38.217136,0.000000
887,-49.047729,38.228481,0.000000
888,-48.905411,38.240734,0.000000
889,-48.762637,38.253896,0.000000
890,-48.619314,38.267965,0.000000
891,-48.475268,38.282943,0.000000
892,-48.330338,38.298831,0.000000
893,-48.184620,38.315633,0.000000
894,-48.037822,38.333350,0.000000
895,-47.889826,38.351987,0.000000
896,-47.740423,38.371548,0.000000
897,-47.589534,38.392040,0.000000
898,-47.437001,38.413470,0.000000
899,-47.282623,38.435845,0.000000
900,-47.126201,38.459174,0.000000
901,-46.967484,38.483469,0.000000
902,-46.806001,38.508741,0.000000
903,-46.641672,38.535005,0.000000
904,-46.473866,38.562277,0.000000
905,-46.301785,38.590577,0.000000
906,-46.125638,38.619930,0.000000
907,-45.944210,38.650360,0.000000
908,-45.756638,38.681897,0.000000
909,-45.562802,38.714580,0.000000
910,-45.361531,38.748446,0.000000
911,-45.151249,38.783541,0.000000
912,-44.931108,38.819921,0.000000
913,-44.699067,38.857647,0.000000
914,-44.452686,38.896794,0.000000
915,-44.188186,38.937454,0.000000
916,-43.902236,38.979741,0.000000
917,-43.588225,39.023793,0.000000
918,-43.240054,39.069793,0.000000
919,-42.846855,39.117960,0.000000
920,-42.393266,39.168587,0.000000
921,-41.850713,39.222070,0.000000
922,-41.164220,39.278992,0.000000
923,-40.241962,39.340301,0.000000
924,-38.835415,39.407553,0.000000
925,-36.094525,39.483959,0.000000
926,-25.457515,39.578382,0.000000
927,0.000000,39.743404,1.000000
928,-58.000000,40.077592,0.000000
929,-57.829853,40.024000,0.000000
930,-57.660470,39.971721,0.000000
931,-57.491904,39.920746,0.000000
932,-57.324148,39.871064,0.000000
933,-57.157191,39.822666,0.000000
934,-56.991026,39.775543,0.000000
935,-56.825649,39.729684,0.000000
936,-56.661051,39.685081,0.000000
937,-56.497225,39.641723,0.000000
938,-56.334169,39.599603,0.000000
939,-56.171874,39.558710,0.000000
940,-56.010334,39.519035,0.000000
941,-55.849543,39.480569,0.000000
942,-55.689371,39.443304,0.000000
943,-55.529973,39.407230,0.000000
944,-55.371323,39.372340,0.000000
945,-55.213428,39.338623,0.000000
946,-55.056262,39.306071,0.000000
947,-54.899814,39.274676,0.000000
948,-54.744072,39.244429,0.000000
949,-54.589027,39.215320,0.000000
950,-54.434671,39.187342,0.000000
951,-54.280994,39.160486,0.000000
952,-54.127985,39.134745,0.000000
953,-53.975633,39.110109,0.000000
954,-53.823508,39.086571,0.000000
955,-53.672135,39.064126,0.000000
956,-53.521459,39.042765,0.000000
957,-53.371464,39.022479,0.000000
958,-53.222148,39.003261,0.000000
959,-53.073455,38.985102,0.000000
960,-52.925370,38.967996,0.000000
961,-52.777856,38.951933,0.000000
962,-52.630911,38.936908,0.000000
963,-52.484500,38.922912,0.000000
964,-52.338624,38.909939,0.000000
965,-52.193259,38.897982,0.000000
966,-52.048376,38.887033,0.000000
967,-51.903959,38.877087,0.000000
968,-51.758946,38.868137,0.000000
969,-51.614631,38.860184,0.000000
970,-51.470971,38.853219,0.000000
971,-51.327819,38.847235,0.000000
972,-51.185166,38.842226,0.000000
973,-51.042943,38.838184,0.000000
974,-50.901044,38.835104,0.000000
975,-50.759454,38.832980,0.000000
976,-50.618112,38.831807,0.000000
977,-50.477007,38.831580,0.000000
978,-50.336077,38.832295,0.000000
979,-50.195299,38.833947,0.000000
980,-50.054600,38.836531,0.000000
981,-49.913941,38.840046,0.000000
982,-49.773196,38.844486,0.000000
983,-49.632414,38.849850,0.000000
984,-49.491541,38.856134,0.000000
985,-49.350472,38.863337,0.000000
986,-49.209157,38.871456,0.000000
987,-49.067555,38.880490,0.000000
988,-48.925602,38.890438,0.000000
989,-48.783232,38.901299,0.000000
990,-48.640384,38.913073,0.000000
991,-48.496816,38.925760,0.000000
992,-48.352398,38.939362,0.000000
993,-48.207093,38.953882,0.000000
994,-48.060760,38.969322,0.000000
995,-47.913229,38.985685,0.000000
996,-47.764344,39.002978,0.000000
997,-47.614082,39.021206,0.000000
998,-47.462166,39.040375,0.000000
999,-47.308425,39.060492,0.000000
1000,-47.152591,39.081568,0.000000
1001,-46.994530,39.103612,0.000000
1002,-46.833804,39.126637,0.000000
1003,-46.670339,39.150656,0.000000
1004,-46.503340,39.175685,0.000000
1005,-46.332702,39.201743,0.000000
1006,-46.157617,39.228853,0.000000
1007,-45.977579,39.257039,0.000000
1008,-45.791380,39.286332,0.000000
1009,-45.598960,39.316768,0.000000
1010,-45.399394,39.348386,0.000000
1011,-45.191055,39.381229,0.000000
1012,-44.972884,39.415351,0.000000
1013,-44.743481,39.450814,0.000000
1014,-44.500079,39.487688,0.000000
1015,-44.240333,39.526062,0.000000
1016,-43.959514,39.566039,0.000000
1017,-43.651251,39.607756,0.000000
1018,-43.310954,39.651388,0.000000
1019,-42.927609,39.697144,0.000000
1020,-42.487792,39.745303,0.000000
1021,-41.964553,39.796233,0.000000
1022,-41.309957,39.850482,0.000000
1023,-40.443955,39.908914,0.000000
1024,-39.161402,39.972924,0.000000
1025,-36.810757,40.045272,0.000000
1026,-29.401698,40.133049,0.000000
1027,0.000000,40.269928,1.000000
1028,-58.000000,40.602361,0.000000
1029,-57.830115,40.547020,0.000000
1030,-57.660993,40.492996,0.000000
1031,-57.492685,40.440279,0.000000
1032,-57.325183,40.388861,0.000000
1033,-57.158480,40.338730,0.000000
1034,-56.992567,40.289878,0.000000
1035,-56.827440,40.242294,0.000000
1036,-56.663090,40.195970,0.000000
1037,-56.499510,40.150897,0.000000
1038,-56.336697,40.107063,0.000000
1039,-56.174644,40.064462,0.000000
1040,-56.013343,40.023083,0.000000
1041,-55.852790,39.982917,0.000000
1042,-55.692852,39.943955,0.000000
1043,-55.533690,39.906190,0.000000
1044,-55.375275,39.869611,0.000000
1045,-55.217604,39.834211,0.000000
1046,-55.060668,39.799979,0.000000
1047,-54.904448,39.766908,0.000000
1048,-54.748932,39.734989,0.000000
1049,-54.594111,39.704213,0.000000
1050,-54.439974,39.674571,0.000000
1051,-54.286513,39.646056,0.000000
1052,-54.133721,39.618659,0.000000
1053,-53.981586,39.592372,0.000000
1054,-53.829662,39.567187,0.000000
1055,-53.678483,39.543099,0.000000
1056,-53.528027,39.520099,0.000000
1057,-53.378230,39.498178,0.000000
1058,-53.229108,39.477329,0.000000
1059,-53.080630,39.457544,0.000000
1060,-52.932744,39.438815,0.000000
1061,-52.785443,39.421134,0.000000
1062,-52.638701,39.404494,0.000000
1063,-52.492499,39.388887,0.000000
1064,-52.346831,39.374308,0.000000
1065,-52.201667,39.360748,0.000000
1066,-52.056988,39.348201,0.000000
1067,-51.912775,39.336660,0.000000
1068,-51.767953,39.326120,0.000000
1069,-51.623779,39.316580,0.000000
1070,-51.480279,39.308032,0.000000
1071,-51.337315,39.300470,0.000000
1072,-51.194849,39.293887,0.000000
1073,-51.052793,39.288275,0.000000
1074,-50.911101,39.283629,0.000000
1075,-50.769696,39.279943,0.000000
1076,-50.628564,39.277211,0.000000
1077,-50.487642,39.275430,0.000000
1078,-50.346934,39.274595,0.000000
1079,-50.206362,39.274700,0.000000
1080,-50.065883,39.275742,0.000000
1081,-49.925444,39.277717,0.000000
1082,-49.784918,39.280621,0.000000
1083,-49.644354,39.284453,0.000000
1084,-49.503700,39.289209,0.000000
1085,-49.362911,39.294887,0.000000
1086,-49.221832,39.301485,0.000000
1087,-49.080465,39.309001,0.000000
1088,-48.938790,39.317435,0.000000
1089,-48.796673,39.326784,0.000000
1090,-48.654037,39.337051,0.000000
1091,-48.510721,39.348234,0.000000
1092,-48.366721,39.360335,0.000000
1093,-48.221759,39.373355,0.000000
1094,-48.075724,39.387299,0.000000
1095,-47.928577,39.402170,0.000000
1096,-47.780032,39.417972,0.000000
1097,-47.630113,39.434712,0.000000
1098,-47.478661,39.452396,0.000000
1099,-47.325321,39.471030,0.000000
1100,-47.169941,39.490624,0.000000
1101,-47.012288,39.511189,0.000000
1102,-46.852215,39.532737,0.000000
1103,-46.689219,39.555280,0.000000
1104,-46.522758,39.578834,0.000000
1105,-46.352687,39.603419,0.000000
1106,-46.178175,39.629057,0.000000
1107,-45.998924,39.655772,0.000000
1108,-45.813603,39.683593,0.000000
1109,-45.622235,39.712557,0.000000
1110,-45.423610,39.742701,0.000000
1111,-45.216927,39.774067,0.000000
1112,-45.000245,39.806708,0.000000
1113,-44.773013,39.840684,0.000000
1114,-44.532030,39.876061,0.000000
1115,-44.275014,39.912928,0.000000
1116,-43.997304,39.951384,0.000000
1117,-43.692839,39.991564,0.000000
1118,-43.357477,40.033640,0.000000
1119,-42.980326,40.077812,0.000000
1120,-42.548486,40.124350,0.000000
1121,-42.039220,40.173612,0.000000
1122,-41.409345,40.226105,0.000000
1123,-40.582709,40.282623,0.000000
1124,-39.381401,40.344463,0.000000
1125,-37.259379,40.414105,0.000000
1126,-31.308892,40.497662,0.000000
1127,0.000000,40.620611,1.000000
1128,-58.000000,40.951875,0.000000
1129,-57.830290,40.895369,0.000000
1130,-57.661341,40.840183,0.000000
1131,-57.493205,40.786306,0.000000
1132,-57.325874,40.733731,0.000000
1133,-57.159340,40.682446,0.000000
1134,-56.993594,40.632442,0.000000
1135,-56.828634,40.583710,0.000000
1136,-56.664447,40.536240,0.000000
1137,-56.501031,40.490023,0.000000
1138,-56.338379,40.445049,0.000000
1139,-56.176487,40.401310,0.000000
1140,-56.015346,40.358796,0.000000
1141,-55.854951,40.317497,0.000000
1142,-55.695171,40.277406,0.000000
1143,-55.536166,40.238514,0.000000
1144,-55.377907,40.200811,0.000000
1145,-55.220389,40.164289,0.000000
1146,-55.063602,40.128938,0.000000
1147,-54.907528,40.094751,0.000000
1148,-54.752157,40.061719,0.000000
1149,-54.597480,40.029832,0.000000
1150,-54.443491,39.999083,0.000000
1151,-54.290178,39.969462,0.000000
1152,-54.137532,39.940963,0.000000
1153,-53.985541,39.913576,0.000000
1154,-53.833749,39.887294,0.000000
1155,-53.682717,39.862111,0.000000
1156,-53.532399,39.838020,0.000000
1157,-53.382753,39.815010,0.000000
1158,-53.233776,39.793075,0.000000
1159,-53.085441,39.772206,0.000000
1160,-52.937697,39.752396,0.000000
1161,-52.790522,39.733637,0.000000
1162,-52.643920,39.715921,0.000000
1163,-52.497851,39.699242,0.000000
1164,-52.352321,39.683592,0.000000
1165,-52.207294,39.668965,0.000000
1166,-52.062752,39.655353,0.000000
1167,-51.918674,39.642750,0.000000
1168,-51.773965,39.631150,0.000000
1169,-51.629905,39.620553,0.000000
1170,-51.486489,39.610952,0.000000
1171,-51.343676,39.602338,0.000000
1172,-51.201362,39.594706,0.000000
1173,-51.059456,39.588048,0.000000
1174,-50.917913,39.582358,0.000000
1175,-50.776658,39.577631,0.000000
1176,-50.635674,39.573861,0.000000
1177,-50.494900,39.571044,0.000000
1178,-50.354340,39.569174,0.000000
1179,-50.213916,39.568248,0.000000
1180,-50.073584,39.568261,0.000000
1181,-49.933291,39.569210,0.000000
1182,-49.792910,39.571090,0.000000
1183,-49.652492,39.573901,0.000000
1184,-49.511981,39.577638,0.000000
1185,-49.371336,39.582299,0.000000
1186,-49.230400,39.587883,0.000000
1187,-49.089177,39.594387,0.000000
1188,-48.947645,39.601811,0.000000
1189,-48.805669,39.610154,0.000000
1190,-48.663215,39.619416,0.000000
1191,-48.520079,39.629596,0.000000
1192,-48.376220,39.640697,0.000000
1193,-48.231476,39.652720,0.000000
1194,-48.085658,39.665668,0.000000
1195,-47.938656,39.679544,0.000000
1196,-47.790337,39.694355,0.000000
1197,-47.640645,39.710105,0.000000
1198,-47.489423,39.726800,0.000000
1199,-47.336364,39.744448,0.000000
1200,-47.181270,39.763057,0.000000
1201,-47.023945,39.782639,0.000000
1202,-46.864121,39.803204,0.000000
1203,-46.701468,39.824766,0.000000
1204,-46.535604,39.847340,0.000000
1205,-46.366136,39.870945,0.000000
1206,-46.192230,39.895601,0.000000
1207,-46.013406,39.921334,0.000000
1208,-45.829058,39.948173,0.000000
1209,-45.638317,39.976152,0.000000
1210,-45.440663,40.005310,0.000000
1211,-45.234801,40.035688,0.000000
1212,-45.019365,40.067337,0.000000
1213,-44.792910,40.100316,0.000000
1214,-44.553523,40.134696,0.000000
1215,-44.297755,40.170557,0.000000
1216,-44.022416,40.208003,0.000000
1217,-43.721257,40.247160,0.000000
1218,-43.389039,40.288195,0.000000
1219,-43.016205,40.331307,0.000000
1220,-42.590997,40.376761,0.000000
1221,-42.087967,40.424899,0.000000
1222,-41.468361,40.476229,0.000000
1223,-40.660834,40.531520,0.000000
1224,-39.505397,40.592009,0.000000
1225,-37.512587,40.660000,0.000000
1226,-32.252777,40.741049,0.000000
1227,0.000000,40.856894,1.000000
1228,-58.000000,41.187371,0.000000
1229,-57.830408,41.130079,0.000000
1230,-57.661575,41.074110,0.000000
1231,-57.493555,41.019452,0.000000
1232,-57.326339,40.966097,0.000000
1233,-57.159919,40.914035,0.000000
1234,-56.994287,40.863255,0.000000
1235,-56.829439,40.813749,0.000000
1236,-56.665363,40.765507,0.000000
1237,-56.502057,40.718519,0.000000
1238,-56.339514,40.672777,0.000000
1239,-56.177730,40.628271,0.000000
1240,-56.016697,40.584992,0.000000
1241,-55.856409,40.542931,0.000000
1242,-55.696733,40.502078,0.000000
1243,-55.537833,40.462427,0.000000
1244,-55.379679,40.423966,0.000000
1245,-55.222265,40.386689,0.000000
1246,-55.065581,40.350584,0.000000
1247,-54.909610,40.315645,0.000000
1248,-54.754340,40.281862,0.000000
1249,-54.599764,40.249227,0.000000
1250,-54.445874,40.217731,0.000000
1251,-54.292660,40.187367,0.000000
1252,-54.140112,40.158124,0.000000
1253,-53.988219,40.129996,0.000000
1254,-53.836527,40.102975,0.000000
1255,-53.685580,40.077055,0.000000
1256,-53.535353,40.052228,0.000000
1257,-53.385805,40.028484,0.000000
1258,-53.236919,40.005817,0.000000
1259,-53.088666,39.984219,0.000000
1260,-52.941018,39.963680,0.000000
1261,-52.793939,39.944194,0.000000
1262,-52.647431,39.925754,0.000000
1263,-52.501456,39.908352,0.000000
1264,-52.356010,39.891981,0.000000
1265,-52.211075,39.876635,0.000000
1266,-52.066625,39.862305,0.000000
1267,-51.922639,39.848987,0.000000
1268,-51.778028,39.836673,0.000000
1269,-51.634071,39.825363,0.000000
1270,-51.490757,39.815052,0.000000
1271,-51.348046,39.805730,0.000000
1272,-51.205794,39.797390,0.000000
1273,-51.063951,39.790027,0.000000
1274,-50.922470,39.783634,0.000000
1275,-50.781290,39.778206,0.000000
1276,-50.640387,39.773736,0.000000
1277,-50.499713,39.770221,0.000000
1278,-50.359253,39.767656,0.000000
1279,-50.218928,39.766035,0.000000
1280,-50.078695,39.765356,0.000000
1281,-49.938501,39.765613,0.000000
1282,-49.798218,39.766804,0.000000
1283,-49.657898,39.768927,0.000000
1284,-49.517500,39.771978,0.000000
1285,-49.376952,39.775955,0.000000
1286,-49.236153,39.780855,0.000000
1287,-49.095080,39.786678,0.000000
1288,-48.953683,39.793422,0.000000
1289,-48.811862,39.801086,0.000000
1290,-48.669502,39.809670,0.000000
1291,-48.526476,39.819174,0.000000
1292,-48.382751,39.829600,0.000000
1293,-48.238101,39.840950,0.000000
1294,-48.092544,39.853226,0.000000
1295,-47.945675,39.866432,0.000000
1296,-47.797510,39.880573,0.000000
1297,-47.647973,39.895654,0.000000
1298,-47.496905,39.911682,0.000000
1299,-47.344003,39.928664,0.000000
1300,-47.189120,39.946608,0.000000
1301,-47.031954,39.965525,0.000000
1302,-46.872451,39.985427,0.000000
1303,-46.709960,40.006326,0.000000
1304,-46.544313,40.028238,0.000000
1305,-46.375050,40.051182,0.000000
1306,-46.201525,40.075178,0.000000
1307,-46.023015,40.100251,0.000000
1308,-45.838959,40.126430,0.000000
1309,-45.648623,40.153748,0.000000
1310,-45.451391,40.182245,0.000000
1311,-45.245955,40.211962,0.000000
1312,-45.030963,40.242949,0.000000
1313,-44.804966,40.275266,0.000000
1314,-44.566339,40.308982,0.000000
1315,-44.311250,40.344176,0.000000
1316,-44.036426,40.380954,0.000000
1317,-43.737078,40.419441,0.000000
1318,-43.406456,40.459796,0.000000
1319,-43.037243,40.502220,0.000000
1320,-42.615306,40.546965,0.000000
1321,-42.118412,40.594373,0.000000
1322,-41.508074,40.644935,0.000000
1323,-40.716908,40.699398,0.000000
1324,-39.590167,40.758954,0.000000
1325,-37.668595,40.825823,0.000000
1326,-32.783814,40.905280,0.000000
1327,0.000000,41.017037,1.000000
1328,-58.000000,41.346980,0.000000
1329,-57.830487,41.289157,0.000000
1330,-57.661734,41.232656,0.000000
1331,-57.493792,41.177469,0.000000
1332,-57.326654,41.123586,0.000000
1333,-57.160312,41.070996,0.000000
1334,-56.994756,41.019691,0.000000
1335,-56.829984,40.969660,0.000000
1336,-56.665983,40.920895,0.000000
1337,-56.502752,40.873385,0.000000
1338,-56.340284,40.827122,0.000000
1339,-56.178573,40.782097,0.000000
1340,-56.017613,40.738299,0.000000
1341,-55.857397,40.695721,0.000000
1342,-55.697794,40.654352,0.000000
1343,-55.538965,40.614186,0.000000
1344,-55.380882,40.575212,0.000000
1345,-55.223538,40.537422,0.000000
1346,-55.066924,40.500807,0.000000
1347,-54.911022,40.465358,0.000000
1348,-54.755821,40.431067,0.000000
1349,-54.601313,40.397925,0.000000
1350,-54.447491,40.365923,0.000000
1351,-54.294344,40.335053,0.000000
1352,-54.141863,40.305307,0.000000
1353,-53.990036,40.276677,0.000000
1354,-53.838411,40.249155,0.000000
1355,-53.687531,40.222735,0.000000
1356,-53.537373,40.197409,0.000000
1357,-53.387891,40.173168,0.000000
1358,-53.239071,40.150005,0.000000
1359,-53.090883,40.127911,0.000000
1360,-52.943300,40.106879,0.000000
1361,-52.796285,40.086901,0.000000
1362,-52.649842,40.067969,0.000000
1363,-52.503930,40.050077,0.000000
1364,-52.358547,40.033217,0.000000
1365,-52.213675,40.017383,0.000000
1366,-52.069287,40.002567,0.000000
1367,-51.925362,39.988763,0.000000
1368,-51.780822,39.975965,0.000000
1369,-51.636934,39.964173,0.000000
1370,-51.493690,39.953380,0.000000
1371,-51.351014,39.943577,0.000000
1372,-51.208831,39.934758,0.000000
1373,-51.067056,39.926917,0.000000
1374,-50.925644,39.920047,0.000000
1375,-50.784533,39.914143,0.000000
1376,-50.643697,39.909199,0.000000
1377,-50.503072,39.905210,0.000000
1378,-50.362654,39.902172,0.000000
1379,-50.222397,39.900080,0.000000
1380,-50.082230,39.898931,0.000000
1381,-49.942103,39.898720,0.000000
1382,-49.801887,39.899443,0.000000
1383,-49.661632,39.901099,0.000000
1384,-49.521300,39.903685,0.000000
1385,-49.380818,39.907197,0.000000
1386,-49.240084,39.911634,0.000000
1387,-49.099076,39.916995,0.000000
1388,-48.957743,39.923278,0.000000
1389,-48.815986,39.930482,0.000000
1390,-48.673751,39.938607,0.000000
1391,-48.530813,39.947653,0.000000
1392,-48.387153,39.957622,0.000000
1393,-48.242713,39.968516,0.000000
1394,-48.097235,39.980336,0.000000
1395,-47.950536,39.993087,0.000000
1396,-47.802475,40.006773,0.000000
1397,-47.653042,40.021400,0.000000
1398,-47.502081,40.036975,0.000000
1399,-47.349460,40.053505,0.000000
1400,-47.194686,40.070997,0.000000
1401,-47.037628,40.089462,0.000000
1402,-46.878235,40.108913,0.000000
1403,-46.716070,40.129362,0.000000
1404,-46.550589,40.150824,0.000000
1405,-46.381562,40.173317,0.000000
1406,-46.208153,40.196862,0.000000
1407,-46.029881,40.221485,0.000000
1408,-45.846214,40.247214,0.000000
1409,-45.656170,40.274082,0.000000
1410,-45.459235,40.302127,0.000000
1411,-45.254255,40.331392,0.000000
1412,-45.040181,40.361925,0.000000
1413,-44.814974,40.393785,0.000000
1414,-44.577160,40.427039,0.000000
1415,-44.322761,40.461768,0.000000
1416,-44.049269,40.498077,0.000000
1417,-43.751362,40.536088,0.000000
1418,-43.422947,40.575958,0.000000
1419,-43.055758,40.617886,0.000000
1420,-42.636339,40.662121,0.000000
1421,-42.144160,40.709005,0.000000
1422,-41.540646,40.759014,0.000000
1423,-40.760128,40.812879,0.000000
1424,-39.658497,40.871769,0.000000
1425,-37.801189,40.937806,0.000000
1426,-33.214810,41.016006,0.000000
1427,0.000000,41.124520,1.000000
1428,-58.000000,41.454105,0.000000
1429,-57.830541,41.395925,0.000000
1430,-57.661841,41.339068,0.000000
1431,-57.493952,41.283526,0.000000
1432,-57.326866,41.229288,0.000000
1433,-57.160575,41.176344,0.000000
1434,-56.995071,41.124686,0.000000
1435,-56.830350,41.074303,0.000000
1436,-56.666400,41.025187,0.000000
1437,-56.503219,40.977327,0.000000
1438,-56.340800,40.930714,0.000000
1439,-56.179139,40.885340,0.000000
1440,-56.018228,40.841194,0.000000
1441,-55.858060,40.798269,0.000000
1442,-55.698505,40.756554,0.000000
1443,-55.539725,40.716042,0.000000
1444,-55.381689,40.676724,0.000000
1445,-55.224393,40.638590,0.000000
1446,-55.067825,40.601632,0.000000
1447,-54.911970,40.565842,0.000000
1448,-54.756815,40.531209,0.000000
1449,-54.602353,40.497726,0.000000
1450,-54.448577,40.465385,0.000000
1451,-54.295475,40.434176,0.000000
1452,-54.143038,40.404093,0.000000
1453,-53.991255,40.375125,0.000000
1454,-53.839676,40.347267,0.000000
1455,-53.688841,40.320511,0.000000
1456,-53.538728,40.294850,0.000000
1457,-53.389290,40.270276,0.000000
1458,-53.240514,40.246780,0.000000
1459,-53.092370,40.224354,0.000000
1460,-52.944831,40.202990,0.000000
1461,-52.797859,40.182681,0.000000
1462,-52.651442,40.163420,0.000000
1463,-52.505573,40.145199,0.000000
1464,-52.360233,40.128011,0.000000
1465,-52.215402,40.111850,0.000000
1466,-52.071056,40.096708,0.000000
1467,-51.927173,40.082578,0.000000
1468,-51.782679,40.069455,0.000000
1469,-51.638819,40.057339,0.000000
1470,-51.495621,40.046222,0.000000
1471,-51.352992,40.036098,0.000000
1472,-51.210816,40.026957,0.000000
1473,-51.069087,40.018795,0.000000
1474,-50.927721,40.011605,0.000000
1475,-50.786656,40.005382,0.000000
1476,-50.645867,40.000120,0.000000
1477,-50.505287,39.995813,0.000000
1478,-50.364915,39.992459,0.000000
1479,-50.224702,39.990051,0.000000
1480,-50.084581,39.988586,0.000000
1481,-49.944499,39.988061,0.000000
1482,-49.804327,39.988470,0.000000
1483,-49.664117,39.989813,0.000000
1484,-49.523830,39.992086,0.000000
1485,-49.383392,39.995287,0.000000
1486,-49.242702,39.999414,0.000000
1487,-49.101739,40.004464,0.000000
1488,-48.960450,40.010438,0.000000
1489,-48.818737,40.017333,0.000000
1490,-48.676544,40.025151,0.000000
1491,-48.533650,40.033890,0.000000
1492,-48.390126,40.043553,0.000000
1493,-48.245729,40.054140,0.000000
1494,-48.100293,40.065655,0.000000
1495,-47.953637,40.078100,0.000000
1496,-47.805646,40.091482,0.000000
1497,-47.656285,40.105807,0.000000
1498,-47.505434,40.121079,0.000000
1499,-47.352883,40.137305,0.000000
1500,-47.198181,40.154495,0.000000
1501,-47.041249,40.172659,0.000000
1502,-46.881930,40.191809,0.000000
1503,-46.719837,40.211956,0.000000
1504,-46.554537,40.233118,0.000000
1505,-46.385584,40.255310,0.000000
1506,-46.212650,40.278555,0.000000
1507,-46.034564,40.302876,0.000000
1508,-45.851178,40.328302,0.000000
1509,-45.661329,40.354867,0.000000
1510,-45.464708,40.382608,0.000000
1511,-45.259946,40.411568,0.000000
1512,-45.046096,40.441797,0.000000
1513,-44.821117,40.473350,0.000000
1514,-44.583538,40.506298,0.000000
1515,-44.329527,40.540720,0.000000
1516,-44.056578,40.576721,0.000000
1517,-43.759053,40.614421,0.000000
1518,-43.431411,40.653980,0.000000
1519,-43.065069,40.695590,0.000000
1520,-42.647360,40.739505,0.000000
1521,-42.157057,40.786057,0.000000
1522,-41.557761,40.835723,0.000000
1523,-40.781873,40.889219,0.000000
1524,-39.694371,40.947709,0.000000
1525,-37.867081,41.013254,0.000000
1526,-33.421113,41.090763,0.000000
1527,0.000000,41.197653,1.000000
1528,-58.000000,41.526994,0.000000
1529,-57.830577,41.468571,0.000000
1530,-57.661914,41.411472,0.000000
1531,-57.494060,41.355687,0.000000
1532,-57.327010,41.301208,0.000000
1533,-57.160755,41.248024,0.000000
1534,-56.995285,41.196125,0.000000
1535,-56.830599,41.145503,0.000000
1536,-56.666683,41.096148,0.000000
1537,-56.503536,41.048049,0.000000
1538,-56.341152,41.001199,0.000000
1539,-56.179524,40.955587,0.000000
1540,-56.018646,40.911205,0.000000
1541,-55.858512,40.868043,0.000000
1542,-55.698989,40.826093,0.000000
1543,-55.540241,40.785346,0.000000
1544,-55.382238,40.745793,0.000000
1545,-55.224974,40.707426,0.000000
1546,-55.068439,40.670235,0.000000
1547,-54.912615,40.634211,0.000000
1548,-54.757492,40.599346,0.000000
1549,-54.603061,40.565632,0.000000
1550,-54.449315,40.533059,0.000000
1551,-54.296244,40.501620,0.000000
1552,-54.143838,40.471307,0.000000
1553,-53.992085,40.442110,0.000000
1554,-53.840537,40.414022,0.000000
1555,-53.689732,40.387039,0.000000
1556,-53.539649,40.361150,0.000000
1557,-53.390242,40.336349,0.000000
1558,-53.241496,40.312626,0.000000
1559,-53.093382,40.289974,0.000000
1560,-52.945872,40.268385,0.000000
1561,-52.798929,40.247851,0.000000
1562,-52.652542,40.228366,0.000000
1563,-52.506701,40.209921,0.000000
1564,-52.361390,40.192510,0.000000
1565,-52.216589,40.176125,0.000000
1566,-52.072271,40.160761,0.000000
1567,-51.928416,40.146410,0.000000
1568,-51.783954,40.133066,0.000000
1569,-51.640125,40.120729,0.000000
1570,-51.496959,40.109393,0.000000
1571,-51.354361,40.099048,0.000000
1572,-51.212217,40.089689,0.000000
1573,-51.070520,40.081309,0.000000
1574,-50.929184,40.073901,0.000000
1575,-50.788151,40.067460,0.000000
1576,-50.647392,40.061981,0.000000
1577,-50.506843,40.057458,0.000000
1578,-50.366502,40.053888,0.000000
1579,-50.226320,40.051265,0.000000
1580,-50.086230,40.049585,0.000000
1581,-49.946178,40.048845,0.000000
1582,-49.806037,40.049041,0.000000
1583,-49.665858,40.050171,0.000000
1584,-49.525601,40.052231,0.000000
1585,-49.385193,40.055219,0.000000
1586,-49.244533,40.059134,0.000000
1587,-49.103599,40.063973,0.000000
1588,-48.962341,40.069736,0.000000
1589,-48.820658,40.076421,0.000000
1590,-48.678495,40.084029,0.000000
1591,-48.535630,40.092559,0.000000
1592,-48.392135,40.102013,0.000000
1593,-48.247807,40.112392,0.000000
1594,-48.102400,40.123699,0.000000
1595,-47.955851,40.135937,0.000000
1596,-47.807909,40.149111,0.000000
1597,-47.658595,40.163228,0.000000
1598,-47.507794,40.178294,0.000000
1599,-47.355291,40.194314,0.000000
1600,-47.200638,40.211298,0.000000
1601,-47.043755,40.229256,0.000000
1602,-46.884484,40.248200,0.000000
1603,-46.722442,40.268143,0.000000
1604,-46.557193,40.289099,0.000000
1605,-46.388331,40.311088,0.000000
1606,-46.215447,40.334128,0.000000
1607,-46.037413,40.358245,0.000000
1608,-45.854079,40.383468,0.000000
1609,-45.664355,40.409829,0.000000
1610,-45.467861,40.437368,0.000000
1611,-45.263223,40.466124,0.000000
1612,-45.049504,40.496149,0.000000
1613,-44.824914,40.527498,0.000000
1614,-44.587479,40.560240,0.000000
1615,-44.333767,40.594456,0.000000
1616,-44.061122,40.630250,0.000000
1617,-43.763769,40.667741,0.000000
1618,-43.436596,40.707090,0.000000
1619,-43.070766,40.748489,0.000000
1620,-42.653629,40.792189,0.000000
1621,-42.164735,40.838525,0.000000
1622,-41.566981,40.887965,0.000000
1623,-40.794891,40.941225,0.000000
1624,-39.710886,40.999455,0.000000
1625,-37.895794,41.064717,0.000000
1626,-33.515566,41.141863,0.000000
1627,0.000000,41.247953,1.000000
1628,-58.000000,41.577126,0.000000
1629,-57.830603,41.518536,0.000000
1630,-57.661964,41.461270,0.000000
1631,-57.494135,41.405320,0.000000
1632,-57.327109,41.350674,0.000000
1633,-57.160878,41.297325,0.000000
1634,-56.995433,41.245261,0.000000
1635,-56.830770,41.194474,0.000000
1636,-56.666878,41.144954,0.000000
1637,-56.503755,41.096692,0.000000
1638,-56.341393,41.049678,0.000000
1639,-56.179789,41.003903,0.000000
1640,-56.018934,40.959358,0.000000
1641,-55.858822,40.916034,0.000000
1642,-55.699322,40.873921,0.000000
1643,-55.540597,40.833013,0.000000
1644,-55.382616,40.793299,0.000000
1645,-55.225374,40.754770,0.000000
1646,-55.068860,40.717419,0.000000
1647,-54.913059,40.681235,0.000000
1648,-54.757957,40.646210,0.000000
1649,-54.603547,40.612337,0.000000
1650,-54.449823,40.579605,0.000000
1651,-54.296773,40.548008,0.000000
1652,-54.144387,40.517536,0.000000
1653,-53.992656,40.488182,0.000000
1654,-53.841126,40.459937,0.000000
1655,-53.690342,40.432796,0.000000
1656,-53.540280,40.406751,0.000000
1657,-53.390894,40.381793,0.000000
1658,-53.242159,40.357915,0.000000
1659,-53.094066,40.335107,0.000000
1660,-52.946562,40.313363,0.000000
1661,-52.799640,40.292675,0.000000
1662,-52.653272,40.273035,0.000000
1663,-52.507452,40.254436,0.000000
1664,-52.362161,40.236872,0.000000
1665,-52.217379,40.220335,0.000000
1666,-52.073081,40.204818,0.000000
1667,-51.929245,40.190314,0.000000
1668,-51.784805,40.176818,0.000000
1669,-51.640998,40.164330,0.000000
1670,-51.497800,40.152843,0.000000
1671,-51.355224,40.142348,0.000000
1672,-51.213101,40.132838,0.000000
1673,-51.071426,40.124308,0.000000
1674,-50.930112,40.116751,0.000000
1675,-50.789099,40.110161,0.000000
1676,-50.648361,40.104533,0.000000
1677,-50.507834,40.099863,0.000000
1678,-50.367514,40.096144,0.000000
1679,-50.227353,40.093374,0.000000
1680,-50.087283,40.091547,0.000000
1681,-49.947252,40.090660,0.000000
1682,-49.807132,40.090709,0.000000
1683,-49.666974,40.091692,0.000000
1684,-49.526737,40.093607,0.000000
1685,-49.386350,40.096450,0.000000
1686,-49.245711,40.100220,0.000000
1687,-49.104798,40.104914,0.000000
1688,-48.963560,40.110532,0.000000
1689,-48.821897,40.117074,0.000000
1690,-48.679755,40.124537,0.000000
1691,-48.536925,40.132924,0.000000
1692,-48.393450,40.142235,0.000000
1693,-48.249142,40.152471,0.000000
1694,-48.103755,40.163635,0.000000
1695,-47.957226,40.175731,0.000000
1696,-47.809314,40.188764,0.000000
1697,-47.660031,40.202739,0.000000
1698,-47.509261,40.217663,0.000000
1699,-47.356792,40.233543,0.000000
1700,-47.202171,40.250385,0.000000
1701,-47.045320,40.268203,0.000000
1702,-46.886082,40.287007,0.000000
1703,-46.724073,40.306810,0.000000
1704,-46.558857,40.327626,0.000000
1705,-46.390028,40.349475,0.000000
1706,-46.217178,40.372377,0.000000
1707,-46.039178,40.396354,0.000000
1708,-45.856130,40.421439,0.000000
1709,-45.666486,40.447660,0.000000
1710,-45.470079,40.475058,0.000000
1711,-45.265679,40.503673,0.000000
1712,-45.052203,40.533557,0.000000
1713,-44.827717,40.564764,0.000000
1714,-44.590390,40.597363,0.000000
1715,-44.336787,40.631436,0.000000
1716,-44.064261,40.667086,0.000000
1717,-43.767929,40.704434,0.000000
1718,-43.441179,40.743633,0.000000
1719,-43.076207,40.784879,0.000000
1720,-42.659597,40.828422,0.000000
1721,-42.172074,40.874596,0.000000
1722,-41.577294,40.923867,0.000000
1723,-40.807982,40.976939,0.000000
1724,-39.729659,41.034963,0.000000
1725,-37.930691,41.099982,0.000000
1726,-33.620868,41.176777,0.000000
1727,0.000000,41.282049,1.000000
1728,-58.000000,41.611108,0.000000
1729,-57.830619,41.552405,0.000000
1730,-57.661997,41.495026,0.000000
1731,-57.494185,41.438963,0.000000
1732,-57.327176,41.384205,0.000000
1733,-57.160962,41.330743,0.000000
1734,-56.995533,41.278567,0.000000
1735,-56.830886,41.227669,0.000000
1736,-56.667010,41.178037,0.000000
1737,-56.503903,41.129664,0.000000
1738,-56.341557,41.082539,0.000000
1739,-56.179968,41.036653,0.000000
1740,-56.019129,40.991998,0.000000
1741,-55.859033,40.948564,0.000000
1742,-55.699548,40.906342,0.000000
1743,-55.540838,40.865324,0.000000
1744,-55.382872,40.825500,0.000000
1745,-55.225643,40.786863,0.000000
1746,-55.069144,40.749402,0.000000
1747,-54.913357,40.713110,0.000000
1748,-54.758270,40.677977,0.000000
1749,-54.603875,40.643996,0.000000
1750,-54.450165,40.611156,0.000000
1751,-54.297129,40.579451,0.000000
1752,-54.144758,40.548872,0.000000
1753,-53.993041,40.519411,0.000000
1754,-53.841525,40.491060,0.000000
1755,-53.690756,40.463812,0.000000
1756,-53.540708,40.437661,0.000000
1757,-53.391335,40.412598,0.000000
1758,-53.242615,40.388614,0.000000
1759,-53.094536,40.365701,0.000000
1760,-52.947046,40.343852,0.000000
1761,-52.800137,40.323058,0.000000
1762,-52.653783,40.303314,0.000000
1763,-52.507977,40.284611,0.000000
1764,-52.362698,40.266943,0.000000
1765,-52.217930,40.250301,0.000000
1766,-52.073645,40.234681,0.000000
1767,-51.929823,40.220074,0.000000
1768,-51.785383,40.206475,0.000000
1769,-51.641591,40.193884,0.000000
1770,-51.498407,40.182294,0.000000
1771,-51.355846,40.171697,0.000000
1772,-51.213738,40.162086,0.000000
1773,-51.072077,40.153454,0.000000
1774,-50.930778,40.145795,0.000000
1775,-50.789780,40.139104,0.000000
1776,-50.649056,40.133375,0.000000
1777,-50.508543,40.128604,0.000000
1778,-50.368237,40.124785,0.000000
1779,-50.228091,40.121914,0.000000
1780,-50.088035,40.119987,0.000000
1781,-49.948018,40.119000,0.000000
1782,-49.807913,40.118950,0.000000
1783,-49.667768,40.119834,0.000000
1784,-49.527546,40.121649,0.000000
1785,-49.387173,40.124394,0.000000
1786,-49.246547,40.128064,0.000000
1787,-49.105647,40.132661,0.000000
1788,-48.964423,40.138181,0.000000
1789,-48.822774,40.144624,0.000000
1790,-48.680645,40.151990,0.000000
1791,-48.537829,40.160279,0.000000
1792,-48.394368,40.169493,0.000000
1793,-48.250073,40.179632,0.000000
1794,-48.104832,40.190699,0.000000
1795,-47.958317,40.202698,0.000000
1796,-47.810427,40.215634,0.000000
1797,-47.661168,40.229512,0.000000
1798,-47.510420,40.244339,0.000000
1799,-47.357974,40.260122,0.000000
1800,-47.203376,40.276868,0.000000
1801,-47.046670,40.294590,0.000000
1802,-46.887457,40.313297,0.000000
1803,-46.725472,40.333002,0.000000
1804,-46.560281,40.353723,0.000000
1805,-46.391477,40.375475,0.000000
1806,-46.218759,40.398280,0.000000
1807,-46.040919,40.422161,0.000000
1808,-45.857899,40.447148,0.000000
1809,-45.668324,40.473271,0.000000
1810,-45.471985,40.500571,0.000000
1811,-45.267660,40.529090,0.000000
1812,-45.054259,40.558875,0.000000
1813,-44.829852,40.589984,0.000000
1814,-44.593044,40.622485,0.000000
1815,-44.339538,40.656456,0.000000
1816,-44.067112,40.692004,0.000000
1817,-43.770882,40.729250,0.000000
1818,-43.444417,40.768347,0.000000
1819,-43.079753,40.809489,0.000000
1820,-42.664779,40.852926,0.000000
1821,-42.178059,40.898984,0.000000
1822,-41.583859,40.948134,0.000000
1823,-40.816318,41.001081,0.000000
1824,-39.743440,41.058969,0.000000
1825,-37.954631,41.123816,0.000000
1826,-33.693019,41.200372,0.000000
1827,0.000000,41.305084,1.000000
1828,-58.000000,41.634067,0.000000
1829,-57.830631,41.575287,0.000000
1830,-57.662020,41.517832,0.000000
1831,-57.494220,41.461692,0.000000
1832,-57.327221,41.406859,0.000000
1833,-57.161018,41.353321,0.000000
1834,-56.995600,41.301070,0.000000
1835,-56.830964,41.250096,0.000000
1836,-56.667099,41.200389,0.000000
1837,-56.504003,41.151940,0.000000
1838,-56.341668,41.104740,0.000000
1839,-56.180090,41.058780,0.000000
1840,-56.019261,41.014050,0.000000
1841,-55.859175,40.970542,0.000000
1842,-55.699701,40.928246,0.000000
1843,-55.541001,40.887153,0.000000
1844,-55.383045,40.847256,0.000000
1845,-55.225827,40.808545,0.000000
1846,-55.069338,40.771011,0.000000
1847,-54.913561,40.734645,0.000000
1848,-54.758484,40.699440,0.000000
1849,-54.604098,40.665385,0.000000
1850,-54.450398,40.632473,0.000000
1851,-54.297372,40.600695,0.000000
1852,-54.145010,40.570044,0.000000
1853,-53.993302,40.540510,0.000000
1854,-53.841796,40.512087,0.000000
1855,-53.691037,40.484768,0.000000
1856,-53.540998,40.458545,0.000000
1857,-53.391635,40.433410,0.000000
1858,-53.242925,40.409354,0.000000
1859,-53.094854,40.386370,0.000000
1860,-52.947374,40.364450,0.000000
1861,-52.800474,40.343586,0.000000
1862,-52.654130,40.323771,0.000000
1863,-52.508332,40.304997,0.000000
1864,-52.363063,40.287259,0.000000
1865,-52.218304,40.270547,0.000000
1866,-52.074028,40.254857,0.000000
1867,-51.930214,40.240180,0.000000
1868,-51.785784,40.226512,0.000000
1869,-51.642002,40.213851,0.000000
1870,-51.498829,40.202192,0.000000
1871,-51.356277,40.191526,0.000000
1872,-51.214179,40.181846,0.000000
1873,-51.072528,40.173145,0.000000
1874,-50.931239,40.165418,0.000000
1875,-50.790250,40.158658,0.000000
1876,-50.649537,40.152861,0.000000
1877,-50.509033,40.148021,0.000000
1878,-50.368737,40.144134,0.000000
1879,-50.228600,40.141195,0.000000
1880,-50.088555,40.139201,0.000000
1881,-49.948547,40.138146,0.000000
1882,-49.808451,40.138029,0.000000
1883,-49.668316,40.138846,0.000000
1884,-49.528103,40.140594,0.000000
1885,-49.387739,40.143271,0.000000
1886,-49.247123,40.146876,0.000000
1887,-49.106233,40.151405,0.000000
1888,-48.965018,40.156859,0.000000
1889,-48.823378,40.163236,0.000000
1890,-48.681258,40.170536,0.000000
1891,-48.538452,40.178759,0.000000
1892,-48.394999,40.187907,0.000000
1893,-48.250714,40.197981,0.000000
1894,-48.105482,40.208982,0.000000
1895,-47.958976,40.220916,0.000000
1896,-47.811101,40.233786,0.000000
1897,-47.661856,40.247600,0.000000
1898,-47.511124,40.262362,0.000000
1899,-47.358693,40.278080,0.000000
1900,-47.204110,40.294762,0.000000
1901,-47.047418,40.312419,0.000000
1902,-46.888315,40.331061,0.000000
1903,-46.726346,40.350702,0.000000
1904,-46.561171,40.371357,0.000000
1905,-46.392384,40.393045,0.000000
1906,-46.219683,40.415786,0.000000
1907,-46.041859,40.439602,0.000000
1908,-45.858856,40.464524,0.000000
1909,-45.669320,40.490583,0.000000
1910,-45.473022,40.517819,0.000000
1911,-45.268735,40.546273,0.000000
1912,-45.055377,40.575994,0.000000
1913,-44.831016,40.607038,0.000000
1914,-44.594253,40.639474,0.000000
1915,-44.341880,40.673381,0.000000
1916,-44.069534,40.708857,0.000000
1917,-43.773390,40.746031,0.000000
1918,-43.447174,40.785055,0.000000
1919,-43.082793,40.826124,0.000000
1920,-42.668109,40.869485,0.000000
1921,-42.181715,40.915465,0.000000
1922,-41.588170,40.964536,0.000000
1923,-40.821824,41.017400,0.000000
1924,-39.750425,41.075196,0.000000
1925,-37.972570,41.139943,0.000000
1926,-33.747033,41.216326,0.000000
1927,0.000000,41.320624,1.000000
1928,-58.000000,41.649556,0.000000
1929,-57.830639,41.590724,0.000000
1930,-57.662036,41.533217,0.000000
1931,-57.494243,41.477026,0.000000
1932,-57.327252,41.422141,0.000000
1933,-57.161056,41.368552,0.000000
1934,-56.995646,41.316250,0.000000
1935,-56.831017,41.265225,0.000000
1936,-56.667160,41.215467,0.000000
1937,-56.504070,41.166968,0.000000
1938,-56.341743,41.119718,0.000000
1939,-56.180171,41.073707,0.000000
1940,-56.019350,41.028927,0.000000
1941,-55.859271,40.985368,0.000000
1942,-55.699804,40.943022,0.000000
1943,-55.541111,40.901880,0.000000
1944,-55.383162,40.861933,0.000000
1945,-55.225950,40.823172,0.000000
1946,-55.069468,40.785588,0.000000
1947,-54.913698,40.749173,0.000000
1948,-54.758627,40.713918,0.000000
1949,-54.604248,40.679814,0.000000
1950,-54.450555,40.646853,0.000000
1951,-54.297535,40.615027,0.000000
1952,-54.145180,40.584326,0.000000
1953,-53.993478,40.554744,0.000000
1954,-53.841979,40.526272,0.000000
1955,-53.691226,40.498904,0.000000
1956,-53.541194,40.472633,0.000000
1957,-53.391837,40.447450,0.000000
1958,-53.243133,40.423346,0.000000
1959,-53.095069,40.400314,0.000000
1960,-52.947595,40.378346,0.000000
1961,-52.800702,40.357434,0.000000
1962,-52.654363,40.337571,0.000000
1963,-52.508572,40.318750,0.000000
1964,-52.363309,40.300964,0.000000
1965,-52.218556,40.284205,0.000000
1966,-52.074286,40.268467,0.000000
1967,-51.930478,40.253744,0.000000
1968,-51.786055,40.240028,0.000000
1969,-51.642280,40.227321,0.000000
1970,-51.499113,40.215615,0.000000
1971,-51.356568,40.204902,0.000000
1972,-51.214477,40.195175,0.000000
1973,-51.072833,40.186428,0.000000
1974,-50.931550,40.178655,0.000000
1975,-50.790568,40.171849,0.000000
1976,-50.649861,40.166006,0.000000
1977,-50.509364,40.161120,0.000000
1978,-50.369075,40.157187,0.000000
1979,-50.228944,40.154202,0.000000
1980,-50.088905,40.152162,0.000000
1981,-49.948904,40.151062,0.000000
1982,-49.808815,40.150899,0.000000
1983,-49.668686,40.151671,0.000000
1984,-49.528479,40.153374,0.000000
1985,-49.388122,40.156006,0.000000
1986,-49.247512,40.159566,0.000000
1987,-49.106628,40.164050,0.000000
1988,-48.965419,40.169459,0.000000
1989,-48.823786,40.175792,0.000000
1990,-48.681672,40.183047,0.000000
1991,-48.538872,40.191226,0.000000
1992,-48.395426,40.200329,0.000000
1993,-48.251147,40.210358,0.000000
1994,-48.105921,40.221316,0.000000
1995,-47.959421,40.233206,0.000000
1996,-47.811556,40.246032,0.000000
1997,-47.662321,40.259802,0.000000
1998,-47.511598,40.274520,0.000000
1999,-47.359178,40.290195,0.000000
