0,-58.000000,0.000000,0.000000
1,-57.894814,0.000000,0.000000
2,-57.790094,0.000175,0.000000
3,-57.685896,0.000525,0.000000
4,-57.582218,0.001048,0.000000
5,-57.479055,0.001743,0.000000
6,-57.376400,0.002610,0.000000
7,-57.274251,0.003647,0.000000
8,-57.172604,0.004854,0.000000
9,-57.071456,0.006229,0.000000
10,-56.970802,0.007771,0.000000
11,-56.870638,0.009480,0.000000
12,-56.770961,0.011355,0.000000
13,-56.671768,0.013393,0.000000
14,-56.573055,0.015596,0.000000
15,-56.474820,0.017961,0.000000
16,-56.377058,0.020488,0.000000
17,-56.279767,0.023176,0.000000
18,-56.182944,0.026024,0.000000
19,-56.086585,0.029031,0.000000
20,-55.990686,0.032195,0.000000
21,-55.895083,0.035517,0.000000
22,-55.799957,0.038996,0.000000
23,-55.705308,0.042630,0.000000
24,-55.611133,0.046419,0.000000
25,-55.517419,0.050362,0.000000
26,-55.424152,0.054458,0.000000
27,-55.331339,0.058705,0.000000
28,-55.238975,0.063104,0.000000
29,-55.147051,0.067653,0.000000
30,-55.055558,0.072352,0.000000
31,-54.964496,0.077199,0.000000
32,-54.873862,0.082194,0.000000
33,-54.783643,0.087335,0.000000
34,-54.693838,0.092623,0.000000
35,-54.604442,0.098056,0.000000
36,-54.515457,0.103634,0.000000
37,-54.426877,0.109355,0.000000
38,-54.338694,0.115219,0.000000
39,-54.250907,0.121225,0.000000
40,-54.163509,0.127373,0.000000
41,-54.076499,0.133661,0.000000
42,-53.989872,0.140089,0.000000
43,-53.903179,0.146655,0.000000
44,-53.816921,0.153361,0.000000
45,-53.731107,0.160205,0.000000
46,-53.645723,0.167187,0.000000
47,-53.560719,0.174304,0.000000
48,-53.476123,0.181558,0.000000
49,-53.391921,0.188946,0.000000
50,-53.308087,0.196469,0.000000
51,-53.224614,0.204125,0.000000
52,-53.141513,0.211914,0.000000
53,-53.058749,0.219835,0.000000
54,-52.976342,0.227887,0.000000
55,-52.894263,0.236070,0.000000
56,-52.812505,0.244383,0.000000
57,-52.731066,0.252825,0.000000
58,-52.649946,0.261396,0.000000
59,-52.569131,0.270095,0.000000
60,-52.488623,0.278921,0.000000
61,-52.408413,0.287874,0.000000
62,-52.328481,0.296954,0.000000
63,-52.248841,0.306159,0.000000
64,-52.169487,0.315489,0.000000
65,-52.090394,0.324943,0.000000
66,-52.011564,0.334522,0.000000
67,-51.932988,0.344224,0.000000
68,-51.853610,0.354049,0.000000
69,-51.774608,0.363998,0.000000
70,-51.695914,0.374070,0.000000
71,-51.617684,0.384265,0.000000
72,-51.539718,0.394582,0.000000
73,-51.462079,0.405020,0.000000
74,-51.384766,0.415579,0.000000
75,-51.307687,0.426259,0.000000
76,-51.230838,0.437057,0.000000
77,-51.154280,0.447975,0.000000
78,-51.077919,0.459011,0.000000
79,-51.001772,0.470165,0.000000
80,-50.925768,0.481437,0.000000
81,-50.849938,0.492826,0.000000
82,-50.774274,0.504333,0.000000
83,-50.698753,0.515955,0.000000
84,-50.623353,0.527694,0.000000
85,-50.548095,0.539549,0.000000
86,-50.472936,0.551519,0.000000
87,-50.397866,0.563604,0.000000
88,-50.322895,0.575805,0.000000
89,-50.247989,0.588120,0.000000
90,-50.173167,0.600550,0.000000
91,-50.098371,0.613094,0.000000
92,-50.023600,0.625753,0.000000
93,-49.948836,0.638525,0.000000
94,-49.873990,0.651412,0.000000
95,-49.799130,0.664412,0.000000
96,-49.724258,0.677527,0.000000
97,-49.649353,0.690755,0.000000
98,-49.574402,0.704097,0.000000
99,-49.499378,0.717553,0.000000
100,-49.424239,0.731123,0.000000
101,-49.349030,0.744806,0.000000
102,-49.273655,0.758604,0.000000
103,-49.198171,0.772516,0.000000
104,-49.122477,0.786542,0.000000
105,-49.046613,0.800682,0.000000
106,-48.970547,0.814937,0.000000
107,-48.894276,0.829307,0.000000
108,-48.817797,0.843792,0.000000
109,-48.741017,0.858393,0.000000
110,-48.663847,0.873109,0.000000
111,-48.586338,0.887942,0.000000
112,-48.508401,0.902891,0.000000
113,-48.430179,0.917958,0.000000
114,-48.351411,0.933143,0.000000
115,-48.272044,0.948446,0.000000
116,-48.192284,0.963869,0.000000
117,-48.111859,0.979412,0.000000
118,-48.030850,0.995076,0.000000
119,-47.949112,1.010862,0.000000
120,-47.866549,1.026771,0.000000
121,-47.783229,1.042805,0.000000
122,-47.699151,1.058964,0.000000
123,-47.614212,1.075249,0.000000
124,-47.528324,1.091663,0.000000
125,-47.441455,1.108206,0.000000
126,-47.353515,1.124880,0.000000
127,-47.264312,1.141687,0.000000
128,-47.173979,1.158628,0.000000
129,-47.082289,1.175706,0.000000
130,-46.989194,1.192922,0.000000
131,-46.894464,1.210280,0.000000
132,-46.798241,1.227780,0.000000
133,-46.700204,1.245427,0.000000
134,-46.600040,1.263222,0.000000
135,-46.497670,1.281169,0.000000
136,-46.392670,1.299272,0.000000
137,-46.285424,1.317535,0.000000
138,-46.175128,1.335961,0.000000
139,-46.061705,1.354556,0.000000
140,-45.944476,1.373324,0.000000
141,-45.823275,1.392272,0.000000
142,-45.698071,1.411407,0.000000
143,-45.568335,1.430734,0.000000
144,-45.433595,1.450261,0.000000
145,-45.293081,1.469996,0.000000
146,-45.146106,1.489949,0.000000
147,-44.992152,1.510131,0.000000
148,-44.829701,1.530552,0.000000
149,-44.658358,1.551227,0.000000
150,-44.475616,1.572171,0.000000
151,-44.278729,1.593401,0.000000
152,-44.066976,1.614942,0.000000
153,-43.836203,1.636818,0.000000
154,-43.581827,1.659060,0.000000
155,-43.299362,1.681708,0.000000
156,-42.980931,1.704808,0.000000
157,-42.614950,1.728419,0.000000
158,-42.183611,1.752620,0.000000
159,-41.655664,1.777520,0.000000
160,-40.977055,1.803280,0.000000
161,-40.041178,1.830148,0.000000
162,-38.560190,1.858555,0.000000
163,-35.485980,1.889405,0.000000
164,-21.164551,1.925354,0.000000
165,0.000000,1.985142,1.000000
166,-46.000000,102.080155,0.000000
167,-45.930926,102.015088,0.000000
168,-45.859616,101.950190,0.000000
169,-45.785851,101.885466,0.000000
170,-45.709551,101.820918,0.000000
171,-45.630382,101.756552,0.000000
172,-45.548365,101.692371,0.000000
173,-45.462942,101.628380,0.000000
174,-45.373746,101.564584,0.000000
175,-45.280258,101.500991,0.000000
176,-45.182744,101.437607,0.000000
177,-45.080336,101.374437,0.000000
178,-44.972928,101.311491,0.000000
179,-44.859474,101.248777,0.000000
180,-44.739519,101.186304,0.000000
181,-44.611748,101.124083,0.000000
182,-44.475464,101.062127,0.000000
183,-44.328317,101.000449,0.000000
184,-44.170559,100.939068,0.000000
185,-43.998747,100.878001,0.000000
186,-43.809882,100.817272,0.000000
187,-43.602184,100.756908,0.000000
188,-43.371898,100.696940,0.000000
189,-43.111847,100.637406,0.000000
190,-42.816319,100.578355,0.000000
191,-42.473583,100.519846,0.000000
192,-42.060543,100.461957,0.000000
193,-41.548927,100.404804,0.000000
194,-40.885455,100.348552,0.000000
195,-39.957508,100.293453,0.000000
196,-38.452609,100.239946,0.000000
197,-35.247873,100.188991,0.000000
198,-19.159308,100.143421,0.000000
199,0.000000,100.124702,1.000000
200,-46.000000,200.137932,0.000000
201,-45.979954,199.991150,0.000000
202,-45.959199,199.844524,0.000000
203,-45.937702,199.698055,0.000000
204,-45.915450,199.551744,0.000000
205,-45.892415,199.405592,0.000000
206,-45.868570,199.259600,0.000000
207,-45.843746,199.113769,0.000000
208,-45.818052,198.968102,0.000000
209,-45.791465,198.822598,0.000000
210,-45.763816,198.677261,0.000000
211,-45.735207,198.532090,0.000000
212,-45.705326,198.387088,0.000000
213,-45.674310,198.242256,0.000000
214,-45.642050,198.097597,0.000000
215,-45.608580,197.953113,0.000000
216,-45.573639,197.808804,0.000000
217,-45.537261,197.664674,0.000000
218,-45.499466,197.520725,0.000000
219,-45.459668,197.376959,0.000000
220,-45.418239,197.233378,0.000000
221,-45.374982,197.089987,0.000000
222,-45.329297,196.946787,0.000000
223,-45.281795,196.803783,0.000000
224,-45.232129,196.660977,0.000000
225,-45.179519,196.518372,0.000000
226,-45.124547,196.375974,0.000000
227,-45.066590,196.233787,0.000000
228,-45.005701,196.091815,0.000000
229,-44.941784,195.950062,0.000000
230,-44.873933,195.808534,0.000000
231,-44.801715,195.667237,0.000000
232,-44.725677,195.526178,0.000000
233,-44.644202,195.385364,0.000000
234,-44.557348,195.244802,0.000000
235,-44.464366,195.104503,0.000000
236,-44.363780,194.964475,0.000000
237,-44.255795,194.824732,0.000000
238,-44.139346,194.685285,0.000000
239,-44.011856,194.546148,0.000000
240,-43.872204,194.407340,0.000000
241,-43.717637,194.268880,0.000000
242,-43.546778,194.130794,0.000000
243,-43.356707,193.993107,0.000000
244,-43.141462,193.855851,0.000000
245,-42.897423,193.719069,0.000000
246,-42.615168,193.582808,0.000000
247,-42.279779,193.447130,0.000000
248,-41.871367,193.312124,0.000000
249,-41.352459,193.177912,0.000000
250,-40.663793,193.044677,0.000000
251,-39.670402,192.912700,0.000000
252,-37.982837,192.782488,0.000000
253,-33.938577,192.655198,0.000000
254,-2.832826,192.534755,0.000000
255,0.000000,192.466255,1.000000
256,-46.000000,292.402533,0.000000
257,-46.026087,292.178864,0.000000
258,-46.053366,291.955338,0.000000
259,-46.081325,291.731953,0.000000
260,-46.109945,291.508708,0.000000
261,-46.139614,291.285601,0.000000
262,-46.169983,291.062630,0.000000
263,-46.201073,290.839795,0.000000
264,-46.232942,290.617093,0.000000
265,-46.265544,290.394524,0.000000
266,-46.299323,290.172086,0.000000
267,-46.333947,289.949777,0.000000
268,-46.369246,289.727596,0.000000
269,-46.405297,289.505541,0.000000
270,-46.442262,289.283611,0.000000
271,-46.479910,289.061804,0.000000
272,-46.518490,288.840120,0.000000
273,-46.558013,288.618556,0.000000
274,-46.598323,288.397110,0.000000
275,-46.639505,288.175782,0.000000
276,-46.681502,287.954570,0.000000
277,-46.724107,287.733472,0.000000
278,-46.767604,287.512487,0.000000
279,-46.812035,287.291614,0.000000
280,-46.857147,287.070851,0.000000
281,-46.902961,286.850197,0.000000
282,-46.949630,286.629651,0.000000
283,-46.996907,286.409210,0.000000
284,-47.044852,286.188874,0.000000
285,-47.093571,285.968642,0.000000
286,-47.142969,285.748512,0.000000
287,-47.193160,285.528484,0.000000
288,-47.243818,285.308555,0.000000
289,-47.295174,285.088725,0.000000
290,-47.347185,284.868992,0.000000
291,-47.399800,284.649356,0.000000
292,-47.452969,284.429816,0.000000
293,-47.506789,284.210369,0.000000
294,-47.561294,283.991016,0.000000
295,-47.616251,283.771755,0.000000
296,-47.671728,283.552585,0.000000
297,-47.727733,283.333505,0.000000
298,-47.784217,283.114514,0.000000
299,-47.841182,282.895612,0.000000
300,-47.898579,282.676797,0.000000
301,-47.956415,282.458068,0.000000
302,-48.014637,282.239426,0.000000
303,-48.073378,282.020869,0.000000
304,-48.132549,281.802396,0.000000
305,-48.192029,281.584007,0.000000
306,-48.251914,281.365700,0.000000
307,-48.312265,281.147475,0.000000
308,-48.372810,280.929332,0.000000
309,-48.433632,280.711270,0.000000
310,-48.494759,280.493288,0.000000
311,-48.556125,280.275385,0.000000
312,-48.617794,280.057563,0.000000
313,-48.679643,279.839818,0.000000
314,-48.741656,279.622152,0.000000
315,-48.803867,279.404565,0.000000
316,-48.866309,279.187055,0.000000
317,-48.928838,278.969622,0.000000
318,-48.991507,278.752266,0.000000
319,-49.054242,278.534986,0.000000
320,-49.117077,278.317783,0.000000
321,-49.179979,278.100657,0.000000
322,-49.242929,277.883607,0.000000
323,-49.305908,277.666632,0.000000
324,-49.368917,277.449733,0.000000
325,-49.431915,277.232911,0.000000
326,-49.494956,277.016163,0.000000
327,-49.557967,276.799492,0.000000
328,-49.620967,276.582896,0.000000
329,-49.683918,276.366375,0.000000
330,-49.746818,276.149930,0.000000
331,-49.809649,275.933560,0.000000
332,-49.872411,275.717266,0.000000
333,-49.935085,275.501048,0.000000
334,-49.997670,275.284905,0.000000
335,-50.060146,275.068839,0.000000
336,-50.122604,274.852848,0.000000
337,-50.184953,274.636933,0.000000
338,-50.247175,274.421094,0.000000
339,-50.309269,274.205331,0.000000
340,-50.371202,273.989645,0.000000
341,-50.432988,273.774035,0.000000
342,-50.494587,273.558501,0.000000
343,-50.556021,273.343045,0.000000
344,-50.617264,273.127666,0.000000
345,-50.678306,272.912364,0.000000
346,-50.739143,272.697140,0.000000
347,-50.799775,272.481994,0.000000
348,-50.860179,272.266926,0.000000
349,-50.920378,272.051937,0.000000
350,-50.980357,271.837026,0.000000
351,-51.040112,271.622195,0.000000
352,-51.099605,271.407443,0.000000
353,-51.158855,271.192771,0.000000
354,-51.217826,270.978179,0.000000
355,-51.276573,270.763668,0.000000
356,-51.335010,270.549237,0.000000
357,-51.393183,270.334888,0.000000
358,-51.451040,270.120620,0.000000
359,-51.508603,269.906435,0.000000
360,-51.565818,269.692332,0.000000
361,-51.622736,269.478312,0.000000
362,-51.679317,269.264375,0.000000
363,-51.735566,269.050523,0.000000
364,-51.791499,268.836755,0.000000
365,-51.846983,268.623072,0.000000
366,-51.902135,268.409475,0.000000
367,-51.956887,268.195963,0.000000
368,-52.011309,267.982538,0.000000
369,-52.066557,267.769201,0.000000
370,-52.121524,267.555949,0.000000
371,-52.176211,267.342783,0.000000
372,-52.230611,267.129704,0.000000
373,-52.284725,266.916712,0.000000
374,-52.338542,266.703807,0.000000
375,-52.392074,266.490989,0.000000
376,-52.445308,266.278260,0.000000
377,-52.498246,266.065620,0.000000
378,-52.550898,265.853068,0.000000
379,-52.603247,265.640606,0.000000
380,-52.655297,265.428233,0.000000
381,-52.707048,265.215951,0.000000
382,-52.758493,265.003759,0.000000
383,-52.809640,264.791659,0.000000
384,-52.860483,264.579650,0.000000
385,-52.911031,264.367732,0.000000
386,-52.961271,264.155908,0.000000
387,-53.011226,263.944176,0.000000
388,-53.060867,263.732537,0.000000
389,-53.110210,263.520992,0.000000
390,-53.159228,263.309541,0.000000
391,-53.207942,263.098184,0.000000
392,-53.256353,262.886923,0.000000
393,-53.304444,262.675756,0.000000
394,-53.352229,262.464686,0.000000
395,-53.399702,262.253712,0.000000
396,-53.446870,262.042834,0.000000
397,-53.493722,261.832054,0.000000
398,-53.540262,261.621371,0.000000
399,-53.586482,261.410786,0.000000
400,-53.632374,261.200300,0.000000
401,-53.677949,260.989912,0.000000
402,-53.723217,260.779624,0.000000
403,-53.768175,260.569436,0.000000
404,-53.812781,260.359348,0.000000
405,-53.857083,260.149360,0.000000
406,-53.901065,259.939474,0.000000
407,-53.944709,259.729690,0.000000
408,-53.988048,259.520007,0.000000
409,-54.031051,259.310427,0.000000
410,-54.074208,259.100950,0.000000
411,-54.117074,258.891576,0.000000
412,-54.159650,258.682304,0.000000
413,-54.201934,258.473137,0.000000
414,-54.243929,258.264072,0.000000
415,-54.285637,258.055113,0.000000
416,-54.327053,257.846257,0.000000
417,-54.368183,257.637507,0.000000
418,-54.409028,257.428862,0.000000
419,-54.449582,257.220323,0.000000
420,-54.489853,257.011890,0.000000
421,-54.529841,256.803564,0.000000
422,-54.569546,256.595345,0.000000
423,-54.608967,256.387233,0.000000
424,-54.648107,256.179229,0.000000
425,-54.686963,255.971333,0.000000
426,-54.725541,255.763545,0.000000
427,-54.763838,255.555866,0.000000
428,-54.801858,255.348297,0.000000
429,-54.839599,255.140837,0.000000
430,-54.877066,254.933487,0.000000
431,-54.914255,254.726247,0.000000
432,-54.951171,254.519118,0.000000
433,-54.987815,254.312101,0.000000
434,-55.024188,254.105194,0.000000
435,-55.060287,253.898400,0.000000
436,-55.096118,253.691717,0.000000
437,-55.131674,253.485147,0.000000
438,-55.166962,253.278690,0.000000
439,-55.201983,253.072347,0.000000
440,-55.236738,252.866116,0.000000
441,-55.271226,252.660000,0.000000
442,-55.305445,252.453998,0.000000
443,-55.339396,252.248111,0.000000
444,-55.373089,252.042339,0.000000
445,-55.406521,251.836682,0.000000
446,-55.439680,251.631140,0.000000
447,-55.472582,251.425715,0.000000
448,-55.505226,251.220406,0.000000
449,-55.537605,251.015214,0.000000
450,-55.569728,250.810138,0.000000
451,-55.601597,250.605180,0.000000
452,-55.633209,250.400340,0.000000
453,-55.664558,250.195618,0.000000
454,-55.695656,249.991014,0.000000
455,-55.726505,249.786529,0.000000
456,-55.757100,249.582163,0.000000
457,-55.787435,249.377916,0.000000
458,-55.817516,249.173789,0.000000
459,-55.847352,248.969781,0.000000
460,-55.876933,248.765894,0.000000
461,-55.906263,248.562128,0.000000
462,-55.935342,248.358482,0.000000
463,-55.964185,248.154958,0.000000
464,-55.992777,247.951556,0.000000
465,-56.021122,247.748275,0.000000
466,-56.049394,247.545116,0.000000
467,-56.077431,247.342080,0.000000
468,-56.105232,247.139166,0.000000
469,-56.132800,246.936374,0.000000
470,-56.160134,246.733706,0.000000
471,-56.187238,246.531161,0.000000
472,-56.214111,246.328740,0.000000
473,-56.240755,246.126442,0.000000
474,-56.267170,245.924269,0.000000
475,-56.293357,245.722220,0.000000
476,-56.319318,245.520296,0.000000
477,-56.345054,245.318497,0.000000
478,-56.370565,245.116824,0.000000
479,-56.395855,244.915275,0.000000
480,-56.420921,244.713853,0.000000
481,-56.445766,244.512557,0.000000
482,-56.470391,244.311387,0.000000
483,-56.494797,244.110343,0.000000
484,-56.518986,243.909427,0.000000
485,-56.542958,243.708637,0.000000
486,-56.566714,243.507975,0.000000
487,-56.590256,243.307441,0.000000
488,-56.613584,243.107034,0.000000
489,-56.636698,242.906756,0.000000
490,-56.659601,242.706606,0.000000
491,-56.682293,242.506584,0.000000
492,-56.704776,242.306692,0.000000
493,-56.727049,242.106928,0.000000
494,-56.749116,241.907294,0.000000
495,-56.770977,241.707790,0.000000
496,-56.792631,241.508415,0.000000
497,-56.814082,241.309170,0.000000
498,-56.835328,241.110056,0.000000
499,-56.856373,240.911072,0.000000
500,-56.877216,240.712219,0.000000
501,-56.897858,240.513497,0.000000
502,-56.918301,240.314906,0.000000
503,-56.938546,240.116447,0.000000
504,-56.958592,239.918119,0.000000
505,-56.978444,239.719923,0.000000
506,-56.998099,239.521859,0.000000
507,-57.017562,239.323927,0.000000
508,-57.036828,239.126128,0.000000
509,-57.055901,238.928462,0.000000
510,-57.074784,238.730928,0.000000
511,-57.093477,238.533528,0.000000
512,-57.111980,238.336261,0.000000
513,-57.130292,238.139127,0.000000
514,-57.148417,237.942128,0.000000
515,-57.166355,237.745262,0.000000
516,-57.184107,237.548530,0.000000
517,-57.201676,237.351933,0.000000
518,-57.219060,237.155471,0.000000
519,-57.236260,236.959143,0.000000
520,-57.253278,236.762950,0.000000
521,-57.270112,236.566892,0.000000
522,-57.286767,236.370969,0.000000
523,-57.303242,236.175182,0.000000
524,-57.319538,235.979531,0.000000
525,-57.335658,235.784016,0.000000
526,-57.351602,235.588636,0.000000
527,-57.367368,235.393393,0.000000
528,-57.382961,235.198286,0.000000
529,-57.398378,235.003316,0.000000
530,-57.413623,234.808483,0.000000
531,-57.428693,234.613787,0.000000
532,-57.443593,234.419227,0.000000
533,-57.458322,234.224805,0.000000
534,-57.472884,234.030521,0.000000
535,-57.487275,233.836374,0.000000
536,-57.501499,233.642365,0.000000
537,-57.515552,233.448494,0.000000
538,-57.529441,233.254761,0.000000
539,-57.543163,233.061167,0.000000
540,-57.556722,232.867710,0.000000
541,-57.570117,232.674393,0.000000
542,-57.583351,232.481214,0.000000
543,-57.596422,232.288174,0.000000
544,-57.609332,232.095273,0.000000
545,-57.622084,231.902512,0.000000
546,-57.634673,231.709890,0.000000
547,-57.647103,231.517407,0.000000
548,-57.659375,231.325064,0.000000
549,-57.671491,231.132861,0.000000
550,-57.683451,230.940798,0.000000
551,-57.695256,230.748875,0.000000
552,-57.706908,230.557092,0.000000
553,-57.718406,230.365450,0.000000
554,-57.729752,230.173948,0.000000
555,-57.740946,229.982587,0.000000
556,-57.751989,229.791367,0.000000
557,-57.762877,229.600287,0.000000
558,-57.773617,229.409349,0.000000
559,-57.784205,229.218552,0.000000
560,-57.794645,229.027896,0.000000
561,-57.804939,228.837382,0.000000
562,-57.815085,228.647009,0.000000
563,-57.825089,228.456778,0.000000
564,-57.834949,228.266689,0.000000
565,-57.844663,228.076742,0.000000
566,-57.854232,227.886937,0.000000
567,-57.863660,227.697274,0.000000
568,-57.872946,227.507754,0.000000
569,-57.882090,227.318376,0.000000
570,-57.891094,227.129141,0.000000
571,-57.899957,226.940048,0.000000
572,-57.908680,226.751098,0.000000
573,-57.917266,226.562291,0.000000
574,-57.925715,226.373627,0.000000
575,-57.934029,226.185106,0.000000
576,-57.942208,225.996729,0.000000
577,-57.950251,225.808495,0.000000
578,-57.958161,225.620404,0.000000
579,-57.965937,225.432457,0.000000
580,-57.973579,225.244653,0.000000
581,-57.981090,225.056993,0.000000
582,-57.988467,224.869477,0.000000
583,-57.995714,224.682106,0.000000
584,-58.002832,224.494878,0.000000
585,-58.009881,224.307794,0.000000
586,-58.016802,224.120854,0.000000
587,-58.023595,223.934059,0.000000
588,-58.030262,223.747408,0.000000
589,-58.036802,223.560902,0.000000
590,-58.043218,223.374540,0.000000
591,-58.049508,223.188322,0.000000
592,-58.055675,223.002250,0.000000
593,-58.061718,222.816322,0.000000
594,-58.067639,222.630539,0.000000
595,-58.073437,222.444900,0.000000
596,-58.079115,222.259407,0.000000
597,-58.084672,222.074059,0.000000
598,-58.090108,221.888857,0.000000
599,-58.095426,221.703799,0.000000
600,-58.100625,221.518887,0.000000
601,-58.105706,221.334120,0.000000
602,-58.110670,221.149499,0.000000
603,-58.115516,220.965023,0.000000
604,-58.120247,220.780694,0.000000
605,-58.124863,220.596509,0.000000
606,-58.129364,220.412471,0.000000
607,-58.133750,220.228578,0.000000
608,-58.138023,220.044832,0.000000
609,-58.142183,219.861231,0.000000
610,-58.146231,219.677776,0.000000
611,-58.150167,219.494468,0.000000
612,-58.153992,219.311306,0.000000
613,-58.157707,219.128290,0.000000
614,-58.161312,218.945420,0.000000
615,-58.164808,218.762697,0.000000
616,-58.168196,218.580120,0.000000
617,-58.171475,218.397689,0.000000
618,-58.174647,218.215406,0.000000
619,-58.177713,218.033268,0.000000
620,-58.180672,217.851278,0.000000
621,-58.183526,217.669434,0.000000
622,-58.186275,217.487737,0.000000
623,-58.188920,217.306187,0.000000
624,-58.191460,217.124784,0.000000
625,-58.193898,216.943527,0.000000
626,-58.196232,216.762418,0.000000
627,-58.198465,216.581456,0.000000
628,-58.200596,216.400640,0.000000
629,-58.202627,216.219972,0.000000
630,-58.204557,216.039451,0.000000
631,-58.206387,215.859078,0.000000
632,-58.208119,215.678851,0.000000
633,-58.209751,215.498772,0.000000
634,-58.211286,215.318840,0.000000
635,-58.212723,215.139056,0.000000
636,-58.214063,214.959419,0.000000
637,-58.215307,214.779929,0.000000
638,-58.216454,214.600587,0.000000
639,-58.217507,214.421393,0.000000
640,-58.218465,214.242346,0.000000
641,-58.219328,214.063446,0.000000
642,-58.220098,213.884695,0.000000
643,-58.220775,213.706091,0.000000
644,-58.221359,213.527634,0.000000
645,-58.221851,213.349326,0.000000
646,-58.222252,213.171165,0.000000
647,-58.222561,212.993152,0.000000
648,-58.222780,212.815287,0.000000
649,-58.222909,212.637570,0.000000
650,-58.222948,212.460000,0.000000
651,-58.222898,212.282579,0.000000
652,-58.222760,212.105305,0.000000
653,-58.222534,211.928180,0.000000
654,-58.222221,211.751202,0.000000
655,-58.221820,211.574372,0.000000
656,-58.221333,211.397691,0.000000
657,-58.220761,211.221157,0.000000
658,-58.220102,211.044772,0.000000
659,-58.219359,210.868534,0.000000
660,-58.218531,210.692445,0.000000
661,-58.217620,210.516504,0.000000
662,-58.216624,210.340711,0.000000
663,-58.215546,210.165066,0.000000
664,-58.214386,209.989569,0.000000
665,-58.213143,209.814220,0.000000
666,-58.211818,209.639020,0.000000
667,-58.210413,209.463968,0.000000
668,-58.208927,209.289064,0.000000
669,-58.207361,209.114308,0.000000
670,-58.205715,208.939701,0.000000
671,-58.203989,208.765242,0.000000
672,-58.202186,208.590931,0.000000
673,-58.200303,208.416768,0.000000
674,-58.198343,208.242754,0.000000
675,-58.196306,208.068888,0.000000
676,-58.194191,207.895170,0.000000
677,-58.192001,207.721600,0.000000
678,-58.189734,207.548179,0.000000
679,-58.187391,207.374906,0.000000
680,-58.184974,207.201781,0.000000
681,-58.182482,207.028805,0.000000
682,-58.179916,206.855977,0.000000
683,-58.177276,206.683297,0.000000
684,-58.174562,206.510766,0.000000
685,-58.171776,206.338382,0.000000
686,-58.168917,206.166148,0.000000
687,-58.165986,205.994061,0.000000
688,-58.162983,205.822123,0.000000
689,-58.159910,205.650333,0.000000
690,-58.156765,205.478691,0.000000
691,-58.153550,205.307197,0.000000
692,-58.150265,205.135852,0.000000
693,-58.146910,204.964655,0.000000
694,-58.143487,204.793607,0.000000
695,-58.139994,204.622706,0.000000
696,-58.136433,204.451954,0.000000
697,-58.132805,204.281350,0.000000
698,-58.129109,204.110894,0.000000
699,-58.125346,203.940587,0.000000
700,-58.121516,203.770428,0.000000
701,-58.117620,203.600416,0.000000
702,-58.113658,203.430553,0.000000
703,-58.109631,203.260839,0.000000
704,-58.105539,203.091272,0.000000
705,-58.101382,202.921853,0.000000
706,-58.097161,202.752583,0.000000
707,-58.092875,202.583461,0.000000
708,-58.088527,202.414486,0.000000
709,-58.084115,202.245660,0.000000
710,-58.079640,202.076982,0.000000
711,-58.075103,201.908452,0.000000
712,-58.070504,201.740070,0.000000
713,-58.065844,201.571836,0.000000
714,-58.061122,201.403749,0.000000
715,-58.056339,201.235811,0.000000
716,-58.051496,201.068021,0.000000
717,-58.046593,200.900378,0.000000
718,-58.041630,200.732884,0.000000
719,-58.036607,200.565537,0.000000
720,-58.031526,200.398338,0.000000
721,-58.026385,200.231287,0.000000
722,-58.021187,200.064384,0.000000
723,-58.015931,199.897628,0.000000
724,-58.010617,199.731020,0.000000
725,-58.005246,199.564560,0.000000
726,-57.999818,199.398248,0.000000
727,-57.994274,199.232083,0.000000
728,-57.988674,199.066066,0.000000
729,-57.983018,198.900196,0.000000
730,-57.977308,198.734474,0.000000
731,-57.971543,198.568900,0.000000
732,-57.965725,198.403474,0.000000
733,-57.959854,198.238195,0.000000
734,-57.953931,198.073063,0.000000
735,-57.947953,197.908079,0.000000
736,-57.941924,197.743243,0.000000
737,-57.935841,197.578553,0.000000
738,-57.929709,197.414012,0.000000
739,-57.923523,197.249617,0.000000
740,-57.917285,197.085370,0.000000
741,-57.910996,196.921270,0.000000
742,-57.904656,196.757317,0.000000
743,-57.898266,196.593512,0.000000
744,-57.891826,196.429854,0.000000
745,-57.885335,196.266342,0.000000
746,-57.878797,196.102978,0.000000
747,-57.872209,195.939761,0.000000
748,-57.865573,195.776691,0.000000
749,-57.858889,195.613768,0.000000
750,-57.852158,195.450992,0.000000
751,-57.845378,195.288362,0.000000
752,-57.838549,195.125880,0.000000
753,-57.831674,194.963544,0.000000
754,-57.824752,194.801355,0.000000
755,-57.817786,194.639313,0.000000
756,-57.810773,194.477417,0.000000
757,-57.803712,194.315668,0.000000
758,-57.796605,194.154066,0.000000
759,-57.789453,193.992610,0.000000
760,-57.782253,193.831300,0.000000
761,-57.775010,193.670137,0.000000
762,-57.767721,193.509120,0.000000
763,-57.760388,193.348250,0.000000
764,-57.753014,193.187526,0.000000
765,-57.745595,193.026948,0.000000
766,-57.738136,192.866516,0.000000
767,-57.730635,192.706231,0.000000
768,-57.723090,192.546091,0.000000
769,-57.715501,192.386098,0.000000
770,-57.707871,192.226250,0.000000
771,-57.700199,192.066548,0.000000
772,-57.692487,191.906993,0.000000
773,-57.684731,191.747583,0.000000
774,-57.676932,191.588319,0.000000
775,-57.669093,191.429200,0.000000
776,-57.661213,191.270227,0.000000
777,-57.653293,191.111400,0.000000
778,-57.645329,190.952719,0.000000
779,-57.637328,190.794183,0.000000
780,-57.629287,190.635792,0.000000
781,-57.621206,190.477547,0.000000
782,-57.613087,190.319447,0.000000
783,-57.604931,190.161492,0.000000
784,-57.596737,190.003683,0.000000
785,-57.588503,189.846019,0.000000
786,-57.580229,189.688500,0.000000
787,-57.571919,189.531125,0.000000
788,-57.563573,189.373896,0.000000
789,-57.555187,189.216812,0.000000
790,-57.546764,189.059873,0.000000
791,-57.538306,188.903079,0.000000
792,-57.529810,188.746429,0.000000
793,-57.521275,188.589924,0.000000
794,-57.512705,188.433564,0.000000
795,-57.504101,188.277348,0.000000
796,-57.495459,188.121277,0.000000
797,-57.486785,187.965350,0.000000
798,-57.478076,187.809567,0.000000
799,-57.469330,187.653929,0.000000
800,-57.460550,187.498436,0.000000
801,-57.451737,187.343086,0.000000
802,-57.442889,187.187881,0.000000
803,-57.434007,187.032819,0.000000
804,-57.425088,186.877902,0.000000
805,-57.416137,186.723129,0.000000
806,-57.407152,186.568499,0.000000
807,-57.398133,186.414014,0.000000
808,-57.389085,186.259672,0.000000
809,-57.380003,186.105474,0.000000
810,-57.370889,185.951419,0.000000
811,-57.361744,185.797508,0.000000
812,-57.352566,185.643741,0.000000
813,-57.343355,185.490117,0.000000
814,-57.334114,185.336636,0.000000
815,-57.324842,185.183299,0.000000
816,-57.315538,185.030105,0.000000
817,-57.306202,184.877054,0.000000
818,-57.296834,184.724146,0.000000
819,-57.287437,184.571381,0.000000
820,-57.278010,184.418759,0.000000
821,-57.268552,184.266281,0.000000
822,-57.259065,184.113944,0.000000
823,-57.249546,183.961751,0.000000
824,-57.240002,183.809700,0.000000
825,-57.230427,183.657792,0.000000
826,-57.220824,183.506027,0.000000
827,-57.211190,183.354404,0.000000
828,-57.201529,183.202923,0.000000
829,-57.191839,183.051585,0.000000
830,-57.182120,182.900389,0.000000
831,-57.172374,182.749335,0.000000
832,-57.162599,182.598424,0.000000
833,-57.152795,182.447654,0.000000
834,-57.142965,182.297026,0.000000
835,-57.133107,182.146541,0.000000
836,-57.123222,181.996197,0.000000
837,-57.113310,181.845995,0.000000
838,-57.103371,181.695934,0.000000
839,-57.093407,181.546015,0.000000
840,-57.083416,181.396238,0.000000
841,-57.073399,181.246602,0.000000
842,-57.063356,181.097108,0.000000
843,-57.053286,180.947755,0.000000
844,-57.043191,180.798543,0.000000
845,-57.033071,180.649472,0.000000
846,-57.022924,180.500542,0.000000
847,-57.012753,180.351754,0.000000
848,-57.002557,180.203106,0.000000
849,-56.992336,180.054599,0.000000
850,-56.982093,179.906233,0.000000
851,-56.971824,179.758008,0.000000
852,-56.961530,179.609923,0.000000
853,-56.951214,179.461979,0.000000
854,-56.940872,179.314176,0.000000
855,-56.930506,179.166513,0.000000
856,-56.920117,179.018990,0.000000
857,-56.909705,178.871607,0.000000
858,-56.899269,178.724365,0.000000
859,-56.888811,178.577262,0.000000
860,-56.878330,178.430300,0.000000
861,-56.867826,178.283478,0.000000
862,-56.857300,178.136795,0.000000
863,-56.846752,177.990252,0.000000
864,-56.836181,177.843849,0.000000
865,-56.825588,177.697586,0.000000
866,-56.814974,177.551462,0.000000
867,-56.804337,177.405477,0.000000
868,-56.793679,177.259632,0.000000
869,-56.783000,177.113926,0.000000
870,-56.772300,176.968360,0.000000
871,-56.761578,176.822933,0.000000
872,-56.750836,176.677644,0.000000
873,-56.740072,176.532495,0.000000
874,-56.729288,176.387484,0.000000
875,-56.718485,176.242613,0.000000
876,-56.707661,176.097880,0.000000
877,-56.696816,175.953285,0.000000
878,-56.685951,175.808830,0.000000
879,-56.675068,175.664513,0.000000
880,-56.664164,175.520334,0.000000
881,-56.653241,175.376293,0.000000
882,-56.642299,175.232391,0.000000
883,-56.631337,175.088627,0.000000
884,-56.620356,174.945001,0.000000
885,-56.609357,174.801513,0.000000
886,-56.598340,174.658163,0.000000
887,-56.587304,174.514950,0.000000
888,-56.576250,174.371876,0.000000
889,-56.565178,174.228939,0.000000
890,-56.554087,174.086140,0.000000
891,-56.542978,173.943478,0.000000
892,-56.531852,173.800953,0.000000
893,-56.520707,173.658566,0.000000
894,-56.509545,173.516316,0.000000
895,-56.498366,173.374203,0.000000
896,-56.487171,173.232228,0.000000
897,-56.475957,173.090389,0.000000
898,-56.464726,172.948687,0.000000
899,-56.453479,172.807122,0.000000
900,-56.442215,172.665694,0.000000
901,-56.430933,172.524402,0.000000
902,-56.419636,172.383247,0.000000
903,-56.408322,172.242228,0.000000
904,-56.396991,172.101346,0.000000
905,-56.385645,171.960600,0.000000
906,-56.374282,171.819990,0.000000
907,-56.362906,171.679516,0.000000
908,-56.351513,171.539178,0.000000
909,-56.340104,171.398977,0.000000
910,-56.328680,171.258911,0.000000
911,-56.317241,171.118980,0.000000
912,-56.305785,170.979186,0.000000
913,-56.294316,170.839527,0.000000
914,-56.282831,170.700004,0.000000
915,-56.271331,170.560616,0.000000
916,-56.259817,170.421363,0.000000
917,-56.248287,170.282246,0.000000
918,-56.236745,170.143263,0.000000
919,-56.225188,170.004416,0.000000
920,-56.213617,169.865704,0.000000
921,-56.202031,169.727126,0.000000
922,-56.190431,169.588684,0.000000
923,-56.178817,169.450376,0.000000
924,-56.167190,169.312203,0.000000
925,-56.155549,169.174164,0.000000
926,-56.143895,169.036259,0.000000
927,-56.132227,168.898490,0.000000
928,-56.120545,168.760854,0.000000
929,-56.108851,168.623352,0.000000
930,-56.097144,168.485985,0.000000
931,-56.085423,168.348751,0.000000
932,-56.073690,168.211652,0.000000
933,-56.061944,168.074686,0.000000
934,-56.050186,167.937854,0.000000
935,-56.038414,167.801155,0.000000
936,-56.026631,167.664590,0.000000
937,-56.014835,167.528159,0.000000
938,-56.003027,167.391861,0.000000
939,-55.991207,167.255696,0.000000
940,-55.979212,167.119664,0.000000
941,-55.967208,166.983766,0.000000
942,-55.955201,166.848001,0.000000
943,-55.943186,166.712369,0.000000
944,-55.931162,166.576870,0.000000
945,-55.919132,166.441504,0.000000
946,-55.907090,166.306271,0.000000
947,-55.895037,166.171170,0.000000
948,-55.882979,166.036203,0.000000
949,-55.870916,165.901368,0.000000
950,-55.858846,165.766665,0.000000
951,-55.846772,165.632095,0.000000
952,-55.834687,165.497657,0.000000
953,-55.822598,165.363351,0.000000
954,-55.810505,165.229177,0.000000
955,-55.798398,165.095136,0.000000
956,-55.786284,164.961226,0.000000
957,-55.774162,164.827448,0.000000
958,-55.762027,164.693801,0.000000
959,-55.749896,164.560286,0.000000
960,-55.737763,164.426903,0.000000
961,-55.725624,164.293651,0.000000
962,-55.713476,164.160530,0.000000
963,-55.701319,164.027541,0.000000
964,-55.689162,163.894682,0.000000
965,-55.676991,163.761955,0.000000
966,-55.664810,163.629358,0.000000
967,-55.652624,163.496893,0.000000
968,-55.640423,163.364558,0.000000
969,-55.628223,163.232353,0.000000
970,-55.616010,163.100279,0.000000
971,-55.603802,162.968336,0.000000
972,-55.591586,162.836522,0.000000
973,-55.579358,162.704839,0.000000
974,-55.567124,162.573287,0.000000
975,-55.554886,162.441864,0.000000
976,-55.542637,162.310571,0.000000
977,-55.530386,162.179408,0.000000
978,-55.518120,162.048374,0.000000
979,-55.505849,161.917470,0.000000
980,-55.493574,161.786696,0.000000
981,-55.481297,161.656051,0.000000
982,-55.469014,161.525536,0.000000
983,-55.456723,161.395149,0.000000
984,-55.444431,161.264892,0.000000
985,-55.432129,161.134764,0.000000
986,-55.419816,161.004765,0.000000
987,-55.407499,160.874895,0.000000
988,-55.395172,160.745153,0.000000
989,-55.382847,160.615541,0.000000
990,-55.370514,160.486056,0.000000
991,-55.358181,160.356700,0.000000
992,-55.345837,160.227473,0.000000
993,-55.333488,160.098374,0.000000
994,-55.321134,159.969403,0.000000
995,-55.308773,159.840560,0.000000
996,-55.296400,159.711845,0.000000
997,-55.284027,159.583257,0.000000
998,-55.271646,159.454798,0.000000
999,-55.259261,159.326466,0.000000
1000,-55.246866,159.198262,0.000000
1001,-55.234475,159.070186,0.000000
1002,-55.222074,158.942236,0.000000
1003,-55.209668,158.814414,0.000000
1004,-55.197257,158.686720,0.000000
1005,-55.184840,158.559152,0.000000
1006,-55.172421,158.431711,0.000000
1007,-55.159993,158.304398,0.000000
1008,-55.147556,158.177211,0.000000
1009,-55.135116,158.050151,0.000000
1010,-55.122671,157.923217,0.000000
1011,-55.110221,157.796410,0.000000
1012,-55.097762,157.669729,0.000000
1013,-55.085301,157.543175,0.000000
1014,-55.072836,157.416747,0.000000
1015,-55.060366,157.290445,0.000000
1016,-55.047893,157.164269,0.000000
1017,-55.035410,157.038219,0.000000
1018,-55.022921,156.912295,0.000000
1019,-55.010429,156.786496,0.000000
1020,-54.997933,156.660824,0.000000
1021,-54.985437,156.535276,0.000000
1022,-54.972933,156.409855,0.000000
1023,-54.960421,156.284558,0.000000
1024,-54.947908,156.159387,0.000000
1025,-54.935386,156.034341,0.000000
1026,-54.922861,155.909420,0.000000
1027,-54.910327,155.784624,0.000000
1028,-54.897789,155.659953,0.000000
1029,-54.885248,155.535407,0.000000
1030,-54.872703,155.410986,0.000000
1031,-54.860153,155.286689,0.000000
1032,-54.847598,155.162516,0.000000
1033,-54.835039,155.038468,0.000000
1034,-54.822474,154.914544,0.000000
1035,-54.809906,154.790745,0.000000
1036,-54.797331,154.667070,0.000000
1037,-54.784751,154.543518,0.000000
1038,-54.772169,154.420091,0.000000
1039,-54.759583,154.296787,0.000000
1040,-54.746991,154.173607,0.000000
1041,-54.734398,154.050551,0.000000
1042,-54.721798,153.927618,0.000000
1043,-54.709194,153.804809,0.000000
1044,-54.696585,153.682123,0.000000
1045,-54.683972,153.559560,0.000000
1046,-54.671358,153.437121,0.000000
1047,-54.658739,153.314804,0.000000
1048,-54.646114,153.192611,0.000000
1049,-54.633485,153.070540,0.000000
1050,-54.620852,152.948592,0.000000
1051,-54.608219,152.826767,0.000000
1052,-54.595581,152.705064,0.000000
1053,-54.582938,152.583484,0.000000
1054,-54.570293,152.462026,0.000000
1055,-54.557644,152.340691,0.000000
1056,-54.544992,152.219478,0.000000
1057,-54.532337,152.098387,0.000000
1058,-54.519676,151.977417,0.000000
1059,-54.507012,151.856570,0.000000
1060,-54.494345,151.735845,0.000000
1061,-54.481675,151.615241,0.000000
1062,-54.469000,151.494759,0.000000
1063,-54.456320,151.374398,0.000000
1064,-54.443639,151.254159,0.000000
1065,-54.430952,151.134041,0.000000
1066,-54.418264,151.014045,0.000000
1067,-54.405571,150.894169,0.000000
1068,-54.392877,150.774415,0.000000
1069,-54.380178,150.654781,0.000000
1070,-54.367474,150.535269,0.000000
1071,-54.354771,150.415877,0.000000
1072,-54.342064,150.296606,0.000000
1073,-54.329354,150.177455,0.000000
1074,-54.316639,150.058425,0.000000
1075,-54.303920,149.939516,0.000000
1076,-54.291199,149.820726,0.000000
1077,-54.278474,149.702057,0.000000
1078,-54.265747,149.583508,0.000000
1079,-54.253015,149.465079,0.000000
1080,-54.240280,149.346770,0.000000
1081,-54.227545,149.228580,0.000000
1082,-54.214807,149.110510,0.000000
1083,-54.202064,148.992560,0.000000
1084,-54.189318,148.874730,0.000000
1085,-54.176568,148.757019,0.000000
1086,-54.163816,148.639427,0.000000
1087,-54.151061,148.521955,0.000000
1088,-54.138303,148.404601,0.000000
1089,-54.125541,148.287367,0.000000
1090,-54.112775,148.170252,0.000000
1091,-54.100009,148.053255,0.000000
1092,-54.087239,147.936377,0.000000
1093,-54.074467,147.819618,0.000000
1094,-54.061691,147.702978,0.000000
1095,-54.048912,147.586456,0.000000
1096,-54.036130,147.470053,0.000000
1097,-54.023345,147.353767,0.000000
1098,-54.010557,147.237600,0.000000
1099,-53.997766,147.121552,0.000000
1100,-53.984537,147.005621,0.000000
1101,-53.971294,146.889808,0.000000
1102,-53.958073,146.774115,0.000000
1103,-53.944872,146.658540,0.000000
1104,-53.931675,146.543083,0.000000
1105,-53.918489,146.427744,0.000000
1106,-53.905294,146.312524,0.000000
1107,-53.892111,146.197421,0.000000
1108,-53.878928,146.082436,0.000000
1109,-53.865760,145.967570,0.000000
1110,-53.852609,145.852820,0.000000
1111,-53.839464,145.738189,0.000000
1112,-53.826325,145.623675,0.000000
1113,-53.813212,145.509278,0.000000
1114,-53.800088,145.394998,0.000000
1115,-53.786968,145.280835,0.000000
1116,-53.773849,145.166790,0.000000
1117,-53.760721,145.052861,0.000000
1118,-53.747624,144.939049,0.000000
1119,-53.734548,144.825354,0.000000
1120,-53.721478,144.711775,0.000000
1121,-53.708407,144.598313,0.000000
1122,-53.695349,144.484967,0.000000
1123,-53.682298,144.371738,0.000000
1124,-53.669236,144.258624,0.000000
1125,-53.656180,144.145626,0.000000
1126,-53.643112,144.032745,0.000000
1127,-53.630049,143.919979,0.000000
1128,-53.616992,143.807329,0.000000
1129,-53.603969,143.694795,0.000000
1130,-53.590946,143.582376,0.000000
1131,-53.577909,143.470072,0.000000
1132,-53.564901,143.357884,0.000000
1133,-53.551878,143.245811,0.000000
1134,-53.538852,143.133853,0.000000
1135,-53.525833,143.022010,0.000000
1136,-53.512794,142.910282,0.000000
1137,-53.499782,142.798669,0.000000
1138,-53.486787,142.687170,0.000000
1139,-53.473789,142.575787,0.000000
1140,-53.460791,142.464517,0.000000
1141,-53.447807,142.353362,0.000000
1142,-53.434811,142.242321,0.000000
1143,-53.421806,142.131395,0.000000
1144,-53.408807,142.020582,0.000000
1145,-53.395802,141.909884,0.000000
1146,-53.382816,141.799299,0.000000
1147,-53.369825,141.688829,0.000000
1148,-53.356854,141.578472,0.000000
1149,-53.343869,141.468228,0.000000
1150,-53.330885,141.358098,0.000000
1151,-53.317906,141.248082,0.000000
1152,-53.304927,141.138179,0.000000
1153,-53.291934,141.028389,0.000000
1154,-53.278949,140.918712,0.000000
1155,-53.265972,140.809148,0.000000
1156,-53.252987,140.699697,0.000000
1157,-53.239995,140.590359,0.000000
1158,-53.227024,140.481134,0.000000
1159,-53.214054,140.372021,0.000000
1160,-53.201083,140.263021,0.000000
1161,-53.188114,140.154134,0.000000
1162,-53.175130,140.045358,0.000000
1163,-53.162155,139.936695,0.000000
1164,-53.149174,139.828144,0.000000
1165,-53.136193,139.719706,0.000000
1166,-53.123214,139.611379,0.000000
1167,-53.110236,139.503164,0.000000
1168,-53.097245,139.395061,0.000000
1169,-53.084261,139.287070,0.000000
1170,-53.071279,139.179190,0.000000
1171,-53.058297,139.071422,0.000000
1172,-53.045317,138.963766,0.000000
1173,-53.032332,138.856220,0.000000
1174,-53.019334,138.748786,0.000000
1175,-53.006338,138.641464,0.000000
1176,-52.993343,138.534252,0.000000
1177,-52.980362,138.427151,0.000000
1178,-52.967370,138.320161,0.000000
1179,-52.954387,138.213282,0.000000
1180,-52.941392,138.106514,0.000000
1181,-52.928383,137.999856,0.000000
1182,-52.915376,137.893309,0.000000
1183,-52.902365,137.786872,0.000000
1184,-52.889357,137.680546,0.000000
1185,-52.876350,137.574330,0.000000
1186,-52.863331,137.468224,0.000000
1187,-52.850314,137.362229,0.000000
1188,-52.837294,137.256343,0.000000
1189,-52.824269,137.150567,0.000000
1190,-52.811246,137.044901,0.000000
1191,-52.798210,136.939345,0.000000
1192,-52.785171,136.833899,0.000000
1193,-52.772136,136.728562,0.000000
1194,-52.759096,136.623335,0.000000
1195,-52.746051,136.518217,0.000000
1196,-52.733010,136.413208,0.000000
1197,-52.719964,136.308309,0.000000
1198,-52.706907,136.203519,0.000000
1199,-52.693847,136.098838,0.000000
1200,-52.680782,135.994266,0.000000
1201,-52.667721,135.889802,0.000000
1202,-52.654656,135.785448,0.000000
1203,-52.641588,135.681202,0.000000
1204,-52.628508,135.577066,0.000000
1205,-52.615425,135.473037,0.000000
1206,-52.602346,135.369117,0.000000
1207,-52.589263,135.265306,0.000000
1208,-52.576183,135.161603,0.000000
1209,-52.563099,135.058008,0.000000
1210,-52.550004,134.954521,0.000000
1211,-52.536907,134.851142,0.000000
1212,-52.523806,134.747871,0.000000
1213,-52.510702,134.644709,0.000000
1214,-52.497596,134.541654,0.000000
1215,-52.484488,134.438706,0.000000
1216,-52.471370,134.335867,0.000000
1217,-52.458242,134.233134,0.000000
1218,-52.445117,134.130510,0.000000
1219,-52.431982,134.027993,0.000000
1220,-52.418846,133.925583,0.000000
1221,-52.405701,133.823280,0.000000
1222,-52.392558,133.721084,0.000000
1223,-52.379406,133.618996,0.000000
1224,-52.366245,133.517014,0.000000
1225,-52.353090,133.415140,0.000000
1226,-52.339926,133.313372,0.000000
1227,-52.326758,133.211711,0.000000
1228,-52.313581,133.110157,0.000000
1229,-52.300395,133.008709,0.000000
1230,-52.287208,132.907368,0.000000
1231,-52.274013,132.806133,0.000000
1232,-52.260814,132.705005,0.000000
1233,-52.247606,132.603983,0.000000
1234,-52.234404,132.503067,0.000000
1235,-52.221193,132.402257,0.000000
1236,-52.207974,132.301553,0.000000
1237,-52.194746,132.200955,0.000000
1238,-52.181509,132.100463,0.000000
1239,-52.168271,132.000077,0.000000
1240,-52.155025,131.899796,0.000000
1241,-52.141771,131.799622,0.000000
1242,-52.128508,131.699552,0.000000
1243,-52.115237,131.599589,0.000000
1244,-52.101966,131.499730,0.000000
1245,-52.088686,131.399977,0.000000
1246,-52.075399,131.300330,0.000000
1247,-52.062103,131.200787,0.000000
1248,-52.048800,131.101350,0.000000
1249,-52.035490,131.002017,0.000000
1250,-52.022171,130.902790,0.000000
1251,-52.008846,130.803667,0.000000
1252,-51.995512,130.704649,0.000000
1253,-51.980979,130.605736,0.000000
1254,-51.966447,130.506930,0.000000
1255,-51.951970,130.408230,0.000000
1256,-51.937537,130.309637,0.000000
1257,-51.923069,130.211149,0.000000
1258,-51.908639,130.112768,0.000000
1259,-51.894204,130.014493,0.000000
1260,-51.879798,129.916324,0.000000
1261,-51.865431,129.818261,0.000000
1262,-51.851103,129.720304,0.000000
1263,-51.836804,129.622452,0.000000
1264,-51.822495,129.524705,0.000000
1265,-51.808250,129.427063,0.000000
1266,-51.793970,129.329527,0.000000
1267,-51.779700,129.232096,0.000000
1268,-51.765441,129.134770,0.000000
1269,-51.751259,129.037549,0.000000
1270,-51.737043,128.940432,0.000000
1271,-51.722921,128.843420,0.000000
1272,-51.708789,128.746512,0.000000
1273,-51.694687,128.649709,0.000000
1274,-51.680594,128.553010,0.000000
1275,-51.666468,128.456414,0.000000
1276,-51.652372,128.359923,0.000000
1277,-51.638213,128.263536,0.000000
1278,-51.624118,128.167253,0.000000
1279,-51.610044,128.071073,0.000000
1280,-51.595990,127.974997,0.000000
1281,-51.581926,127.879025,0.000000
1282,-51.567878,127.783156,0.000000
1283,-51.553841,127.687390,0.000000
1284,-51.539790,127.591728,0.000000
1285,-51.525750,127.496168,0.000000
1286,-51.511648,127.400712,0.000000
1287,-51.497610,127.305359,0.000000
1288,-51.483610,127.210108,0.000000
1289,-51.469596,127.114960,0.000000
1290,-51.455575,127.019915,0.000000
1291,-51.441583,126.924973,0.000000
1292,-51.427564,126.830133,0.000000
1293,-51.413536,126.735395,0.000000
1294,-51.399500,126.640760,0.000000
1295,-51.385495,126.546227,0.000000
1296,-51.371481,126.451796,0.000000
1297,-51.357494,126.357467,0.000000
1298,-51.343479,126.263240,0.000000
1299,-51.329495,126.169115,0.000000
1300,-51.315479,126.075091,0.000000
1301,-51.301454,125.981170,0.000000
1302,-51.287403,125.887350,0.000000
1303,-51.273362,125.793631,0.000000
1304,-51.259329,125.700014,0.000000
1305,-51.245254,125.606499,0.000000
1306,-51.231242,125.513085,0.000000
1307,-51.217222,125.419772,0.000000
1308,-51.203190,125.326560,0.000000
1309,-51.189111,125.233449,0.000000
1310,-51.175024,125.140439,0.000000
1311,-51.160950,125.047531,0.000000
1312,-51.146849,124.954723,0.000000
1313,-51.132740,124.862016,0.000000
1314,-51.118625,124.769410,0.000000
1315,-51.104501,124.676904,0.000000
1316,-51.090386,124.584499,0.000000
1317,-51.076263,124.492195,0.000000
1318,-51.062133,124.399991,0.000000
1319,-51.047997,124.307888,0.000000
1320,-51.033813,124.215884,0.000000
1321,-51.019604,124.123981,0.000000
1322,-51.005388,124.032179,0.000000
1323,-50.991165,123.940476,0.000000
1324,-50.976966,123.848874,0.000000
1325,-50.962726,123.757372,0.000000
1326,-50.948500,123.665970,0.000000
1327,-50.934223,123.574667,0.000000
1328,-50.919940,123.483465,0.000000
1329,-50.905635,123.392362,0.000000
1330,-50.891324,123.301359,0.000000
1331,-50.876967,123.210455,0.000000
1332,-50.862599,123.119652,0.000000
1333,-50.848224,123.028948,0.000000
1334,-50.833829,122.938343,0.000000
1335,-50.819408,122.847838,0.000000
1336,-50.804976,122.757433,0.000000
1337,-50.790498,122.667127,0.000000
1338,-50.776039,122.576920,0.000000
1339,-50.761554,122.486813,0.000000
1340,-50.747039,122.396804,0.000000
1341,-50.732521,122.306895,0.000000
1342,-50.717977,122.217085,0.000000
1343,-50.703408,122.127375,0.000000
1344,-50.688794,122.037763,0.000000
1345,-50.674154,121.948250,0.000000
1346,-50.659509,121.858836,0.000000
1347,-50.644839,121.769521,0.000000
1348,-50.630143,121.680306,0.000000
1349,-50.615423,121.591188,0.000000
1350,-50.600697,121.502170,0.000000
1351,-50.585947,121.413250,0.000000
1352,-50.571186,121.324430,0.000000
1353,-50.556400,121.235707,0.000000
1354,-50.541588,121.147084,0.000000
1355,-50.526753,121.058558,0.000000
1356,-50.511892,120.970132,0.000000
1357,-50.497007,120.881803,0.000000
1358,-50.482103,120.793574,0.000000
1359,-50.467154,120.705442,0.000000
1360,-50.452195,120.617409,0.000000
1361,-50.437192,120.529474,0.000000
1362,-50.422170,120.441638,0.000000
1363,-50.407104,120.353900,0.000000
1364,-50.391993,120.266259,0.000000
1365,-50.376873,120.178718,0.000000
1366,-50.361710,120.091274,0.000000
1367,-50.346546,120.003928,0.000000
1368,-50.331339,119.916681,0.000000
1369,-50.316103,119.829532,0.000000
1370,-50.300824,119.742480,0.000000
1371,-50.285525,119.655527,0.000000
1372,-50.270183,119.568671,0.000000
1373,-50.254812,119.481914,0.000000
1374,-50.239398,119.395254,0.000000
1375,-50.223980,119.308693,0.000000
1376,-50.208518,119.222229,0.000000
1377,-50.193013,119.135863,0.000000
1378,-50.177465,119.049594,0.000000
1379,-50.161893,118.963424,0.000000
1380,-50.146278,118.877351,0.000000
1381,-50.130620,118.791377,0.000000
1382,-50.114919,118.705499,0.000000
1383,-50.099195,118.619720,0.000000
1384,-50.083428,118.534038,0.000000
1385,-50.067618,118.448454,0.000000
1386,-50.051765,118.362968,0.000000
1387,-50.035869,118.277579,0.000000
1388,-50.019931,118.192288,0.000000
1389,-50.003950,118.107095,0.000000
1390,-49.987927,118.021999,0.000000
1391,-49.971772,117.937001,0.000000
1392,-49.955576,117.852100,0.000000
1393,-49.939337,117.767298,0.000000
1394,-49.923055,117.682593,0.000000
1395,-49.906731,117.597985,0.000000
1396,-49.890365,117.513476,0.000000
1397,-49.873957,117.429064,0.000000
1398,-49.857486,117.344750,0.000000
1399,-49.840973,117.260534,0.000000
1400,-49.824418,117.176415,0.000000
1401,-49.807821,117.092394,0.000000
1402,-49.791163,117.008471,0.000000
1403,-49.774463,116.924645,0.000000
1404,-49.757721,116.840917,0.000000
1405,-49.740937,116.757287,0.000000
1406,-49.724072,116.673754,0.000000
1407,-49.707165,116.590319,0.000000
1408,-49.690202,116.506982,0.000000
1409,-49.673197,116.423743,0.000000
1410,-49.656127,116.340601,0.000000
1411,-49.639000,116.257557,0.000000
1412,-49.621831,116.174611,0.000000
1413,-49.604577,116.091762,0.000000
1414,-49.587282,116.009011,0.000000
1415,-49.569911,115.926358,0.000000
1416,-49.552499,115.843803,0.000000
1417,-49.535021,115.761346,0.000000
1418,-49.517502,115.678987,0.000000
1419,-49.499908,115.596725,0.000000
1420,-49.482209,115.514561,0.000000
1421,-49.464449,115.432495,0.000000
1422,-49.446629,115.350528,0.000000
1423,-49.428748,115.268658,0.000000
1424,-49.410807,115.186886,0.000000
1425,-49.392805,115.105212,0.000000
1426,-49.374690,115.023637,0.000000
1427,-49.356474,114.942159,0.000000
1428,-49.338199,114.860780,0.000000
1429,-49.319863,114.779499,0.000000
1430,-49.301467,114.698316,0.000000
1431,-49.282992,114.617232,0.000000
1432,-49.264457,114.536246,0.000000
1433,-49.245842,114.455358,0.000000
1434,-49.227106,114.374569,0.000000
1435,-49.208276,114.293879,0.000000
1436,-49.189386,114.213287,0.000000
1437,-49.170392,114.132793,0.000000
1438,-49.151324,114.052399,0.000000
1439,-49.132196,113.972103,0.000000
1440,-49.112984,113.891906,0.000000
1441,-49.093673,113.811808,0.000000
1442,-49.074249,113.731808,0.000000
1443,-49.054721,113.651908,0.000000
1444,-49.035115,113.572107,0.000000
1445,-49.015435,113.492405,0.000000
1446,-48.995651,113.412802,0.000000
1447,-48.975717,113.333299,0.000000
1448,-48.955704,113.253895,0.000000
1449,-48.935614,113.174591,0.000000
1450,-48.915385,113.095386,0.000000
1451,-48.895078,113.016281,0.000000
1452,-48.874692,112.937276,0.000000
1453,-48.854096,112.858370,0.000000
1454,-48.833421,112.779565,0.000000
1455,-48.812668,112.700859,0.000000
1456,-48.791817,112.622254,0.000000
1457,-48.770829,112.543749,0.000000
1458,-48.749690,112.465345,0.000000
1459,-48.728338,112.387041,0.000000
1460,-48.706888,112.308838,0.000000
1461,-48.685326,112.230736,0.000000
1462,-48.663549,112.152735,0.000000
1463,-48.641680,112.074835,0.000000
1464,-48.619693,111.997036,0.000000
1465,-48.597512,111.919339,0.000000
1466,-48.575237,111.841744,0.000000
1467,-48.552739,111.764251,0.000000
1468,-48.530138,111.686859,0.000000
1469,-48.507346,111.609570,0.000000
1470,-48.484404,111.532383,0.000000
1471,-48.461290,111.455299,0.000000
1472,-48.437931,111.378317,0.000000
1473,-48.414417,111.301439,0.000000
1474,-48.390782,111.224664,0.000000
1475,-48.367015,111.147992,0.000000
1476,-48.342946,111.071423,0.000000
1477,-48.318634,110.994959,0.000000
1478,-48.294166,110.918599,0.000000
1479,-48.269538,110.842343,0.000000
1480,-48.244725,110.766192,0.000000
1481,-48.219645,110.690146,0.000000
1482,-48.194269,110.614204,0.000000
1483,-48.168668,110.538369,0.000000
1484,-48.142854,110.462639,0.000000
1485,-48.116816,110.387016,0.000000
1486,-48.090512,110.311498,0.000000
1487,-48.063871,110.236088,0.000000
1488,-48.037096,110.160785,0.000000
1489,-48.010014,110.085589,0.000000
1490,-47.982678,110.010501,0.000000
1491,-47.954901,109.935521,0.000000
1492,-47.926850,109.860650,0.000000
1493,-47.898519,109.785888,0.000000
1494,-47.869908,109.711236,0.000000
1495,-47.840961,109.636693,0.000000
1496,-47.811727,109.562261,0.000000
1497,-47.782152,109.487940,0.000000
1498,-47.752286,109.413730,0.000000
1499,-47.722127,109.339631,0.000000
1500,-47.691565,109.265645,0.000000
1501,-47.660663,109.191771,0.000000
1502,-47.629392,109.118010,0.000000
1503,-47.597776,109.044362,0.000000
1504,-47.565731,108.970829,0.000000
1505,-47.533283,108.897411,0.000000
1506,-47.500453,108.824107,0.000000
1507,-47.467212,108.750920,0.000000
1508,-47.433368,108.677849,0.000000
1509,-47.399093,108.604895,0.000000
1510,-47.364234,108.532059,0.000000
1511,-47.328878,108.459342,0.000000
1512,-47.293078,108.386744,0.000000
1513,-47.256720,108.314267,0.000000
1514,-47.219908,108.241911,0.000000
1515,-47.182379,108.169676,0.000000
1516,-47.144266,108.097564,0.000000
1517,-47.105643,108.025576,0.000000
1518,-47.066280,107.953712,0.000000
1519,-47.026265,107.881973,0.000000
1520,-46.985511,107.810361,0.000000
1521,-46.944061,107.738877,0.000000
1522,-46.901845,107.667521,0.000000
1523,-46.858914,107.596295,0.000000
1524,-46.815006,107.525200,0.000000
1525,-46.770421,107.454237,0.000000
1526,-46.724847,107.383408,0.000000
1527,-46.678176,107.312714,0.000000
1528,-46.630391,107.242156,0.000000
1529,-46.581736,107.171737,0.000000
1530,-46.531713,107.101458,0.000000
1531,-46.480839,107.031320,0.000000
1532,-46.428410,106.961326,0.000000
1533,-46.374713,106.891478,0.000000
1534,-46.319391,106.821777,0.000000
1535,-46.262683,106.752227,0.000000
1536,-46.204617,106.682829,0.000000
1537,-46.144452,106.613585,0.000000
1538,-46.082594,106.544500,0.000000
1539,-46.018630,106.475575,0.000000
1540,-45.952724,106.406815,0.000000
1541,-45.884303,106.338221,0.000000
1542,-45.813666,106.269799,0.000000
1543,-45.740594,106.201551,0.000000
1544,-45.664715,106.133482,0.000000
1545,-45.586094,106.065596,0.000000
1546,-45.504243,105.997898,0.000000
1547,-45.419306,105.930393,0.000000
1548,-45.330432,105.863086,0.000000
1549,-45.237426,105.795982,0.000000
1550,-45.139954,105.729090,0.000000
1551,-45.037743,105.662416,0.000000
1552,-44.930106,105.595968,0.000000
1553,-44.816421,105.529754,0.000000
1554,-44.696216,105.463785,0.000000
1555,-44.568048,105.398072,0.000000
1556,-44.430555,105.332627,0.000000
1557,-44.282956,105.267465,0.000000
1558,-44.123682,105.202604,0.000000
1559,-43.949546,105.138063,0.000000
1560,-43.758118,105.073865,0.000000
1561,-43.547617,105.010040,0.000000
1562,-43.313072,104.946619,0.000000
1563,-43.048366,104.883642,0.000000
1564,-42.745374,104.821158,0.000000
1565,-42.390291,104.759231,0.000000
1566,-41.964459,104.697948,0.000000
1567,-41.427285,104.637426,0.000000
1568,-40.723706,104.577849,0.000000
1569,-39.717858,104.519495,0.000000
1570,-38.024666,104.462866,0.000000
1571,-34.047937,104.409105,0.000000
1572,-4.735310,104.362018,0.000000
1573,0.000000,104.363824,1.000000
1574,-46.000000,204.373521,0.000000
1575,-45.982072,204.223210,0.000000
1576,-45.963496,204.073054,0.000000
1577,-45.944256,203.923054,0.000000
1578,-45.924322,203.773211,0.000000
1579,-45.903680,203.623526,0.000000
1580,-45.882301,203.474000,0.000000
1581,-45.860164,203.324635,0.000000
1582,-45.837105,203.175431,0.000000
1583,-45.813234,203.026389,0.000000
1584,-45.788526,202.877512,0.000000
1585,-45.762806,202.728800,0.000000
1586,-45.736191,202.580255,0.000000
1587,-45.708366,202.431878,0.000000
1588,-45.679465,202.283671,0.000000
1589,-45.649388,202.135635,0.000000
1590,-45.618170,201.987773,0.000000
1591,-45.585558,201.840086,0.000000
1592,-45.551572,201.692577,0.000000
1593,-45.516247,201.545247,0.000000
1594,-45.479471,201.398099,0.000000
1595,-45.440833,201.251135,0.000000
1596,-45.400598,201.104358,0.000000
1597,-45.358175,200.957770,0.000000
1598,-45.313743,200.811375,0.000000
1599,-45.267533,200.665176,0.000000
1600,-45.219197,200.519176,0.000000
1601,-45.168107,200.373378,0.000000
1602,-45.114444,200.227787,0.000000
1603,-45.058091,200.082406,0.000000
1604,-44.998569,199.937241,0.000000
1605,-44.935536,199.792296,0.000000
1606,-44.869119,199.647576,0.000000
1607,-44.798671,199.503088,0.000000
1608,-44.724457,199.358838,0.000000
1609,-44.644858,199.214831,0.000000
1610,-44.559940,199.071078,0.000000
1611,-44.468953,198.927585,0.000000
1612,-44.370533,198.784364,0.000000
1613,-44.264676,198.641426,0.000000
1614,-44.150708,198.498784,0.000000
1615,-44.025958,198.356450,0.000000
1616,-43.889719,198.214444,0.000000
1617,-43.739121,198.072782,0.000000
1618,-43.572509,197.931490,0.000000
1619,-43.387292,197.790593,0.000000
1620,-43.178043,197.650122,0.000000
1621,-42.940473,197.510117,0.000000
1622,-42.666583,197.370624,0.000000
1623,-42.343294,197.231704,0.000000
1624,-41.950580,197.093439,0.000000
1625,-41.455857,196.955944,0.000000
1626,-40.808249,196.819387,0.000000
1627,-39.892918,196.684024,0.000000
1628,-38.388691,196.550299,0.000000
1629,-35.144454,196.419193,0.000000
1630,-18.328819,196.293603,0.000000
1631,0.000000,196.196144,1.000000
1632,-46.000000,296.129314,0.000000
1633,-46.027950,295.902539,0.000000
1634,-46.057107,295.675907,0.000000
1635,-46.086999,295.449416,0.000000
1636,-46.117632,295.223063,0.000000
1637,-46.149265,294.996848,0.000000
1638,-46.181745,294.770768,0.000000
1639,-46.215136,294.544823,0.000000
1640,-46.249204,294.319011,0.000000
1641,-46.284287,294.093330,0.000000
1642,-46.320370,293.867778,0.000000
1643,-46.357354,293.642354,0.000000
1644,-46.394900,293.417057,0.000000
1645,-46.433732,293.191885,0.000000
1646,-46.473195,292.966835,0.000000
1647,-46.513310,292.741908,0.000000
1648,-46.554739,292.517101,0.000000
1649,-46.596970,292.292412,0.000000
1650,-46.640089,292.067840,0.000000
1651,-46.684036,291.843383,0.000000
1652,-46.728607,291.619041,0.000000
1653,-46.774126,291.394811,0.000000
1654,-46.820554,291.170691,0.000000
1655,-46.867840,290.946682,0.000000
1656,-46.915792,290.722780,0.000000
1657,-46.964614,290.498985,0.000000
1658,-47.014116,290.275295,0.000000
1659,-47.064440,290.051708,0.000000
1660,-47.115458,289.828225,0.000000
1661,-47.167174,289.604842,0.000000
1662,-47.219554,289.381559,0.000000
1663,-47.272592,289.158376,0.000000
1664,-47.326392,288.935289,0.000000
1665,-47.380753,288.712300,0.000000
1666,-47.435736,288.489405,0.000000
1667,-47.491385,288.266604,0.000000
1668,-47.547613,288.043896,0.000000
1669,-47.604479,287.821281,0.000000
1670,-47.661882,287.598755,0.000000
1671,-47.719825,287.376320,0.000000
1672,-47.778262,287.153974,0.000000
1673,-47.837195,286.931715,0.000000
1674,-47.896578,286.709543,0.000000
1675,-47.956411,286.487458,0.000000
1676,-48.016649,286.265458,0.000000
1677,-48.077447,286.043542,0.000000
1678,-48.138629,285.821710,0.000000
1679,-48.200246,285.599961,0.000000
1680,-48.262192,285.378294,0.000000
1681,-48.324608,285.156709,0.000000
1682,-48.387279,284.935204,0.000000
1683,-48.450329,284.713779,0.000000
1684,-48.513540,284.492434,0.000000
1685,-48.577113,284.271168,0.000000
1686,-48.640829,284.049980,0.000000
1687,-48.704830,283.828870,0.000000
1688,-48.769028,283.607838,0.000000
1689,-48.833420,283.386883,0.000000
1690,-48.897971,283.166005,0.000000
1691,-48.962659,282.945204,0.000000
1692,-49.027414,282.724479,0.000000
1693,-49.092251,282.503829,0.000000
1694,-49.157172,282.283256,0.000000
1695,-49.222180,282.062758,0.000000
1696,-49.287194,281.842335,0.000000
1697,-49.352271,281.621988,0.000000
1698,-49.417336,281.401716,0.000000
1699,-49.482442,281.181519,0.000000
1700,-49.547515,280.961397,0.000000
1701,-49.612596,280.741350,0.000000
1702,-49.677626,280.521378,0.000000
1703,-49.742604,280.301481,0.000000
1704,-49.807511,280.081659,0.000000
1705,-49.872348,279.861912,0.000000
1706,-49.937093,279.642240,0.000000
1707,-50.001749,279.422643,0.000000
1708,-50.066383,279.203121,0.000000
1709,-50.130907,278.983675,0.000000
1710,-50.195302,278.764304,0.000000
1711,-50.259568,278.545008,0.000000
1712,-50.323685,278.325788,0.000000
1713,-50.387654,278.106644,0.000000
1714,-50.451454,277.887575,0.000000
1715,-50.515087,277.668583,0.000000
1716,-50.578551,277.449668,0.000000
1717,-50.641808,277.230829,0.000000
1718,-50.704843,277.012067,0.000000
1719,-50.767671,276.793382,0.000000
1720,-50.830294,276.574775,0.000000
1721,-50.892691,276.356246,0.000000
1722,-50.954862,276.137795,0.000000
1723,-51.016826,275.919422,0.000000
1724,-51.078507,275.701128,0.000000
1725,-51.139942,275.482913,0.000000
1726,-51.201137,275.264777,0.000000
1727,-51.262066,275.046721,0.000000
1728,-51.322664,274.828746,0.000000
1729,-51.383002,274.610851,0.000000
1730,-51.443021,274.393037,0.000000
1731,-51.502735,274.175304,0.000000
1732,-51.562085,273.957654,0.000000
1733,-51.621150,273.740085,0.000000
1734,-51.679861,273.522600,0.000000
1735,-51.738220,273.305198,0.000000
1736,-51.796280,273.087880,0.000000
1737,-51.853889,272.870647,0.000000
1738,-51.911146,272.653498,0.000000
1739,-51.967981,272.436435,0.000000
1740,-52.024469,272.219458,0.000000
1741,-52.081794,272.002568,0.000000
1742,-52.138830,271.785763,0.000000
1743,-52.195569,271.569044,0.000000
1744,-52.252014,271.352410,0.000000
1745,-52.308158,271.135863,0.000000
1746,-52.364010,270.919403,0.000000
1747,-52.419564,270.703030,0.000000
1748,-52.474805,270.486745,0.000000
1749,-52.529742,270.270548,0.000000
1750,-52.584380,270.054440,0.000000
1751,-52.638710,269.838421,0.000000
1752,-52.692725,269.622491,0.000000
1753,-52.746426,269.406651,0.000000
1754,-52.799828,269.190902,0.000000
1755,-52.852909,268.975243,0.000000
1756,-52.905687,268.759676,0.000000
1757,-52.958155,268.544200,0.000000
1758,-53.010313,268.328816,0.000000
1759,-53.062150,268.113525,0.000000
1760,-53.113679,267.898327,0.000000
1761,-53.164875,267.683222,0.000000
1762,-53.215758,267.468212,0.000000
1763,-53.266330,267.253295,0.000000
1764,-53.316565,267.038474,0.000000
1765,-53.366486,266.823747,0.000000
1766,-53.416093,266.609117,0.000000
1767,-53.465351,266.394583,0.000000
1768,-53.514313,266.180145,0.000000
1769,-53.562931,265.965804,0.000000
1770,-53.611217,265.751561,0.000000
1771,-53.659185,265.537417,0.000000
1772,-53.706808,265.323370,0.000000
1773,-53.754118,265.109423,0.000000
1774,-53.801076,264.895575,0.000000
1775,-53.847696,264.681827,0.000000
1776,-53.893988,264.468179,0.000000
1777,-53.939934,264.254632,0.000000
1778,-53.985550,264.041187,0.000000
1779,-54.030821,263.827844,0.000000
1780,-54.076238,263.614602,0.000000
1781,-54.121352,263.401463,0.000000
1782,-54.166164,263.188427,0.000000
1783,-54.210674,262.975493,0.000000
1784,-54.254882,262.762662,0.000000
1785,-54.298787,262.549935,0.000000
1786,-54.342393,262.337312,0.000000
1787,-54.385702,262.124794,0.000000
1788,-54.428709,261.912381,0.000000
1789,-54.471420,261.700073,0.000000
1790,-54.513832,261.487870,0.000000
1791,-54.555951,261.275774,0.000000
1792,-54.597774,261.063784,0.000000
1793,-54.639300,260.851902,0.000000
1794,-54.680533,260.640126,0.000000
1795,-54.721473,260.428459,0.000000
1796,-54.762121,260.216899,0.000000
1797,-54.802478,260.005448,0.000000
1798,-54.842545,259.794107,0.000000
1799,-54.882326,259.582874,0.000000
1800,-54.921817,259.371751,0.000000
1801,-54.961023,259.160738,0.000000
1802,-54.999945,258.949836,0.000000
1803,-55.038586,258.739045,0.000000
1804,-55.076933,258.528365,0.000000
1805,-55.115002,258.317796,0.000000
1806,-55.152783,258.107340,0.000000
1807,-55.190285,257.896996,0.000000
1808,-55.227504,257.686765,0.000000
1809,-55.264446,257.476647,0.000000
1810,-55.301104,257.266642,0.000000
1811,-55.337482,257.056751,0.000000
1812,-55.373589,256.846975,0.000000
1813,-55.409421,256.637313,0.000000
1814,-55.444967,256.427767,0.000000
1815,-55.480245,256.218335,0.000000
1816,-55.515247,256.009020,0.000000
1817,-55.549977,255.799820,0.000000
1818,-55.584430,255.590737,0.000000
1819,-55.618618,255.381771,0.000000
1820,-55.652530,255.172922,0.000000
1821,-55.686167,254.964190,0.000000
1822,-55.719543,254.755577,0.000000
1823,-55.752652,254.547081,0.000000
1824,-55.785490,254.338704,0.000000
1825,-55.818059,254.130446,0.000000
1826,-55.850370,253.922307,0.000000
1827,-55.882416,253.714288,0.000000
1828,-55.914196,253.506389,0.000000
1829,-55.945707,253.298610,0.000000
1830,-55.976963,253.090952,0.000000
1831,-56.007954,252.883415,0.000000
1832,-56.038856,252.675999,0.000000
1833,-56.069508,252.468704,0.000000
1834,-56.099910,252.261531,0.000000
1835,-56.130064,252.054480,0.000000
1836,-56.159971,251.847551,0.000000
1837,-56.189632,251.640745,0.000000
1838,-56.219048,251.434062,0.000000
1839,-56.248220,251.227502,0.000000
1840,-56.277151,251.021065,0.000000
1841,-56.305839,250.814752,0.000000
1842,-56.334287,250.608564,0.000000
1843,-56.362496,250.402500,0.000000
1844,-56.390466,250.196560,0.000000
1845,-56.418199,249.990746,0.000000
1846,-56.445695,249.785056,0.000000
1847,-56.472957,249.579493,0.000000
1848,-56.499985,249.374055,0.000000
1849,-56.526781,249.168743,0.000000
1850,-56.553345,248.963558,0.000000
1851,-56.579679,248.758500,0.000000
1852,-56.605783,248.553568,0.000000
1853,-56.631659,248.348764,0.000000
1854,-56.657306,248.144088,0.000000
1855,-56.682728,247.939539,0.000000
1856,-56.707925,247.735118,0.000000
1857,-56.732898,247.530826,0.000000
1858,-56.757648,247.326662,0.000000
1859,-56.782176,247.122627,0.000000
1860,-56.806484,246.918721,0.000000
1861,-56.830571,246.714945,0.000000
1862,-56.854440,246.511298,0.000000
1863,-56.878093,246.307781,0.000000
1864,-56.901529,246.104395,0.000000
1865,-56.924750,245.901139,0.000000
1866,-56.947756,245.698013,0.000000
1867,-56.970549,245.495019,0.000000
1868,-56.993129,245.292155,0.000000
1869,-57.015501,245.089424,0.000000
1870,-57.037661,244.886823,0.000000
1871,-57.059611,244.684355,0.000000
1872,-57.081355,244.482019,0.000000
1873,-57.102890,244.279815,0.000000
1874,-57.124219,244.077744,0.000000
1875,-57.145344,243.875805,0.000000
1876,-57.166264,243.674000,0.000000
1877,-57.186981,243.472328,0.000000
1878,-57.207498,243.270789,0.000000
1879,-57.227812,243.069385,0.000000
1880,-57.247927,242.868114,0.000000
1881,-57.267843,242.666977,0.000000
1882,-57.287559,242.465975,0.000000
1883,-57.307078,242.265108,0.000000
1884,-57.326400,242.064375,0.000000
1885,-57.345529,241.863777,0.000000
1886,-57.364464,241.663315,0.000000
1887,-57.383205,241.462988,0.000000
1888,-57.401753,241.262797,0.000000
1889,-57.420111,241.062742,0.000000
1890,-57.438277,240.862823,0.000000
1891,-57.456254,240.663040,0.000000
1892,-57.474044,240.463394,0.000000
1893,-57.491646,240.263885,0.000000
1894,-57.509063,240.064512,0.000000
1895,-57.526291,239.865277,0.000000
1896,-57.543333,239.666178,0.000000
1897,-57.560194,239.467218,0.000000
1898,-57.576872,239.268395,0.000000
1899,-57.593371,239.069710,0.000000
1900,-57.609686,238.871163,0.000000
1901,-57.625822,238.672754,0.000000
1902,-57.641776,238.474484,0.000000
1903,-57.657552,238.276352,0.000000
1904,-57.673151,238.078360,0.000000
1905,-57.688575,237.880506,0.000000
1906,-57.703825,237.682791,0.000000
1907,-57.718900,237.485216,0.000000
1908,-57.733801,237.287780,0.000000
1909,-57.748532,237.090484,0.000000
1910,-57.763090,236.893328,0.000000
1911,-57.777476,236.696312,0.000000
1912,-57.791688,236.499436,0.000000
1913,-57.805732,236.302700,0.000000
1914,-57.819607,236.106105,0.000000
1915,-57.833318,235.909651,0.000000
1916,-57.846862,235.713337,0.000000
1917,-57.860239,235.517165,0.000000
1918,-57.873451,235.321133,0.000000
1919,-57.886501,235.125243,0.000000
1920,-57.899386,234.929495,0.000000
1921,-57.912107,234.733888,0.000000
1922,-57.924668,234.538423,0.000000
1923,-57.937070,234.343100,0.000000
1924,-57.949314,234.147919,0.000000
1925,-57.961398,233.952880,0.000000
1926,-57.973322,233.757984,0.000000
1927,-57.985090,233.563230,0.000000
1928,-57.996699,233.368619,0.000000
1929,-58.008156,233.174151,0.000000
1930,-58.019519,232.979826,0.000000
1931,-58.030728,232.785643,0.000000
1932,-58.041786,232.591604,0.000000
1933,-58.052692,232.397708,0.000000
1934,-58.063447,232.203956,0.000000
1935,-58.074053,232.010347,0.000000
1936,-58.084510,231.816882,0.000000
1937,-58.094819,231.623560,0.000000
1938,-58.104981,231.430382,0.000000
1939,-58.114997,231.237349,0.000000
1940,-58.124866,231.044460,0.000000
1941,-58.134591,230.851714,0.000000
1942,-58.144171,230.659114,0.000000
1943,-58.153608,230.466658,0.000000
1944,-58.162903,230.274346,0.000000
1945,-58.172055,230.082179,0.000000
1946,-58.181067,229.890158,0.000000
1947,-58.189938,229.698281,0.000000
1948,-58.198670,229.506549,0.000000
1949,-58.207263,229.314963,0.000000
1950,-58.215718,229.123521,0.000000
1951,-58.224035,228.932226,0.000000
1952,-58.232216,228.741076,0.000000
1953,-58.240262,228.550071,0.000000
1954,-58.248172,228.359212,0.000000
1955,-58.255948,228.168499,0.000000
1956,-58.263590,227.977932,0.000000
1957,-58.271099,227.787512,0.000000
1958,-58.278477,227.597237,0.000000
1959,-58.285722,227.407108,0.000000
1960,-58.292837,227.217126,0.000000
1961,-58.299822,227.027291,0.000000
1962,-58.306678,226.837602,0.000000
1963,-58.313405,226.648059,0.000000
1964,-58.320004,226.458664,0.000000
1965,-58.326476,226.269415,0.000000
1966,-58.332821,226.080313,0.000000
1967,-58.339041,225.891358,0.000000
1968,-58.345136,225.702550,0.000000
1969,-58.351106,225.513890,0.000000
1970,-58.356953,225.325376,0.000000
1971,-58.362676,225.137010,0.000000
1972,-58.368278,224.948792,0.000000
1973,-58.373757,224.760721,0.000000
1974,-58.379116,224.572797,0.000000
1975,-58.384354,224.385022,0.000000
1976,-58.389472,224.197394,0.000000
1977,-58.394471,224.009913,0.000000
1978,-58.399352,223.822581,0.000000
1979,-58.404116,223.635397,0.000000
1980,-58.408762,223.448360,0.000000
1981,-58.413291,223.261472,0.000000
1982,-58.417705,223.074732,0.000000
1983,-58.422004,222.888141,0.000000
1984,-58.426188,222.701697,0.000000
1985,-58.430258,222.515402,0.000000
1986,-58.434216,222.329256,0.000000
1987,-58.438061,222.143258,0.000000
1988,-58.441793,221.957408,0.000000
1989,-58.445415,221.771708,0.000000
1990,-58.448925,221.586156,0.000000
1991,-58.452326,221.400752,0.000000
1992,-58.455617,221.215498,0.000000
1993,-58.458800,221.030392,0.000000
1994,-58.461874,220.845436,0.000000
1995,-58.464841,220.660628,0.000000
1996,-58.467701,220.475970,0.000000
1997,-58.470454,220.291460,0.000000
1998,-58.473101,220.107100,0.000000
1999,-58.475643,219.922889,0.000000
