0,-70.000000,0.000000,0.000000
1,-69.850000,0.000000,0.000000
2,-69.700899,-0.000500,0.000000
3,-69.552693,-0.001497,0.000000
4,-69.405375,-0.002987,0.000000
5,-69.258941,-0.004968,0.000000
6,-69.113384,-0.007437,0.000000
7,-68.968699,-0.010390,0.000000
8,-68.824881,-0.013824,0.000000
9,-68.681924,-0.017737,0.000000
10,-68.539823,-0.022124,0.000000
11,-68.398571,-0.026984,0.000000
12,-68.258165,-0.032313,0.000000
13,-68.118599,-0.038108,0.000000
14,-67.979867,-0.044367,0.000000
15,-67.841964,-0.051086,0.000000
16,-67.704885,-0.058262,0.000000
17,-67.568624,-0.065893,0.000000
18,-67.433178,-0.073976,0.000000
19,-67.298540,-0.082507,0.000000
20,-67.164705,-0.091485,0.000000
21,-67.031669,-0.100905,0.000000
22,-66.899426,-0.110766,0.000000
23,-66.767972,-0.121064,0.000000
24,-66.637301,-0.131797,0.000000
25,-66.507408,-0.142962,0.000000
26,-66.378289,-0.154557,0.000000
27,-66.249939,-0.166578,0.000000
28,-66.122353,-0.179022,0.000000
29,-65.995525,-0.191888,0.000000
30,-65.869451,-0.205172,0.000000
31,-65.744127,-0.218872,0.000000
32,-65.619547,-0.232986,0.000000
33,-65.495708,-0.247510,0.000000
34,-65.372604,-0.262441,0.000000
35,-65.250232,-0.277778,0.000000
36,-65.128586,-0.293518,0.000000
37,-65.007661,-0.309659,0.000000
38,-64.887454,-0.326196,0.000000
39,-64.767959,-0.343130,0.000000
40,-64.649172,-0.360455,0.000000
41,-64.531089,-0.378171,0.000000
42,-64.413705,-0.396275,0.000000
43,-64.297016,-0.414764,0.000000
44,-64.181017,-0.433635,0.000000
45,-64.065704,-0.452887,0.000000
46,-63.951073,-0.472517,0.000000
47,-63.837116,-0.492523,0.000000
48,-63.723833,-0.512902,0.000000
49,-63.611219,-0.533651,0.000000
50,-63.499270,-0.554769,0.000000
51,-63.387982,-0.576253,0.000000
52,-63.277350,-0.598101,0.000000
53,-63.167371,-0.620311,0.000000
54,-63.058039,-0.642879,0.000000
55,-62.949352,-0.665805,0.000000
56,-62.841304,-0.689085,0.000000
57,-62.733892,-0.712718,0.000000
58,-62.627112,-0.736701,0.000000
59,-62.520959,-0.761031,0.000000
60,-62.415430,-0.785708,0.000000
61,-62.310520,-0.810728,0.000000
62,-62.206226,-0.836089,0.000000
63,-62.102544,-0.861789,0.000000
64,-61.999470,-0.887827,0.000000
65,-61.896990,-0.914199,0.000000
66,-61.795112,-0.940905,0.000000
67,-61.693832,-0.967941,0.000000
68,-61.593145,-0.995305,0.000000
69,-61.493048,-1.022996,0.000000
70,-61.393537,-1.051012,0.000000
71,-61.294607,-1.079350,0.000000
72,-61.196256,-1.108008,0.000000
73,-61.098478,-1.136984,0.000000
74,-61.001271,-1.166277,0.000000
75,-60.904631,-1.195884,0.000000
76,-60.808553,-1.225803,0.000000
77,-60.713035,-1.256033,0.000000
78,-60.618072,-1.286570,0.000000
79,-60.523661,-1.317415,0.000000
80,-60.429798,-1.348563,0.000000
81,-60.336479,-1.380014,0.000000
82,-60.243702,-1.411766,0.000000
83,-60.151463,-1.443816,0.000000
84,-60.059757,-1.476164,0.000000
85,-59.968582,-1.508806,0.000000
86,-59.877910,-1.541741,0.000000
87,-59.787765,-1.574967,0.000000
88,-59.698144,-1.608483,0.000000
89,-59.609043,-1.642286,0.000000
90,-59.520458,-1.676375,0.000000
91,-59.432385,-1.710748,0.000000
92,-59.344820,-1.745403,0.000000
93,-59.257761,-1.780339,0.000000
94,-59.171202,-1.815553,0.000000
95,-59.085141,-1.851043,0.000000
96,-58.999574,-1.886809,0.000000
97,-58.914498,-1.922848,0.000000
98,-58.829909,-1.959159,0.000000
99,-58.745804,-1.995739,0.000000
100,-58.662179,-2.032588,0.000000
101,-58.579031,-2.069703,0.000000
102,-58.496357,-2.107083,0.000000
103,-58.414154,-2.144726,0.000000
104,-58.332418,-2.182631,0.000000
105,-58.251146,-2.220795,0.000000
106,-58.170335,-2.259218,0.000000
107,-58.089981,-2.297897,0.000000
108,-58.010082,-2.336831,0.000000
109,-57.930635,-2.376018,0.000000
110,-57.851574,-2.415457,0.000000
111,-57.772968,-2.455147,0.000000
112,-57.694812,-2.495085,0.000000
113,-57.617102,-2.535271,0.000000
114,-57.539833,-2.575702,0.000000
115,-57.463003,-2.616377,0.000000
116,-57.386607,-2.657295,0.000000
117,-57.310642,-2.698454,0.000000
118,-57.235103,-2.739852,0.000000
119,-57.159989,-2.781489,0.000000
120,-57.085294,-2.823361,0.000000
121,-57.011015,-2.865469,0.000000
122,-56.937150,-2.907811,0.000000
123,-56.863695,-2.950384,0.000000
124,-56.790646,-2.993188,0.000000
125,-56.718001,-3.036222,0.000000
126,-56.645755,-3.079483,0.000000
127,-56.573907,-3.122971,0.000000
128,-56.502453,-3.166683,0.000000
129,-56.431390,-3.210619,0.000000
130,-56.360714,-3.254778,0.000000
131,-56.290423,-3.299157,0.000000
132,-56.220515,-3.343756,0.000000
133,-56.150985,-3.388573,0.000000
134,-56.081830,-3.433607,0.000000
135,-56.013049,-3.478856,0.000000
136,-55.944638,-3.524319,0.000000
137,-55.876423,-3.569996,0.000000
138,-55.808594,-3.615884,0.000000
139,-55.741146,-3.661984,0.000000
140,-55.674075,-3.708292,0.000000
141,-55.607374,-3.754809,0.000000
142,-55.541041,-3.801533,0.000000
143,-55.475069,-3.848462,0.000000
144,-55.409455,-3.895596,0.000000
145,-55.344195,-3.942933,0.000000
146,-55.279284,-3.990471,0.000000
147,-55.214719,-4.038210,0.000000
148,-55.150496,-4.086148,0.000000
149,-55.086610,-4.134284,0.000000
150,-55.023059,-4.182617,0.000000
151,-54.959839,-4.231146,0.000000
152,-54.896945,-4.279870,0.000000
153,-54.834376,-4.328786,0.000000
154,-54.772127,-4.377895,0.000000
155,-54.710195,-4.427196,0.000000
156,-54.648576,-4.476686,0.000000
157,-54.587269,-4.526365,0.000000
158,-54.526268,-4.576232,0.000000
159,-54.465573,-4.626286,0.000000
160,-54.405178,-4.676525,0.000000
161,-54.345082,-4.726949,0.000000
162,-54.285281,-4.777556,0.000000
163,-54.225772,-4.828346,0.000000
164,-54.166552,-4.879317,0.000000
165,-54.107619,-4.930469,0.000000
166,-54.048969,-4.981800,0.000000
167,-53.990599,-5.033309,0.000000
168,-53.932002,-5.084996,0.000000
169,-53.873734,-5.136861,0.000000
170,-53.815789,-5.188903,0.000000
171,-53.758158,-5.241120,0.000000
172,-53.700835,-5.293513,0.000000
173,-53.643813,-5.346079,0.000000
174,-53.587086,-5.398817,0.000000
175,-53.530646,-5.451727,0.000000
176,-53.474489,-5.504808,0.000000
177,-53.418608,-5.558058,0.000000
178,-53.362998,-5.611477,0.000000
179,-53.307653,-5.665063,0.000000
180,-53.252569,-5.718815,0.000000
181,-53.197739,-5.772734,0.000000
182,-53.143160,-5.826817,0.000000
183,-53.088826,-5.881064,0.000000
184,-53.034734,-5.935474,0.000000
185,-52.980878,-5.990047,0.000000
186,-52.927254,-6.044780,0.000000
187,-52.873858,-6.099674,0.000000
188,-52.820686,-6.154728,0.000000
189,-52.767734,-6.209941,0.000000
190,-52.714998,-6.265312,0.000000
191,-52.662474,-6.320840,0.000000
192,-52.610158,-6.376525,0.000000
193,-52.558047,-6.432365,0.000000
194,-52.506136,-6.488361,0.000000
195,-52.454423,-6.544511,0.000000
196,-52.402904,-6.600815,0.000000
197,-52.351574,-6.657271,0.000000
198,-52.300432,-6.713880,0.000000
199,-52.249473,-6.770641,0.000000
200,-52.198693,-6.827552,0.000000
201,-52.148089,-6.884614,0.000000
202,-52.097658,-6.941825,0.000000
203,-52.047397,-6.999186,0.000000
204,-51.997302,-7.056695,0.000000
205,-51.945978,-7.114351,0.000000
206,-51.894945,-7.172160,0.000000
207,-51.844190,-7.230119,0.000000
208,-51.793699,-7.288229,0.000000
209,-51.743462,-7.346487,0.000000
210,-51.693464,-7.404893,0.000000
211,-51.643694,-7.463446,0.000000
212,-51.594143,-7.522146,0.000000
213,-51.544799,-7.580992,0.000000
214,-51.495652,-7.639982,0.000000
215,-51.446692,-7.699116,0.000000
216,-51.397911,-7.758394,0.000000
217,-51.349299,-7.817815,0.000000
218,-51.300846,-7.877378,0.000000
219,-51.252546,-7.937083,0.000000
220,-51.204390,-7.996928,0.000000
221,-51.156370,-8.056915,0.000000
222,-51.108478,-8.117041,0.000000
223,-51.060707,-8.177307,0.000000
224,-51.013050,-8.237712,0.000000
225,-50.965499,-8.298256,0.000000
226,-50.918049,-8.358938,0.000000
227,-50.870691,-8.419758,0.000000
228,-50.823420,-8.480716,0.000000
229,-50.776228,-8.541811,0.000000
230,-50.729111,-8.603043,0.000000
231,-50.682061,-8.664411,0.000000
232,-50.635071,-8.725916,0.000000
233,-50.588137,-8.787557,0.000000
234,-50.541251,-8.849334,0.000000
235,-50.494409,-8.911247,0.000000
236,-50.447603,-8.973295,0.000000
237,-50.400829,-9.035479,0.000000
238,-50.354079,-9.097797,0.000000
239,-50.307348,-9.160251,0.000000
240,-50.260631,-9.222840,0.000000
241,-50.213920,-9.285563,0.000000
242,-50.167209,-9.348422,0.000000
243,-50.120492,-9.411415,0.000000
244,-50.073764,-9.474542,0.000000
245,-50.027018,-9.537805,0.000000
246,-49.980247,-9.601202,0.000000
247,-49.933444,-9.664734,0.000000
248,-49.886603,-9.728401,0.000000
249,-49.839717,-9.792203,0.000000
250,-49.792780,-9.856140,0.000000
251,-49.745783,-9.920212,0.000000
252,-49.698720,-9.984419,0.000000
253,-49.651585,-10.048762,0.000000
254,-49.604367,-10.113240,0.000000
255,-49.557060,-10.177854,0.000000
256,-49.509655,-10.242605,0.000000
257,-49.462145,-10.307492,0.000000
258,-49.414519,-10.372515,0.000000
259,-49.366769,-10.437676,0.000000
260,-49.318885,-10.502974,0.000000
261,-49.270859,-10.568410,0.000000
262,-49.222680,-10.633984,0.000000
263,-49.174336,-10.699697,0.000000
264,-49.125818,-10.765549,0.000000
265,-49.077114,-10.831541,0.000000
266,-49.028212,-10.897674,0.000000
267,-48.979100,-10.963947,0.000000
268,-48.929764,-11.030362,0.000000
269,-48.880191,-11.096919,0.000000
270,-48.830367,-11.163620,0.000000
271,-48.780278,-11.230464,0.000000
272,-48.729907,-11.297453,0.000000
273,-48.679239,-11.364587,0.000000
274,-48.628257,-11.431868,0.000000
275,-48.576942,-11.499296,0.000000
276,-48.525277,-11.566873,0.000000
277,-48.473240,-11.634600,0.000000
278,-48.420812,-11.702478,0.000000
279,-48.367969,-11.770507,0.000000
280,-48.314690,-11.838690,0.000000
281,-48.260949,-11.907029,0.000000
282,-48.206721,-11.975523,0.000000
283,-48.151978,-12.044175,0.000000
284,-48.096691,-12.112987,0.000000
285,-48.040830,-12.181960,0.000000
286,-47.984362,-12.251097,0.000000
287,-47.927449,-12.320399,0.000000
288,-47.869894,-12.389867,0.000000
289,-47.811663,-12.459504,0.000000
290,-47.752719,-12.529312,0.000000
291,-47.693022,-12.599293,0.000000
292,-47.632533,-12.669450,0.000000
293,-47.571204,-12.739785,0.000000
294,-47.508992,-12.810301,0.000000
295,-47.445845,-12.881000,0.000000
296,-47.381708,-12.951887,0.000000
297,-47.316520,-13.022964,0.000000
298,-47.250221,-13.094235,0.000000
299,-47.182742,-13.165702,0.000000
300,-47.114010,-13.237371,0.000000
301,-47.043940,-13.309245,0.000000
302,-46.972446,-13.381329,0.000000
303,-46.899430,-13.453627,0.000000
304,-46.824787,-13.526144,0.000000
305,-46.748398,-13.598886,0.000000
306,-46.670138,-13.671858,0.000000
307,-46.589862,-13.745067,0.000000
308,-46.507409,-13.818519,0.000000
309,-46.422601,-13.892222,0.000000
310,-46.335240,-13.966182,0.000000
311,-46.245104,-14.040409,0.000000
312,-46.151939,-14.114912,0.000000
313,-46.055462,-14.189700,0.000000
314,-45.955343,-14.264785,0.000000
315,-45.851794,-14.340179,0.000000
316,-45.744010,-14.415893,0.000000
317,-45.631554,-14.491941,0.000000
318,-45.513914,-14.568339,0.000000
319,-45.390502,-14.645103,0.000000
320,-45.260614,-14.722252,0.000000
321,-45.123427,-14.799810,0.000000
322,-44.977934,-14.877798,0.000000
323,-44.822915,-14.956246,0.000000
324,-44.656850,-15.035184,0.000000
325,-44.477836,-15.114649,0.000000
326,-44.283427,-15.194685,0.000000
327,-44.070410,-15.275342,0.000000
328,-43.834498,-15.356682,0.000000
329,-43.571962,-15.438781,0.000000
330,-43.274292,-15.521728,0.000000
331,-42.930583,-15.605640,0.000000
332,-42.524024,-15.690669,0.000000
333,-42.026545,-15.777025,0.000000
334,-41.386333,-15.865011,0.000000
335,-40.509944,-15.955102,0.000000
336,-39.147732,-16.048083,0.000000
337,-36.449300,-16.145575,0.000000
338,-25.968542,-16.252028,0.000000
339,0.000000,-16.393382,1.000000
340,-58.000000,-16.621251,0.000000
341,-57.913470,-16.655710,0.000000
342,-57.827372,-16.690447,0.000000
343,-57.741773,-16.725459,0.000000
344,-57.656668,-16.760744,0.000000
345,-57.572052,-16.796302,0.000000
346,-57.487920,-16.832130,0.000000
347,-57.404269,-16.868226,0.000000
348,-57.321094,-16.904589,0.000000
349,-57.238391,-16.941217,0.000000
350,-57.156157,-16.978108,0.000000
351,-57.074386,-17.015262,0.000000
352,-56.993075,-17.052675,0.000000
353,-56.912221,-17.090348,0.000000
354,-56.831820,-17.128277,0.000000
355,-56.751868,-17.166461,0.000000
356,-56.672361,-17.204899,0.000000
357,-56.593296,-17.243590,0.000000
358,-56.514669,-17.282531,0.000000
359,-56.436478,-17.321721,0.000000
360,-56.358717,-17.361159,0.000000
361,-56.281385,-17.400843,0.000000
362,-56.204477,-17.440771,0.000000
363,-56.127990,-17.480943,0.000000
364,-56.051921,-17.521356,0.000000
365,-55.976267,-17.562009,0.000000
366,-55.900843,-17.602900,0.000000
367,-55.825852,-17.644030,0.000000
368,-55.751287,-17.685396,0.000000
369,-55.677144,-17.726996,0.000000
370,-55.603417,-17.768830,0.000000
371,-55.530099,-17.810896,0.000000
372,-55.457186,-17.853192,0.000000
373,-55.384673,-17.895716,0.000000
374,-55.312554,-17.938469,0.000000
375,-55.240826,-17.981448,0.000000
376,-55.169484,-18.024651,0.000000
377,-55.098522,-18.068078,0.000000
378,-55.027937,-18.111727,0.000000
379,-54.957725,-18.155596,0.000000
380,-54.887881,-18.199685,0.000000
381,-54.818402,-18.243992,0.000000
382,-54.749283,-18.288516,0.000000
383,-54.680520,-18.333256,0.000000
384,-54.612111,-18.378209,0.000000
385,-54.544050,-18.423376,0.000000
386,-54.476335,-18.468755,0.000000
387,-54.408961,-18.514344,0.000000
388,-54.341926,-18.560143,0.000000
389,-54.275225,-18.606150,0.000000
390,-54.208855,-18.652363,0.000000
391,-54.142812,-18.698783,0.000000
392,-54.077094,-18.745407,0.000000
393,-54.011696,-18.792235,0.000000
394,-53.946615,-18.839265,0.000000
395,-53.881382,-18.886497,0.000000
396,-53.816517,-18.933930,0.000000
397,-53.752009,-18.981564,0.000000
398,-53.687851,-19.029396,0.000000
399,-53.624035,-19.077427,0.000000
400,-53.560552,-19.125654,0.000000
401,-53.497395,-19.174077,0.000000
402,-53.434557,-19.222694,0.000000
403,-53.372030,-19.271505,0.000000
404,-53.309808,-19.320508,0.000000
405,-53.247885,-19.369701,0.000000
406,-53.186253,-19.419085,0.000000
407,-53.124909,-19.468658,0.000000
408,-53.063845,-19.518418,0.000000
409,-53.003055,-19.568366,0.000000
410,-52.942536,-19.618500,0.000000
411,-52.882281,-19.668818,0.000000
412,-52.822285,-19.719321,0.000000
413,-52.762543,-19.770007,0.000000
414,-52.703051,-19.820875,0.000000
415,-52.643803,-19.871925,0.000000
416,-52.584795,-19.923155,0.000000
417,-52.526022,-19.974564,0.000000
418,-52.467480,-20.026152,0.000000
419,-52.409164,-20.077919,0.000000
420,-52.351070,-20.129862,0.000000
421,-52.293193,-20.181982,0.000000
422,-52.235529,-20.234277,0.000000
423,-52.178074,-20.286747,0.000000
424,-52.120823,-20.339391,0.000000
425,-52.063773,-20.392209,0.000000
426,-52.006918,-20.445199,0.000000
427,-51.950254,-20.498361,0.000000
428,-51.892503,-20.551694,0.000000
429,-51.835073,-20.605201,0.000000
430,-51.777947,-20.658882,0.000000
431,-51.721109,-20.712736,0.000000
432,-51.664544,-20.766762,0.000000
433,-51.608238,-20.820957,0.000000
434,-51.552178,-20.875323,0.000000
435,-51.496351,-20.929857,0.000000
436,-51.440744,-20.984559,0.000000
437,-51.385344,-21.039429,0.000000
438,-51.330141,-21.094464,0.000000
439,-51.275123,-21.149666,0.000000
440,-51.220281,-21.205032,0.000000
441,-51.165603,-21.260562,0.000000
442,-51.111079,-21.316257,0.000000
443,-51.056700,-21.372114,0.000000
444,-51.002457,-21.428135,0.000000
445,-50.948341,-21.484317,0.000000
446,-50.894342,-21.540661,0.000000
447,-50.840453,-21.597166,0.000000
448,-50.786664,-21.653832,0.000000
449,-50.732968,-21.710659,0.000000
450,-50.679356,-21.767645,0.000000
451,-50.625820,-21.824791,0.000000
452,-50.572353,-21.882097,0.000000
453,-50.518946,-21.939562,0.000000
454,-50.465591,-21.997185,0.000000
455,-50.412281,-22.054968,0.000000
456,-50.359009,-22.112908,0.000000
457,-50.305766,-22.171007,0.000000
458,-50.252544,-22.229264,0.000000
459,-50.199336,-22.287679,0.000000
460,-50.146133,-22.346252,0.000000
461,-50.092927,-22.404983,0.000000
462,-50.039711,-22.463871,0.000000
463,-49.986476,-22.522918,0.000000
464,-49.933212,-22.582122,0.000000
465,-49.879913,-22.641484,0.000000
466,-49.826568,-22.701003,0.000000
467,-49.773169,-22.760681,0.000000
468,-49.719707,-22.820517,0.000000
469,-49.666172,-22.880511,0.000000
470,-49.612555,-22.940663,0.000000
471,-49.558845,-23.000974,0.000000
472,-49.505032,-23.061445,0.000000
473,-49.451105,-23.122074,0.000000
474,-49.397051,-23.182863,0.000000
475,-49.342860,-23.243812,0.000000
476,-49.288520,-23.304921,0.000000
477,-49.234018,-23.366191,0.000000
478,-49.179341,-23.427622,0.000000
479,-49.124474,-23.489215,0.000000
480,-49.069403,-23.550970,0.000000
481,-49.014115,-23.612888,0.000000
482,-48.958591,-23.674970,0.000000
483,-48.902817,-23.737216,0.000000
484,-48.846774,-23.799628,0.000000
485,-48.790444,-23.862205,0.000000
486,-48.733809,-23.924950,0.000000
487,-48.676849,-23.987862,0.000000
488,-48.619542,-24.050943,0.000000
489,-48.561865,-24.114194,0.000000
490,-48.503796,-24.177616,0.000000
491,-48.445308,-24.241211,0.000000
492,-48.386376,-24.304980,0.000000
493,-48.326971,-24.368923,0.000000
494,-48.267066,-24.433044,0.000000
495,-48.206628,-24.497342,0.000000
496,-48.145624,-24.561821,0.000000
497,-48.084017,-24.626482,0.000000
498,-48.021772,-24.691326,0.000000
499,-47.958847,-24.756356,0.000000
500,-47.895413,-24.821575,0.000000
501,-47.831254,-24.886983,0.000000
502,-47.766328,-24.952583,0.000000
503,-47.700587,-25.018377,0.000000
504,-47.633986,-25.084369,0.000000
505,-47.566470,-25.150561,0.000000
506,-47.497985,-25.216956,0.000000
507,-47.428468,-25.283557,0.000000
508,-47.357857,-25.350367,0.000000
509,-47.286082,-25.417391,0.000000
510,-47.213068,-25.484631,0.000000
511,-47.138729,-25.552093,0.000000
512,-47.062976,-25.619780,0.000000
513,-46.985711,-25.687696,0.000000
514,-46.906822,-25.755848,0.000000
515,-46.826191,-25.824240,0.000000
516,-46.743688,-25.892878,0.000000
517,-46.659164,-25.961768,0.000000
518,-46.572456,-26.030917,0.000000
519,-46.483382,-26.100331,0.000000
520,-46.391735,-26.170020,0.000000
521,-46.297285,-26.239991,0.000000
522,-46.199774,-26.310253,0.000000
523,-46.098905,-26.380817,0.000000
524,-45.994340,-26.451693,0.000000
525,-45.886214,-26.522895,0.000000
526,-45.773761,-26.594433,0.000000
527,-45.656522,-26.666322,0.000000
528,-45.533970,-26.738579,0.000000
529,-45.405480,-26.811219,0.000000
530,-45.270314,-26.884264,0.000000
531,-45.127606,-26.957734,0.000000
532,-44.976298,-27.031656,0.000000
533,-44.815086,-27.106058,0.000000
534,-44.642372,-27.180972,0.000000
535,-44.456103,-27.256437,0.000000
536,-44.253648,-27.332498,0.000000
537,-44.031532,-27.409208,0.000000
538,-43.785072,-27.486633,0.000000
539,-43.510210,-27.564854,0.000000
540,-43.197519,-27.643965,0.000000
541,-42.834721,-27.724092,0.000000
542,-42.402446,-27.805401,0.000000
543,-41.867554,-27.888125,0.000000
544,-41.172272,-27.972603,0.000000
545,-40.190827,-28.059371,0.000000
546,-38.581044,-28.149382,0.000000
547,-34.983618,-28.244729,0.000000
548,-13.168701,-28.352035,0.000000
549,0.000000,-28.532022,1.000000
550,-58.000000,-28.755844,0.000000
551,-57.907402,-28.786259,0.000000
552,-57.815276,-28.816972,0.000000
553,-57.723686,-28.847982,0.000000
554,-57.632628,-28.879287,0.000000
555,-57.542095,-28.910885,0.000000
556,-57.452084,-28.942774,0.000000
557,-57.362589,-28.974953,0.000000
558,-57.273607,-29.007420,0.000000
559,-57.185132,-29.040172,0.000000
560,-57.097160,-29.073208,0.000000
561,-57.009687,-29.106526,0.000000
562,-56.922709,-29.140125,0.000000
563,-56.836222,-29.174003,0.000000
564,-56.750221,-29.208157,0.000000
565,-56.664703,-29.242587,0.000000
566,-56.579664,-29.277290,0.000000
567,-56.495099,-29.312266,0.000000
568,-56.411005,-29.347511,0.000000
569,-56.327379,-29.383025,0.000000
570,-56.244216,-29.418806,0.000000
571,-56.161512,-29.454853,0.000000
572,-56.079265,-29.491163,0.000000
573,-55.997469,-29.527735,0.000000
574,-55.915934,-29.564567,0.000000
575,-55.834871,-29.601659,0.000000
576,-55.754275,-29.639009,0.000000
577,-55.674137,-29.676615,0.000000
578,-55.594452,-29.714476,0.000000
579,-55.515214,-29.752589,0.000000
580,-55.436416,-29.790954,0.000000
581,-55.358054,-29.829569,0.000000
582,-55.280121,-29.868432,0.000000
583,-55.202612,-29.907542,0.000000
584,-55.125522,-29.946898,0.000000
585,-55.048846,-29.986497,0.000000
586,-54.972580,-30.026339,0.000000
587,-54.896719,-30.066421,0.000000
588,-54.821257,-30.106743,0.000000
589,-54.746191,-30.147304,0.000000
590,-54.671516,-30.188100,0.000000
591,-54.597228,-30.229133,0.000000
592,-54.523323,-30.270399,0.000000
593,-54.449795,-30.311897,0.000000
594,-54.376643,-30.353627,0.000000
595,-54.303860,-30.395587,0.000000
596,-54.231444,-30.437776,0.000000
597,-54.159389,-30.480192,0.000000
598,-54.087693,-30.522834,0.000000
599,-54.016351,-30.565700,0.000000
600,-53.945360,-30.608791,0.000000
601,-53.874249,-30.652103,0.000000
602,-53.803543,-30.695638,0.000000
603,-53.733231,-30.739394,0.000000
604,-53.663302,-30.783370,0.000000
605,-53.593746,-30.827565,0.000000
606,-53.524556,-30.871977,0.000000
607,-53.455722,-30.916604,0.000000
608,-53.387235,-30.961446,0.000000
609,-53.319089,-31.006501,0.000000
610,-53.251275,-31.051769,0.000000
611,-53.183785,-31.097247,0.000000
612,-53.116614,-31.142935,0.000000
613,-53.049754,-31.188832,0.000000
614,-52.983198,-31.234937,0.000000
615,-52.916941,-31.281248,0.000000
616,-52.850976,-31.327764,0.000000
617,-52.785297,-31.374485,0.000000
618,-52.719898,-31.421409,0.000000
619,-52.654773,-31.468536,0.000000
620,-52.589918,-31.515863,0.000000
621,-52.525326,-31.563392,0.000000
622,-52.460993,-31.611119,0.000000
623,-52.396912,-31.659046,0.000000
624,-52.333079,-31.707170,0.000000
625,-52.269488,-31.755490,0.000000
626,-52.206134,-31.804007,0.000000
627,-52.143013,-31.852718,0.000000
628,-52.080118,-31.901624,0.000000
629,-52.017445,-31.950723,0.000000
630,-51.954989,-32.000014,0.000000
631,-51.891458,-32.049498,0.000000
632,-51.828285,-32.099176,0.000000
633,-51.765449,-32.149049,0.000000
634,-51.702934,-32.199114,0.000000
635,-51.640720,-32.249371,0.000000
636,-51.578789,-32.299819,0.000000
637,-51.517128,-32.350456,0.000000
638,-51.455719,-32.401282,0.000000
639,-51.394549,-32.452296,0.000000
640,-51.333603,-32.503497,0.000000
641,-51.272867,-32.554884,0.000000
642,-51.212330,-32.606456,0.000000
643,-51.151978,-32.658212,0.000000
644,-51.091799,-32.710153,0.000000
645,-51.031782,-32.762277,0.000000
646,-50.971916,-32.814584,0.000000
647,-50.912190,-32.867072,0.000000
648,-50.852593,-32.919742,0.000000
649,-50.793115,-32.972594,0.000000
650,-50.733746,-33.025626,0.000000
651,-50.674475,-33.078838,0.000000
652,-50.615292,-33.132230,0.000000
653,-50.556190,-33.185802,0.000000
654,-50.497157,-33.239552,0.000000
655,-50.438183,-33.293482,0.000000
656,-50.379261,-33.347590,0.000000
657,-50.320379,-33.401877,0.000000
658,-50.261528,-33.456341,0.000000
659,-50.202699,-33.510984,0.000000
660,-50.143883,-33.565805,0.000000
661,-50.085068,-33.620803,0.000000
662,-50.026246,-33.675979,0.000000
663,-49.967406,-33.731333,0.000000
664,-49.908537,-33.786864,0.000000
665,-49.849629,-33.842574,0.000000
666,-49.790672,-33.898461,0.000000
667,-49.731652,-33.954525,0.000000
668,-49.672561,-34.010768,0.000000
669,-49.613385,-34.067190,0.000000
670,-49.554113,-34.123789,0.000000
671,-49.494731,-34.180567,0.000000
672,-49.435226,-34.237525,0.000000
673,-49.375585,-34.294661,0.000000
674,-49.315792,-34.351978,0.000000
675,-49.255834,-34.409474,0.000000
676,-49.195695,-34.467152,0.000000
677,-49.135357,-34.525010,0.000000
678,-49.074804,-34.583051,0.000000
679,-49.014018,-34.641274,0.000000
680,-48.952981,-34.699680,0.000000
681,-48.891670,-34.758270,0.000000
682,-48.830068,-34.817045,0.000000
683,-48.768150,-34.876005,0.000000
684,-48.705895,-34.935153,0.000000
685,-48.643276,-34.994488,0.000000
686,-48.580270,-35.054012,0.000000
687,-48.516848,-35.113727,0.000000
688,-48.452981,-35.173632,0.000000
689,-48.388638,-35.233731,0.000000
690,-48.323787,-35.294024,0.000000
691,-48.258392,-35.354514,0.000000
692,-48.192418,-35.415201,0.000000
693,-48.125824,-35.476088,0.000000
694,-48.058570,-35.537176,0.000000
695,-47.990608,-35.598468,0.000000
696,-47.922087,-35.659967,0.000000
697,-47.852804,-35.721673,0.000000
698,-47.782711,-35.783590,0.000000
699,-47.711754,-35.845719,0.000000
700,-47.639884,-35.908065,0.000000
701,-47.567035,-35.970629,0.000000
702,-47.493147,-36.033416,0.000000
703,-47.418151,-36.096427,0.000000
704,-47.341972,-36.159668,0.000000
705,-47.264531,-36.223141,0.000000
706,-47.185738,-36.286852,0.000000
707,-47.105497,-36.350803,0.000000
708,-47.023706,-36.415001,0.000000
709,-46.940248,-36.479451,0.000000
710,-46.854990,-36.544157,0.000000
711,-46.767792,-36.609125,0.000000
712,-46.678501,-36.674363,0.000000
713,-46.586937,-36.739876,0.000000
714,-46.492908,-36.805673,0.000000
715,-46.396185,-36.871761,0.000000
716,-46.296524,-36.938150,0.000000
717,-46.193639,-37.004849,0.000000
718,-46.087208,-37.071868,0.000000
719,-45.976857,-37.139220,0.000000
720,-45.862711,-37.206918,0.000000
721,-45.743948,-37.274973,0.000000
722,-45.620060,-37.343401,0.000000
723,-45.490453,-37.412220,0.000000
724,-45.354427,-37.481448,0.000000
725,-45.211154,-37.551106,0.000000
726,-45.059647,-37.621218,0.000000
727,-44.898681,-37.691812,0.000000
728,-44.726748,-37.762919,0.000000
729,-44.541953,-37.834575,0.000000
730,-44.341865,-37.906824,0.000000
731,-44.123293,-37.979715,0.000000
732,-43.881967,-38.053311,0.000000
733,-43.613931,-38.127687,0.000000
734,-43.310843,-38.202931,0.000000
735,-42.961850,-38.279160,0.000000
736,-42.550162,-38.356528,0.000000
737,-42.047806,-38.435242,0.000000
738,-41.403218,-38.515604,0.000000
739,-40.522809,-38.598088,0.000000
740,-39.158184,-38.683479,0.000000
741,-36.462624,-38.773390,0.000000
742,-26.041104,-38.872257,0.000000
743,0.000000,-39.005829,1.000000
744,-58.000000,-39.226160,0.000000
745,-57.902167,-39.253085,0.000000
746,-57.804839,-39.280326,0.000000
747,-57.708080,-39.307883,0.000000
748,-57.611884,-39.335754,0.000000
749,-57.516246,-39.363936,0.000000
750,-57.421162,-39.392427,0.000000
751,-57.326625,-39.421225,0.000000
752,-57.232631,-39.450330,0.000000
753,-57.139176,-39.479737,0.000000
754,-57.046254,-39.509447,0.000000
755,-56.953861,-39.539456,0.000000
756,-56.861992,-39.569763,0.000000
757,-56.770644,-39.600367,0.000000
758,-56.679811,-39.631264,0.000000
759,-56.589489,-39.662455,0.000000
760,-56.499675,-39.693935,0.000000
761,-56.410364,-39.725705,0.000000
762,-56.321553,-39.757762,0.000000
763,-56.233236,-39.790104,0.000000
764,-56.145409,-39.822730,0.000000
765,-56.058070,-39.855638,0.000000
766,-55.971213,-39.888826,0.000000
767,-55.884656,-39.922292,0.000000
768,-55.798602,-39.956035,0.000000
769,-55.713044,-39.990055,0.000000
770,-55.627974,-40.024348,0.000000
771,-55.543385,-40.058913,0.000000
772,-55.459271,-40.093749,0.000000
773,-55.375625,-40.128853,0.000000
774,-55.292442,-40.164225,0.000000
775,-55.209716,-40.199862,0.000000
776,-55.127440,-40.235763,0.000000
777,-55.045609,-40.271926,0.000000
778,-54.964218,-40.308350,0.000000
779,-54.883262,-40.345033,0.000000
780,-54.802735,-40.381974,0.000000
781,-54.722633,-40.419171,0.000000
782,-54.642951,-40.456622,0.000000
783,-54.563684,-40.494327,0.000000
784,-54.484827,-40.532283,0.000000
785,-54.406376,-40.570489,0.000000
786,-54.328327,-40.608945,0.000000
787,-54.250674,-40.647647,0.000000
788,-54.173413,-40.686596,0.000000
789,-54.096540,-40.725789,0.000000
790,-54.020050,-40.765225,0.000000
791,-53.943939,-40.804903,0.000000
792,-53.867740,-40.844822,0.000000
793,-53.791976,-40.884981,0.000000
794,-53.716636,-40.925379,0.000000
795,-53.641708,-40.966015,0.000000
796,-53.567183,-41.006887,0.000000
797,-53.493049,-41.047994,0.000000
798,-53.419297,-41.089335,0.000000
799,-53.345917,-41.130907,0.000000
800,-53.272902,-41.172711,0.000000
801,-53.200242,-41.214743,0.000000
802,-53.127929,-41.257004,0.000000
803,-53.055956,-41.299492,0.000000
804,-52.984315,-41.342206,0.000000
805,-52.912999,-41.385144,0.000000
806,-52.842000,-41.428305,0.000000
807,-52.771313,-41.471689,0.000000
808,-52.700929,-41.515294,0.000000
809,-52.630844,-41.559119,0.000000
810,-52.561050,-41.603163,0.000000
811,-52.491541,-41.647425,0.000000
812,-52.422311,-41.691904,0.000000
813,-52.353355,-41.736599,0.000000
814,-52.284665,-41.781509,0.000000
815,-52.216237,-41.826633,0.000000
816,-52.148063,-41.871970,0.000000
817,-52.080139,-41.917519,0.000000
818,-52.012458,-41.963279,0.000000
819,-51.945014,-42.009250,0.000000
820,-51.876539,-42.055430,0.000000
821,-51.808450,-42.101823,0.000000
822,-51.740725,-42.148428,0.000000
823,-51.673340,-42.195243,0.000000
824,-51.606276,-42.242266,0.000000
825,-51.539515,-42.289498,0.000000
826,-51.473038,-42.336936,0.000000
827,-51.406827,-42.384580,0.000000
828,-51.340865,-42.432429,0.000000
829,-51.275138,-42.480482,0.000000
830,-51.209630,-42.528738,0.000000
831,-51.144327,-42.577197,0.000000
832,-51.079213,-42.625856,0.000000
833,-51.014276,-42.674717,0.000000
834,-50.949504,-42.723778,0.000000
835,-50.884882,-42.773038,0.000000
836,-50.820400,-42.822497,0.000000
837,-50.756045,-42.872155,0.000000
838,-50.691805,-42.922011,0.000000
839,-50.627668,-42.972064,0.000000
840,-50.563624,-43.022314,0.000000
841,-50.499660,-43.072762,0.000000
842,-50.435767,-43.123405,0.000000
843,-50.371931,-43.174245,0.000000
844,-50.308144,-43.225280,0.000000
845,-50.244393,-43.276511,0.000000
846,-50.180666,-43.327937,0.000000
847,-50.116953,-43.379559,0.000000
848,-50.053242,-43.431376,0.000000
849,-49.989521,-43.483388,0.000000
850,-49.925778,-43.535595,0.000000
851,-49.862000,-43.587997,0.000000
852,-49.798174,-43.640595,0.000000
853,-49.734290,-43.693387,0.000000
854,-49.670331,-43.746375,0.000000
855,-49.606286,-43.799558,0.000000
856,-49.542139,-43.852937,0.000000
857,-49.477874,-43.906513,0.000000
858,-49.413477,-43.960284,0.000000
859,-49.348931,-44.014252,0.000000
860,-49.284219,-44.068418,0.000000
861,-49.219324,-44.122781,0.000000
862,-49.154228,-44.177342,0.000000
863,-49.088908,-44.232102,0.000000
864,-49.023347,-44.287062,0.000000
865,-48.957521,-44.342221,0.000000
866,-48.891408,-44.397582,0.000000
867,-48.824985,-44.453145,0.000000
868,-48.758225,-44.508910,0.000000
869,-48.691101,-44.564880,0.000000
870,-48.623586,-44.621055,0.000000
871,-48.555648,-44.677436,0.000000
872,-48.487256,-44.734024,0.000000
873,-48.418375,-44.790822,0.000000
874,-48.348971,-44.847830,0.000000
875,-48.279003,-44.905051,0.000000
876,-48.208430,-44.962486,0.000000
877,-48.137209,-45.020137,0.000000
878,-48.065292,-45.078006,0.000000
879,-47.992630,-45.136096,0.000000
880,-47.919361,-45.194408,0.000000
881,-47.845281,-45.252946,0.000000
882,-47.770335,-45.311710,0.000000
883,-47.694464,-45.370705,0.000000
884,-47.617608,-45.429933,0.000000
885,-47.539696,-45.489398,0.000000
886,-47.460658,-45.549102,0.000000
887,-47.380412,-45.609050,0.000000
888,-47.298875,-45.669246,0.000000
889,-47.215954,-45.729693,0.000000
890,-47.131544,-45.790397,0.000000
891,-47.045536,-45.851361,0.000000
892,-46.957804,-45.912592,0.000000
893,-46.868209,-45.974095,0.000000
894,-46.776601,-46.035877,0.000000
895,-46.682811,-46.097942,0.000000
896,-46.586647,-46.160300,0.000000
897,-46.487899,-46.222958,0.000000
898,-46.386320,-46.285924,0.000000
899,-46.281646,-46.349208,0.000000
900,-46.173563,-46.412819,0.000000
901,-46.061714,-46.476769,0.000000
902,-45.945692,-46.541071,0.000000
903,-45.825624,-46.605739,0.000000
904,-45.700610,-46.670784,0.000000
905,-45.570081,-46.736225,0.000000
906,-45.433368,-46.802080,0.000000
907,-45.289691,-46.868368,0.000000
908,-45.138102,-46.935112,0.000000
909,-44.977458,-47.002340,0.000000
910,-44.806340,-47.070081,0.000000
911,-44.622986,-47.138370,0.000000
912,-44.425131,-47.207247,0.000000
913,-44.209844,-47.276761,0.000000
914,-43.973208,-47.346969,0.000000
915,-43.711377,-47.417943,0.000000
916,-43.416948,-47.489765,0.000000
917,-43.080195,-47.562545,0.000000
918,-42.686425,-47.636424,0.000000
919,-42.211700,-47.711590,0.000000
920,-41.613263,-47.788314,0.000000
921,-40.814768,-47.867007,0.000000
922,-39.631435,-47.948335,0.000000
923,-37.498348,-48.033581,0.000000
924,-31.298864,-48.125908,0.000000
925,0.000000,-48.238870,1.000000
926,-58.000000,-48.456124,0.000000
927,-57.897552,-48.479971,0.000000
928,-57.795638,-48.504153,0.000000
929,-57.694322,-48.528666,0.000000
930,-57.593598,-48.553509,0.000000
931,-57.493460,-48.578679,0.000000
932,-57.393903,-48.604174,0.000000
933,-57.294921,-48.629993,0.000000
934,-57.196510,-48.656134,0.000000
935,-57.098663,-48.682593,0.000000
936,-57.001377,-48.709370,0.000000
937,-56.904646,-48.736462,0.000000
938,-56.808466,-48.763868,0.000000
939,-56.712832,-48.791585,0.000000
940,-56.617739,-48.819612,0.000000
941,-56.523183,-48.847946,0.000000
942,-56.429159,-48.876586,0.000000
943,-56.335663,-48.905530,0.000000
944,-56.242691,-48.934776,0.000000
945,-56.150239,-48.964322,0.000000
946,-56.058301,-48.994166,0.000000
947,-55.966874,-49.024307,0.000000
948,-55.875775,-49.054743,0.000000
949,-55.785208,-49.085472,0.000000
950,-55.695164,-49.116493,0.000000
951,-55.605636,-49.147803,0.000000
952,-55.516616,-49.179402,0.000000
953,-55.428097,-49.211287,0.000000
954,-55.340072,-49.243456,0.000000
955,-55.252534,-49.275908,0.000000
956,-55.165478,-49.308641,0.000000
957,-55.078897,-49.341653,0.000000
958,-54.992785,-49.374942,0.000000
959,-54.907137,-49.408508,0.000000
960,-54.821947,-49.442348,0.000000
961,-54.737210,-49.476461,0.000000
962,-54.652919,-49.510845,0.000000
963,-54.569071,-49.545498,0.000000
964,-54.485659,-49.580419,0.000000
965,-54.402680,-49.615607,0.000000
966,-54.320127,-49.651059,0.000000
967,-54.237997,-49.686775,0.000000
968,-54.156283,-49.722753,0.000000
969,-54.074982,-49.758991,0.000000
970,-53.994089,-49.795488,0.000000
971,-53.913089,-49.832242,0.000000
972,-53.832561,-49.869255,0.000000
973,-53.752492,-49.906523,0.000000
974,-53.672869,-49.944046,0.000000
975,-53.593680,-49.981821,0.000000
976,-53.514913,-50.019849,0.000000
977,-53.436557,-50.058125,0.000000
978,-53.358601,-50.096651,0.000000
979,-53.281037,-50.135423,0.000000
980,-53.203854,-50.174441,0.000000
981,-53.127043,-50.213704,0.000000
982,-53.050596,-50.253209,0.000000
983,-52.974504,-50.292956,0.000000
984,-52.898760,-50.332943,0.000000
985,-52.823354,-50.373169,0.000000
986,-52.748281,-50.413634,0.000000
987,-52.673531,-50.454335,0.000000
988,-52.599099,-50.495272,0.000000
989,-52.524978,-50.536443,0.000000
990,-52.451159,-50.577847,0.000000
991,-52.377637,-50.619484,0.000000
992,-52.304404,-50.661352,0.000000
993,-52.231455,-50.703450,0.000000
994,-52.158782,-50.745778,0.000000
995,-52.086378,-50.788333,0.000000
996,-52.014237,-50.831116,0.000000
997,-51.942353,-50.874124,0.000000
998,-51.869463,-50.917358,0.000000
999,-51.796984,-50.960821,0.000000
1000,-51.724892,-51.004511,0.000000
1001,-51.653162,-51.048426,0.000000
1002,-51.581772,-51.092566,0.000000
1003,-51.510701,-51.136929,0.000000
1004,-51.439927,-51.181515,0.000000
1005,-51.369433,-51.226321,0.000000
1006,-51.299199,-51.271347,0.000000
1007,-51.229208,-51.316593,0.000000
1008,-51.159443,-51.362057,0.000000
1009,-51.089888,-51.407738,0.000000
1010,-51.020529,-51.453635,0.000000
1011,-50.951349,-51.499749,0.000000
1012,-50.882335,-51.546078,0.000000
1013,-50.813472,-51.592621,0.000000
1014,-50.744747,-51.639379,0.000000
1015,-50.676148,-51.686350,0.000000
1016,-50.607658,-51.733534,0.000000
1017,-50.539268,-51.780930,0.000000
1018,-50.470963,-51.828539,0.000000
1019,-50.402730,-51.876360,0.000000
1020,-50.334558,-51.924392,0.000000
1021,-50.266433,-51.972635,0.000000
1022,-50.198342,-52.021089,0.000000
1023,-50.130273,-52.069754,0.000000
1024,-50.062213,-52.118630,0.000000
1025,-49.994147,-52.167717,0.000000
1026,-49.926061,-52.217013,0.000000
1027,-49.857942,-52.266521,0.000000
1028,-49.789776,-52.316239,0.000000
1029,-49.721548,-52.366167,0.000000
1030,-49.653242,-52.416307,0.000000
1031,-49.584843,-52.466657,0.000000
1032,-49.516333,-52.517219,0.000000
1033,-49.447696,-52.567992,0.000000
1034,-49.378914,-52.618977,0.000000
1035,-49.309967,-52.670174,0.000000
1036,-49.240836,-52.721584,0.000000
1037,-49.171499,-52.773207,0.000000
1038,-49.101936,-52.825044,0.000000
1039,-49.032122,-52.877096,0.000000
1040,-48.962035,-52.929363,0.000000
1041,-48.891647,-52.981847,0.000000
1042,-48.820932,-53.034547,0.000000
1043,-48.749862,-53.087466,0.000000
1044,-48.678405,-53.140604,0.000000
1045,-48.606530,-53.193962,0.000000
1046,-48.534202,-53.247542,0.000000
1047,-48.461385,-53.301346,0.000000
1048,-48.388039,-53.355374,0.000000
1049,-48.314123,-53.409629,0.000000
1050,-48.239592,-53.464112,0.000000
1051,-48.164399,-53.518825,0.000000
1052,-48.088492,-53.573771,0.000000
1053,-48.011818,-53.628951,0.000000
1054,-47.934318,-53.684368,0.000000
1055,-47.856156,-53.740026,0.000000
1056,-47.777091,-53.795925,0.000000
1057,-47.697060,-53.852070,0.000000
1058,-47.615997,-53.908462,0.000000
1059,-47.533824,-53.965106,0.000000
1060,-47.450464,-54.022005,0.000000
1061,-47.365826,-54.079162,0.000000
1062,-47.279816,-54.136583,0.000000
1063,-47.192333,-54.194271,0.000000
1064,-47.103261,-54.252232,0.000000
1065,-47.012474,-54.310470,0.000000
1066,-46.919835,-54.368992,0.000000
1067,-46.825187,-54.427803,0.000000
1068,-46.728357,-54.486909,0.000000
1069,-46.629154,-54.546319,0.000000
1070,-46.527361,-54.606040,0.000000
1071,-46.422731,-54.666080,0.000000
1072,-46.314989,-54.726449,0.000000
1073,-46.203817,-54.787157,0.000000
1074,-46.088853,-54.848215,0.000000
1075,-45.969676,-54.909636,0.000000
1076,-45.846365,-54.971433,0.000000
1077,-45.718038,-55.033622,0.000000
1078,-45.584113,-55.096217,0.000000
1079,-45.443906,-55.159238,0.000000
1080,-45.296602,-55.222705,0.000000
1081,-45.141227,-55.286642,0.000000
1082,-44.976602,-55.351076,0.000000
1083,-44.801250,-55.416036,0.000000
1084,-44.613342,-55.481560,0.000000
1085,-44.410518,-55.547688,0.000000
1086,-44.189693,-55.614471,0.000000
1087,-43.946751,-55.681967,0.000000
1088,-43.677658,-55.750250,0.000000
1089,-43.374526,-55.819408,0.000000
1090,-43.026950,-55.889553,0.000000
1091,-42.619041,-55.960833,0.000000
1092,-42.124495,-56.033449,0.000000
1093,-41.495441,-56.107690,0.000000
1094,-40.645353,-56.184002,0.000000
1095,-39.353520,-56.263123,0.000000
1096,-36.899653,-56.346523,0.000000
1097,-28.532650,-56.438076,0.000000
1098,0.000000,-56.557487,1.000000
1099,-58.000000,-56.771968,0.000000
1100,-57.893394,-56.793044,0.000000
1101,-57.787349,-56.814468,0.000000
1102,-57.681927,-56.836239,0.000000
1103,-57.577123,-56.858354,0.000000
1104,-57.472930,-56.880810,0.000000
1105,-57.369343,-56.903607,0.000000
1106,-57.266357,-56.926741,0.000000
1107,-57.163965,-56.950211,0.000000
1108,-57.062162,-56.974014,0.000000
1109,-56.960944,-56.998149,0.000000
1110,-56.860305,-57.022613,0.000000
1111,-56.760239,-57.047405,0.000000
1112,-56.660744,-57.072521,0.000000
1113,-56.561812,-57.097961,0.000000
1114,-56.463440,-57.123723,0.000000
1115,-56.365624,-57.149803,0.000000
1116,-56.268357,-57.176201,0.000000
1117,-56.171636,-57.202915,0.000000
1118,-56.075457,-57.229942,0.000000
1119,-55.979814,-57.257280,0.000000
1120,-55.884521,-57.284928,0.000000
1121,-55.789786,-57.312885,0.000000
1122,-55.695601,-57.341148,0.000000
1123,-55.601958,-57.369715,0.000000
1124,-55.508849,-57.398586,0.000000
1125,-55.416265,-57.427756,0.000000
1126,-55.324199,-57.457226,0.000000
1127,-55.232646,-57.486993,0.000000
1128,-55.141597,-57.517055,0.000000
1129,-55.051046,-57.547411,0.000000
1130,-54.960987,-57.578058,0.000000
1131,-54.871414,-57.608996,0.000000
1132,-54.782320,-57.640221,0.000000
1133,-54.693701,-57.671733,0.000000
1134,-54.605551,-57.703530,0.000000
1135,-54.517863,-57.735611,0.000000
1136,-54.430633,-57.767973,0.000000
1137,-54.343854,-57.800614,0.000000
1138,-54.257523,-57.833535,0.000000
1139,-54.171633,-57.866732,0.000000
1140,-54.086179,-57.900204,0.000000
1141,-54.001157,-57.933950,0.000000
1142,-53.916560,-57.967968,0.000000
1143,-53.831943,-58.002257,0.000000
1144,-53.747811,-58.036816,0.000000
1145,-53.664150,-58.071644,0.000000
1146,-53.580946,-58.106740,0.000000
1147,-53.498187,-58.142101,0.000000
1148,-53.415860,-58.177727,0.000000
1149,-53.333955,-58.213614,0.000000
1150,-53.252460,-58.249763,0.000000
1151,-53.171366,-58.286172,0.000000
1152,-53.090662,-58.322838,0.000000
1153,-53.010339,-58.359762,0.000000
1154,-52.930389,-58.396941,0.000000
1155,-52.850802,-58.434374,0.000000
1156,-52.771571,-58.472060,0.000000
1157,-52.692686,-58.509997,0.000000
1158,-52.614140,-58.548185,0.000000
1159,-52.535926,-58.586621,0.000000
1160,-52.458035,-58.625306,0.000000
1161,-52.380459,-58.664237,0.000000
1162,-52.303193,-58.703415,0.000000
1163,-52.226227,-58.742836,0.000000
1164,-52.149555,-58.782501,0.000000
1165,-52.073170,-58.822408,0.000000
1166,-51.997063,-58.862557,0.000000
1167,-51.919838,-58.902946,0.000000
1168,-51.843070,-58.943578,0.000000
1169,-51.766729,-58.984454,0.000000
1170,-51.690789,-59.025570,0.000000
1171,-51.615222,-59.066925,0.000000
1172,-51.540006,-59.108519,0.000000
1173,-51.465117,-59.150349,0.000000
1174,-51.390533,-59.192415,0.000000
1175,-51.316234,-59.234716,0.000000
1176,-51.242198,-59.277250,0.000000
1177,-51.168408,-59.320017,0.000000
1178,-51.094845,-59.363016,0.000000
1179,-51.021493,-59.406245,0.000000
1180,-50.948334,-59.449705,0.000000
1181,-50.875353,-59.493394,0.000000
1182,-50.802533,-59.537311,0.000000
1183,-50.729861,-59.581457,0.000000
1184,-50.657319,-59.625830,0.000000
1185,-50.584895,-59.670430,0.000000
1186,-50.512574,-59.715257,0.000000
1187,-50.440341,-59.760310,0.000000
1188,-50.368182,-59.805589,0.000000
1189,-50.296083,-59.851093,0.000000
1190,-50.224029,-59.896822,0.000000
1191,-50.152006,-59.942777,0.000000
1192,-50.080000,-59.988956,0.000000
1193,-50.007996,-60.035359,0.000000
1194,-49.935977,-60.081987,0.000000
1195,-49.863927,-60.128840,0.000000
1196,-49.791833,-60.175917,0.000000
1197,-49.719675,-60.223219,0.000000
1198,-49.647440,-60.270746,0.000000
1199,-49.575107,-60.318497,0.000000
1200,-49.502658,-60.366474,0.000000
1201,-49.430074,-60.414676,0.000000
1202,-49.357334,-60.463104,0.000000
1203,-49.284417,-60.511759,0.000000
1204,-49.211301,-60.560640,0.000000
1205,-49.137962,-60.609749,0.000000
1206,-49.064375,-60.659086,0.000000
1207,-48.990515,-60.708651,0.000000
1208,-48.916352,-60.758447,0.000000
1209,-48.841857,-60.808473,0.000000
1210,-48.767000,-60.858730,0.000000
1211,-48.691747,-60.909221,0.000000
1212,-48.616063,-60.959945,0.000000
1213,-48.539911,-61.010905,0.000000
1214,-48.463249,-61.062101,0.000000
1215,-48.386036,-61.113536,0.000000
1216,-48.308225,-61.165212,0.000000
1217,-48.229767,-61.217129,0.000000
1218,-48.150610,-61.269291,0.000000
1219,-48.070698,-61.321699,0.000000
1220,-47.989969,-61.374356,0.000000
1221,-47.908553,-61.427265,0.000000
1222,-47.826237,-61.480427,0.000000
1223,-47.742955,-61.533846,0.000000
1224,-47.658634,-61.587525,0.000000
1225,-47.573199,-61.641467,0.000000
1226,-47.486563,-61.695676,0.000000
1227,-47.398638,-61.750155,0.000000
1228,-47.309324,-61.804909,0.000000
1229,-47.218512,-61.859943,0.000000
1230,-47.126084,-61.915262,0.000000
1231,-47.031908,-61.970869,0.000000
1232,-46.935836,-62.026773,0.000000
1233,-46.837710,-62.082978,0.000000
1234,-46.737345,-62.139491,0.000000
1235,-46.634542,-62.196320,0.000000
1236,-46.529067,-62.253472,0.000000
1237,-46.420662,-62.310958,0.000000
1238,-46.309035,-62.368785,0.000000
1239,-46.193847,-62.426965,0.000000
1240,-46.074710,-62.485510,0.000000
1241,-45.951180,-62.544432,0.000000
1242,-45.823326,-62.603747,0.000000
1243,-45.690216,-62.663468,0.000000
1244,-45.551219,-62.723613,0.000000
1245,-45.405592,-62.784201,0.000000
1246,-45.252447,-62.845254,0.000000
1247,-45.090724,-62.906797,0.000000
1248,-44.919110,-62.968859,0.000000
1249,-44.735979,-63.031472,0.000000
1250,-44.539273,-63.094675,0.000000
1251,-44.326322,-63.158513,0.000000
1252,-44.093606,-63.223039,0.000000
1253,-43.836346,-63.288319,0.000000
1254,-43.550079,-63.354435,0.000000
1255,-43.225320,-63.421483,0.000000
1256,-42.849415,-63.489591,0.000000
1257,-42.402332,-63.558930,0.000000
1258,-41.849524,-63.629736,0.000000
1259,-41.130133,-63.702361,0.000000
1260,-40.110018,-63.777359,0.000000
1261,-38.414305,-63.855733,0.000000
1262,-34.480881,-63.939734,0.000000
1263,-6.358660,-64.036817,0.000000
1264,0.000000,-64.227609,1.000000
1265,-58.000000,-64.439533,0.000000
1266,-57.889560,-64.458053,0.000000
1267,-57.779705,-64.476936,0.000000
1268,-57.670498,-64.496178,0.000000
1269,-57.561932,-64.515777,0.000000
1270,-57.454001,-64.535732,0.000000
1271,-57.346698,-64.556040,0.000000
1272,-57.240019,-64.576699,0.000000
1273,-57.133957,-64.597707,0.000000
1274,-57.028506,-64.619061,0.000000
1275,-56.923662,-64.640760,0.000000
1276,-56.819419,-64.662800,0.000000
1277,-56.715772,-64.685181,0.000000
1278,-56.612715,-64.707900,0.000000
1279,-56.510244,-64.730955,0.000000
1280,-56.408353,-64.754344,0.000000
1281,-56.307039,-64.778065,0.000000
1282,-56.206295,-64.802115,0.000000
1283,-56.106117,-64.826494,0.000000
1284,-56.006501,-64.851198,0.000000
1285,-55.907441,-64.876226,0.000000
1286,-55.808773,-64.901575,0.000000
1287,-55.710682,-64.927246,0.000000
1288,-55.613157,-64.953234,0.000000
1289,-55.516190,-64.979539,0.000000
1290,-55.419774,-65.006159,0.000000
1291,-55.323899,-65.033091,0.000000
1292,-55.228559,-65.060333,0.000000
1293,-55.133746,-65.087885,0.000000
1294,-55.039454,-65.115743,0.000000
1295,-54.945676,-65.143906,0.000000
1296,-54.852404,-65.172372,0.000000
1297,-54.759634,-65.201140,0.000000
1298,-54.667359,-65.230208,0.000000
1299,-54.575572,-65.259573,0.000000
1300,-54.484269,-65.289235,0.000000
1301,-54.393442,-65.319191,0.000000
1302,-54.303087,-65.349439,0.000000
1303,-54.213198,-65.379979,0.000000
1304,-54.123769,-65.410808,0.000000
1305,-54.034794,-65.441926,0.000000
1306,-53.946269,-65.473329,0.000000
1307,-53.857721,-65.505017,0.000000
1308,-53.769686,-65.536989,0.000000
1309,-53.682149,-65.569245,0.000000
1310,-53.595095,-65.601781,0.000000
1311,-53.508510,-65.634597,0.000000
1312,-53.422381,-65.667690,0.000000
1313,-53.336696,-65.701060,0.000000
1314,-53.251444,-65.734704,0.000000
1315,-53.166612,-65.768621,0.000000
1316,-53.082191,-65.802809,0.000000
1317,-52.998170,-65.837267,0.000000
1318,-52.914539,-65.871994,0.000000
1319,-52.831290,-65.906988,0.000000
1320,-52.748413,-65.942248,0.000000
1321,-52.665899,-65.977773,0.000000
1322,-52.583740,-66.013561,0.000000
1323,-52.501926,-66.049610,0.000000
1324,-52.420451,-66.085921,0.000000
1325,-52.339305,-66.122490,0.000000
1326,-52.258481,-66.159318,0.000000
1327,-52.177970,-66.196404,0.000000
1328,-52.097765,-66.233745,0.000000
1329,-52.017857,-66.271341,0.000000
1330,-51.938239,-66.309191,0.000000
1331,-51.857656,-66.347294,0.000000
1332,-51.777530,-66.385653,0.000000
1333,-51.697831,-66.424266,0.000000
1334,-51.618530,-66.463131,0.000000
1335,-51.539600,-66.502248,0.000000
1336,-51.461015,-66.541616,0.000000
1337,-51.382753,-66.581232,0.000000
1338,-51.304789,-66.621095,0.000000
1339,-51.227103,-66.661206,0.000000
1340,-51.149673,-66.701561,0.000000
1341,-51.072480,-66.742162,0.000000
1342,-50.995505,-66.783006,0.000000
1343,-50.918731,-66.824094,0.000000
1344,-50.842138,-66.865423,0.000000
1345,-50.765712,-66.906994,0.000000
1346,-50.689435,-66.948806,0.000000
1347,-50.613289,-66.990858,0.000000
1348,-50.537260,-67.033150,0.000000
1349,-50.461332,-67.075682,0.000000
1350,-50.385488,-67.118452,0.000000
1351,-50.309714,-67.161461,0.000000
1352,-50.233994,-67.204708,0.000000
1353,-50.158310,-67.248193,0.000000
1354,-50.082648,-67.291916,0.000000
1355,-50.006991,-67.335876,0.000000
1356,-49.931323,-67.380074,0.000000
1357,-49.855624,-67.424510,0.000000
1358,-49.779878,-67.469183,0.000000
1359,-49.704066,-67.514093,0.000000
1360,-49.628170,-67.559242,0.000000
1361,-49.552170,-67.604628,0.000000
1362,-49.476045,-67.650252,0.000000
1363,-49.399773,-67.696115,0.000000
1364,-49.323331,-67.742217,0.000000
1365,-49.246696,-67.788559,0.000000
1366,-49.169842,-67.835140,0.000000
1367,-49.092743,-67.881962,0.000000
1368,-49.015369,-67.929026,0.000000
1369,-48.937692,-67.976332,0.000000
1370,-48.859680,-68.023880,0.000000
1371,-48.781299,-68.071674,0.000000
1372,-48.702513,-68.119712,0.000000
1373,-48.623285,-68.167997,0.000000
1374,-48.543571,-68.216530,0.000000
1375,-48.463331,-68.265312,0.000000
1376,-48.382516,-68.314346,0.000000
1377,-48.301078,-68.363633,0.000000
1378,-48.218962,-68.413175,0.000000
1379,-48.136111,-68.462974,0.000000
1380,-48.052463,-68.513032,0.000000
1381,-47.967950,-68.563353,0.000000
1382,-47.882709,-68.613939,0.000000
1383,-47.796511,-68.664792,0.000000
1384,-47.709283,-68.715915,0.000000
1385,-47.620945,-68.767312,0.000000
1386,-47.531411,-68.818986,0.000000
1387,-47.440589,-68.870942,0.000000
1388,-47.348373,-68.923183,0.000000
1389,-47.254656,-68.975714,0.000000
1390,-47.159313,-69.028540,0.000000
1391,-47.062213,-69.081666,0.000000
1392,-46.963198,-69.135098,0.000000
1393,-46.862107,-69.188842,0.000000
1394,-46.758753,-69.242905,0.000000
1395,-46.652924,-69.297295,0.000000
1396,-46.544387,-69.352019,0.000000
1397,-46.432868,-69.407087,0.000000
1398,-46.318063,-69.462509,0.000000
1399,-46.199622,-69.518294,0.000000
1400,-46.077144,-69.574456,0.000000
1401,-45.950162,-69.631007,0.000000
1402,-45.818726,-69.687963,0.000000
1403,-45.681879,-69.745338,0.000000
1404,-45.538957,-69.803150,0.000000
1405,-45.389180,-69.861419,0.000000
1406,-45.231617,-69.920168,0.000000
1407,-45.065136,-69.979422,0.000000
1408,-44.888348,-70.039212,0.000000
1409,-44.699506,-70.099571,0.000000
1410,-44.496397,-70.160539,0.000000
1411,-44.276124,-70.222164,0.000000
1412,-44.034856,-70.284503,0.000000
1413,-43.767348,-70.347625,0.000000
1414,-43.468783,-70.411618,0.000000
1415,-43.128481,-70.476585,0.000000
1416,-42.732061,-70.542664,0.000000
1417,-42.256158,-70.610043,0.000000
1418,-41.659262,-70.678986,0.000000
1419,-40.867108,-70.749895,0.000000
1420,-39.702733,-70.823422,0.000000
1421,-37.632658,-70.900805,0.000000
1422,-31.824098,-70.985062,0.000000
1423,0.000000,-71.088653,1.000000
1424,-58.000000,-71.298290,0.000000
1425,-57.886131,-71.314524,0.000000
1426,-57.772868,-71.331132,0.000000
1427,-57.660275,-71.348112,0.000000
1428,-57.548343,-71.365462,0.000000
1429,-57.437068,-71.383179,0.000000
1430,-57.326442,-71.401261,0.000000
1431,-57.216459,-71.419705,0.000000
1432,-57.107114,-71.438511,0.000000
1433,-56.998400,-71.457674,0.000000
1434,-56.890313,-71.477193,0.000000
1435,-56.782846,-71.497067,0.000000
1436,-56.675994,-71.517291,0.000000
1437,-56.569751,-71.537866,0.000000
1438,-56.464114,-71.558787,0.000000
1439,-56.359076,-71.580054,0.000000
1440,-56.254632,-71.601664,0.000000
1441,-56.150777,-71.623614,0.000000
1442,-56.047506,-71.645904,0.000000
1443,-55.944815,-71.668530,0.000000
1444,-55.842527,-71.691491,0.000000
1445,-55.740840,-71.714785,0.000000
1446,-55.639744,-71.738411,0.000000
1447,-55.539229,-71.762366,0.000000
1448,-55.439288,-71.786647,0.000000
1449,-55.339911,-71.811254,0.000000
1450,-55.241090,-71.836184,0.000000
1451,-55.142819,-71.861435,0.000000
1452,-55.045089,-71.887005,0.000000
1453,-54.947894,-71.912892,0.000000
1454,-54.851226,-71.939095,0.000000
1455,-54.755079,-71.965611,0.000000
1456,-54.659446,-71.992439,0.000000
1457,-54.564321,-72.019577,0.000000
1458,-54.469699,-72.047023,0.000000
1459,-54.375571,-72.074775,0.000000
1460,-54.281934,-72.102831,0.000000
1461,-54.188780,-72.131190,0.000000
1462,-54.096104,-72.159851,0.000000
1463,-54.003900,-72.188810,0.000000
1464,-53.912161,-72.218068,0.000000
1465,-53.820446,-72.247621,0.000000
1466,-53.729259,-72.277470,0.000000
1467,-53.638583,-72.307613,0.000000
1468,-53.548404,-72.338049,0.000000
1469,-53.458707,-72.368775,0.000000
1470,-53.369479,-72.399790,0.000000
1471,-53.280707,-72.431091,0.000000
1472,-53.192377,-72.462679,0.000000
1473,-53.104480,-72.494550,0.000000
1474,-53.017004,-72.526703,0.000000
1475,-52.929938,-72.559138,0.000000
1476,-52.843273,-72.591851,0.000000
1477,-52.756997,-72.624843,0.000000
1478,-52.671103,-72.658111,0.000000
1479,-52.585580,-72.691655,0.000000
1480,-52.500420,-72.725473,0.000000
1481,-52.415613,-72.759563,0.000000
1482,-52.331151,-72.793924,0.000000
1483,-52.247024,-72.828555,0.000000
1484,-52.163225,-72.863456,0.000000
1485,-52.079745,-72.898624,0.000000
1486,-51.996575,-72.934058,0.000000
1487,-51.912317,-72.969758,0.000000
1488,-51.828560,-73.005727,0.000000
1489,-51.745270,-73.041964,0.000000
1490,-51.662415,-73.078465,0.000000
1491,-51.579964,-73.115231,0.000000
1492,-51.497889,-73.152259,0.000000
1493,-51.416164,-73.189549,0.000000
1494,-51.334763,-73.227099,0.000000
1495,-51.253662,-73.264907,0.000000
1496,-51.172837,-73.302973,0.000000
1497,-51.092268,-73.341296,0.000000
1498,-51.011935,-73.379875,0.000000
1499,-50.931816,-73.418708,0.000000
1500,-50.851893,-73.457796,0.000000
1501,-50.772147,-73.497137,0.000000
1502,-50.692561,-73.536731,0.000000
1503,-50.613115,-73.576576,0.000000
1504,-50.533794,-73.616674,0.000000
1505,-50.454579,-73.657022,0.000000
1506,-50.375454,-73.697621,0.000000
1507,-50.296401,-73.738470,0.000000
1508,-50.217403,-73.779569,0.000000
1509,-50.138443,-73.820918,0.000000
1510,-50.059504,-73.862516,0.000000
1511,-49.980566,-73.904364,0.000000
1512,-49.901611,-73.946460,0.000000
1513,-49.822622,-73.988806,0.000000
1514,-49.743577,-74.031401,0.000000
1515,-49.664458,-74.074245,0.000000
1516,-49.585242,-74.117339,0.000000
1517,-49.505908,-74.160682,0.000000
1518,-49.426432,-74.204276,0.000000
1519,-49.346790,-74.248119,0.000000
1520,-49.266956,-74.292214,0.000000
1521,-49.186904,-74.336560,0.000000
1522,-49.106606,-74.381158,0.000000
1523,-49.026031,-74.426009,0.000000
1524,-48.945146,-74.471114,0.000000
1525,-48.863918,-74.516473,0.000000
1526,-48.782309,-74.562087,0.000000
1527,-48.700284,-74.607959,0.000000
1528,-48.617798,-74.654089,0.000000
1529,-48.534810,-74.700478,0.000000
1530,-48.451270,-74.747128,0.000000
1531,-48.367128,-74.794042,0.000000
1532,-48.282330,-74.841220,0.000000
1533,-48.196818,-74.888665,0.000000
1534,-48.110528,-74.936379,0.000000
1535,-48.023392,-74.984365,0.000000
1536,-47.935338,-75.032626,0.000000
1537,-47.846513,-75.081164,0.000000
1538,-47.756667,-75.129981,0.000000
1539,-47.665718,-75.179083,0.000000
1540,-47.573580,-75.228470,0.000000
1541,-47.480155,-75.278149,0.000000
1542,-47.385341,-75.328122,0.000000
1543,-47.289025,-75.378395,0.000000
1544,-47.191079,-75.428972,0.000000
1545,-47.091368,-75.479859,0.000000
1546,-46.989734,-75.531061,0.000000
1547,-46.886007,-75.582585,0.000000
1548,-46.779998,-75.634437,0.000000
1549,-46.671488,-75.686625,0.000000
1550,-46.560238,-75.739158,0.000000
1551,-46.445970,-75.792044,0.000000
1552,-46.328367,-75.845294,0.000000
1553,-46.207068,-75.898917,0.000000
1554,-46.081661,-75.952927,0.000000
1555,-45.951662,-76.007337,0.000000
1556,-45.817098,-76.062163,0.000000
1557,-45.676993,-76.117418,0.000000
1558,-45.530660,-76.173122,0.000000
1559,-45.377283,-76.229296,0.000000
1560,-45.215894,-76.285962,0.000000
1561,-45.045298,-76.343147,0.000000
1562,-44.864032,-76.400881,0.000000
1563,-44.670253,-76.459201,0.000000
1564,-44.461616,-76.518147,0.000000
1565,-44.235032,-76.577769,0.000000
1566,-43.986375,-76.638126,0.000000
1567,-43.711422,-76.699292,0.000000
1568,-43.402357,-76.761354,0.000000
1569,-43.048697,-76.824425,0.000000
1570,-42.634433,-76.888655,0.000000
1571,-42.133052,-76.954244,0.000000
1572,-41.496185,-77.021482,0.000000
1573,-40.635957,-77.090821,0.000000
1574,-39.327630,-77.163004,0.000000
1575,-36.831487,-77.239524,0.000000
1576,-28.162807,-77.324339,0.000000
1577,0.000000,-77.438022,1.000000
1578,-58.000000,-77.645542,0.000000
1579,-57.882957,-77.659660,0.000000
1580,-57.766541,-77.674164,0.000000
1581,-57.650814,-77.689051,0.000000
1582,-57.535768,-77.704318,0.000000
1583,-57.421398,-77.719964,0.000000
1584,-57.307696,-77.735986,0.000000
1585,-57.194656,-77.752382,0.000000
1586,-57.082273,-77.769149,0.000000
1587,-56.970539,-77.786285,0.000000
1588,-56.859450,-77.803788,0.000000
1589,-56.748999,-77.821655,0.000000
1590,-56.639181,-77.839884,0.000000
1591,-56.529991,-77.858474,0.000000
1592,-56.421423,-77.877421,0.000000
1593,-56.313471,-77.896724,0.000000
1594,-56.206131,-77.916380,0.000000
1595,-56.099397,-77.936387,0.000000
1596,-55.993264,-77.956744,0.000000
1597,-55.887540,-77.977447,0.000000
1598,-55.782441,-77.998496,0.000000
1599,-55.677957,-78.019888,0.000000
1600,-55.574078,-78.041622,0.000000
1601,-55.470795,-78.063694,0.000000
1602,-55.368098,-78.086104,0.000000
1603,-55.265980,-78.108848,0.000000
1604,-55.164431,-78.131925,0.000000
1605,-55.063444,-78.155333,0.000000
1606,-54.963012,-78.179070,0.000000
1607,-54.863127,-78.203133,0.000000
1608,-54.763783,-78.227522,0.000000
1609,-54.664971,-78.252233,0.000000
1610,-54.566687,-78.277266,0.000000
1611,-54.468923,-78.302618,0.000000
1612,-54.371672,-78.328287,0.000000
1613,-54.274928,-78.354272,0.000000
1614,-54.178686,-78.380571,0.000000
1615,-54.082938,-78.407182,0.000000
1616,-53.987679,-78.434103,0.000000
1617,-53.892399,-78.461333,0.000000
1618,-53.797680,-78.488871,0.000000
1619,-53.703505,-78.516716,0.000000
1620,-53.609856,-78.544865,0.000000
1621,-53.516718,-78.573317,0.000000
1622,-53.424076,-78.602070,0.000000
1623,-53.331915,-78.631123,0.000000
1624,-53.240222,-78.660472,0.000000
1625,-53.148985,-78.690118,0.000000
1626,-53.058191,-78.720058,0.000000
1627,-52.967828,-78.750291,0.000000
1628,-52.877887,-78.780815,0.000000
1629,-52.788355,-78.811628,0.000000
1630,-52.699224,-78.842730,0.000000
1631,-52.610482,-78.874118,0.000000
1632,-52.522121,-78.905792,0.000000
1633,-52.434130,-78.937749,0.000000
1634,-52.346500,-78.969989,0.000000
1635,-52.259222,-79.002511,0.000000
1636,-52.172287,-79.035313,0.000000
1637,-52.085685,-79.068393,0.000000
1638,-51.999407,-79.101752,0.000000
1639,-51.912046,-79.135386,0.000000
1640,-51.825209,-79.169301,0.000000
1641,-51.738856,-79.203494,0.000000
1642,-51.652953,-79.237963,0.000000
1643,-51.567469,-79.272707,0.000000
1644,-51.482374,-79.307725,0.000000
1645,-51.397638,-79.343014,0.000000
1646,-51.313234,-79.378574,0.000000
1647,-51.229138,-79.414404,0.000000
1648,-51.145324,-79.450502,0.000000
1649,-51.061771,-79.486867,0.000000
1650,-50.978455,-79.523499,0.000000
1651,-50.895357,-79.560396,0.000000
1652,-50.812456,-79.597558,0.000000
1653,-50.729731,-79.634984,0.000000
1654,-50.647164,-79.672673,0.000000
1655,-50.564735,-79.710625,0.000000
1656,-50.482426,-79.748839,0.000000
1657,-50.400218,-79.787315,0.000000
1658,-50.318093,-79.826052,0.000000
1659,-50.236032,-79.865049,0.000000
1660,-50.154017,-79.904307,0.000000
1661,-50.072029,-79.943826,0.000000
1662,-49.990049,-79.983604,0.000000
1663,-49.908055,-80.023643,0.000000
1664,-49.826028,-80.063941,0.000000
1665,-49.743947,-80.104500,0.000000
1666,-49.661791,-80.145319,0.000000
1667,-49.579537,-80.186397,0.000000
1668,-49.497160,-80.227737,0.000000
1669,-49.414636,-80.269337,0.000000
1670,-49.331938,-80.311198,0.000000
1671,-49.249038,-80.353321,0.000000
1672,-49.165908,-80.395707,0.000000
1673,-49.082517,-80.438355,0.000000
1674,-48.998830,-80.481267,0.000000
1675,-48.914813,-80.524444,0.000000
1676,-48.830428,-80.567886,0.000000
1677,-48.745637,-80.611596,0.000000
1678,-48.660396,-80.655573,0.000000
1679,-48.574660,-80.699820,0.000000
1680,-48.488379,-80.744338,0.000000
1681,-48.401501,-80.789128,0.000000
1682,-48.313971,-80.834193,0.000000
1683,-48.225726,-80.879535,0.000000
1684,-48.136702,-80.925156,0.000000
1685,-48.046827,-80.971059,0.000000
1686,-47.956026,-81.017246,0.000000
1687,-47.864432,-81.063720,0.000000
1688,-47.771802,-81.110484,0.000000
1689,-47.678049,-81.157541,0.000000
1690,-47.583085,-81.204895,0.000000
1691,-47.486808,-81.252549,0.000000
1692,-47.389107,-81.300509,0.000000
1693,-47.289865,-81.348779,0.000000
1694,-47.188949,-81.397363,0.000000
1695,-47.086215,-81.446267,0.000000
1696,-46.981498,-81.495498,0.000000
1697,-46.874617,-81.545061,0.000000
1698,-46.765368,-81.594963,0.000000
1699,-46.653523,-81.645214,0.000000
1700,-46.538824,-81.695820,0.000000
1701,-46.420976,-81.746792,0.000000
1702,-46.299640,-81.798140,0.000000
1703,-46.174427,-81.849875,0.000000
1704,-46.044891,-81.902010,0.000000
1705,-45.910507,-81.954560,0.000000
1706,-45.771324,-82.007540,0.000000
1707,-45.626270,-82.060966,0.000000
1708,-45.474597,-82.114858,0.000000
1709,-45.315405,-82.169238,0.000000
1710,-45.147619,-82.224130,0.000000
1711,-44.969920,-82.279563,0.000000
1712,-44.780648,-82.335570,0.000000
1713,-44.577723,-82.392190,0.000000
1714,-44.358438,-82.449466,0.000000
1715,-44.119203,-82.507455,0.000000
1716,-43.855153,-82.566222,0.000000
1717,-43.561569,-82.625849,0.000000
1718,-43.228820,-82.686435,0.000000
1719,-42.843881,-82.748110,0.000000
1720,-42.386012,-82.811048,0.000000
1721,-41.819211,-82.875491,0.000000
1722,-41.079609,-82.941801,0.000000
1723,-40.024304,-83.010555,0.000000
1724,-38.243329,-83.082804,0.000000
1725,-33.943088,-83.160965,0.000000
1726,0.000000,-83.253435,1.000000
1727,-58.000000,-83.459016,0.000000
1728,-57.880051,-83.471197,0.000000
1729,-57.760746,-83.483773,0.000000
1730,-57.642149,-83.496742,0.000000
1731,-57.524251,-83.510103,0.000000
1732,-57.407046,-83.523852,0.000000
1733,-57.290526,-83.537987,0.000000
1734,-57.174687,-83.552506,0.000000
1735,-57.059520,-83.567406,0.000000
1736,-56.945021,-83.582686,0.000000
1737,-56.831182,-83.598341,0.000000
1738,-56.717998,-83.614371,0.000000
1739,-56.605464,-83.630773,0.000000
1740,-56.493574,-83.647545,0.000000
1741,-56.382321,-83.664683,0.000000
1742,-56.271701,-83.682187,0.000000
1743,-56.161708,-83.700054,0.000000
1744,-56.052337,-83.718282,0.000000
1745,-55.943582,-83.736868,0.000000
1746,-55.835267,-83.755810,0.000000
1747,-55.727591,-83.775108,0.000000
1748,-55.620543,-83.794757,0.000000
1749,-55.514112,-83.814757,0.000000
1750,-55.408290,-83.835105,0.000000
1751,-55.303067,-83.855799,0.000000
1752,-55.198434,-83.876837,0.000000
1753,-55.094383,-83.898216,0.000000
1754,-54.990906,-83.919936,0.000000
1755,-54.887996,-83.941993,0.000000
1756,-54.785645,-83.964385,0.000000
1757,-54.683846,-83.987112,0.000000
1758,-54.582591,-84.010170,0.000000
1759,-54.481874,-84.033558,0.000000
1760,-54.381689,-84.057274,0.000000
1761,-54.282027,-84.081316,0.000000
1762,-54.182884,-84.105682,0.000000
1763,-54.084251,-84.130370,0.000000
1764,-53.986124,-84.155379,0.000000
1765,-53.887992,-84.180707,0.000000
1766,-53.790440,-84.206353,0.000000
1767,-53.693449,-84.232316,0.000000
1768,-53.596999,-84.258594,0.000000
1769,-53.501075,-84.285185,0.000000
1770,-53.405661,-84.312086,0.000000
1771,-53.310743,-84.339296,0.000000
1772,-53.216305,-84.366814,0.000000
1773,-53.122336,-84.394637,0.000000
1774,-53.028821,-84.422765,0.000000
1775,-52.935750,-84.451194,0.000000
1776,-52.843111,-84.479925,0.000000
1777,-52.750892,-84.508954,0.000000
1778,-52.659084,-84.538282,0.000000
1779,-52.567674,-84.567905,0.000000
1780,-52.476654,-84.597824,0.000000
1781,-52.386013,-84.628035,0.000000
1782,-52.295741,-84.658539,0.000000
1783,-52.205829,-84.689334,0.000000
1784,-52.116266,-84.720418,0.000000
1785,-52.027042,-84.751790,0.000000
1786,-51.938149,-84.783450,0.000000
1787,-51.848329,-84.815395,0.000000
1788,-51.759022,-84.847628,0.000000
1789,-51.670191,-84.880149,0.000000
1790,-51.581801,-84.912955,0.000000
1791,-51.493819,-84.946045,0.000000
1792,-51.406214,-84.979416,0.000000
1793,-51.318959,-85.013069,0.000000
1794,-51.232024,-85.047002,0.000000
1795,-51.145384,-85.081212,0.000000
1796,-51.059015,-85.115701,0.000000
1797,-50.972894,-85.150465,0.000000
1798,-50.886997,-85.185506,0.000000
1799,-50.801303,-85.220820,0.000000
1800,-50.715792,-85.256409,0.000000
1801,-50.630441,-85.292271,0.000000
1802,-50.545231,-85.328405,0.000000
1803,-50.460144,-85.364812,0.000000
1804,-50.375158,-85.401489,0.000000
1805,-50.290253,-85.438438,0.000000
1806,-50.205411,-85.475658,0.000000
1807,-50.120610,-85.513148,0.000000
1808,-50.035831,-85.550908,0.000000
1809,-49.951053,-85.588938,0.000000
1810,-49.866253,-85.627239,0.000000
1811,-49.781411,-85.665809,0.000000
1812,-49.696501,-85.704649,0.000000
1813,-49.611503,-85.743759,0.000000
1814,-49.526391,-85.783139,0.000000
1815,-49.441137,-85.822790,0.000000
1816,-49.355714,-85.862712,0.000000
1817,-49.270094,-85.902905,0.000000
1818,-49.184245,-85.943371,0.000000
1819,-49.098135,-85.984109,0.000000
1820,-49.011729,-86.025120,0.000000
1821,-48.924991,-86.066406,0.000000
1822,-48.837880,-86.107967,0.000000
1823,-48.750355,-86.149805,0.000000
1824,-48.662370,-86.191920,0.000000
1825,-48.573877,-86.234315,0.000000
1826,-48.484824,-86.276990,0.000000
1827,-48.395155,-86.319949,0.000000
1828,-48.304811,-86.363191,0.000000
1829,-48.213727,-86.406721,0.000000
1830,-48.121832,-86.450540,0.000000
1831,-48.029050,-86.494650,0.000000
1832,-47.935300,-86.539055,0.000000
1833,-47.840721,-86.583757,0.000000
1834,-47.745057,-86.628760,0.000000
1835,-47.648215,-86.674067,0.000000
1836,-47.550097,-86.719682,0.000000
1837,-47.450595,-86.765608,0.000000
1838,-47.349588,-86.811851,0.000000
1839,-47.246946,-86.858415,0.000000
1840,-47.142526,-86.905306,0.000000
1841,-47.036170,-86.952529,0.000000
1842,-46.927697,-87.000090,0.000000
1843,-46.816905,-87.047998,0.000000
1844,-46.703570,-87.096259,0.000000
1845,-46.587438,-87.144882,0.000000
1846,-46.468219,-87.193875,0.000000
1847,-46.345579,-87.243250,0.000000
1848,-46.219134,-87.293017,0.000000
1849,-46.088449,-87.343188,0.000000
1850,-45.953010,-87.393779,0.000000
1851,-45.812805,-87.444804,0.000000
1852,-45.666828,-87.496280,0.000000
1853,-45.514337,-87.548225,0.000000
1854,-45.354458,-87.600661,0.000000
1855,-45.186127,-87.653613,0.000000
1856,-45.008061,-87.707108,0.000000
1857,-44.818659,-87.761178,0.000000
1858,-44.615879,-87.815862,0.000000
1859,-44.397097,-87.871204,0.000000
1860,-44.158841,-87.927257,0.000000
1861,-43.896436,-87.984085,0.000000
1862,-43.605187,-88.041768,0.000000
1863,-43.275916,-88.100404,0.000000
1864,-42.896212,-88.160117,0.000000
1865,-42.446456,-88.221076,0.000000
1866,-41.892943,-88.283514,0.000000
1867,-41.176127,-88.347777,0.000000
1868,-40.166368,-88.414407,0.000000
1869,-38.506139,-88.484381,0.000000
1870,-34.739182,-88.559866,0.000000
1871,-10.044572,-88.647882,0.000000
1872,0.000000,-88.818183,1.000000
1873,-58.000000,-89.021910,0.000000
1874,-57.877269,-89.032236,0.000000
1875,-57.755201,-89.042968,0.000000
1876,-57.633857,-89.054103,0.000000
1877,-57.513229,-89.065639,0.000000
1878,-57.393312,-89.077573,0.000000
1879,-57.274097,-89.089903,0.000000
1880,-57.155578,-89.102626,0.000000
1881,-57.037748,-89.115740,0.000000
1882,-56.920602,-89.129242,0.000000
1883,-56.804132,-89.143130,0.000000
1884,-56.688333,-89.157402,0.000000
1885,-56.573200,-89.172055,0.000000
1886,-56.458725,-89.187087,0.000000
1887,-56.344904,-89.202495,0.000000
1888,-56.231730,-89.218278,0.000000
1889,-56.119199,-89.234433,0.000000
1890,-56.007303,-89.250957,0.000000
1891,-55.896039,-89.267849,0.000000
1892,-55.785244,-89.285107,0.000000
1893,-55.675100,-89.302727,0.000000
1894,-55.565597,-89.320710,0.000000
1895,-55.456723,-89.339051,0.000000
1896,-55.348470,-89.357749,0.000000
1897,-55.240827,-89.376801,0.000000
1898,-55.133787,-89.396206,0.000000
1899,-55.027340,-89.415961,0.000000
1900,-54.921479,-89.436065,0.000000
1901,-54.816196,-89.456514,0.000000
1902,-54.711483,-89.477308,0.000000
1903,-54.607333,-89.498444,0.000000
1904,-54.503738,-89.519920,0.000000
1905,-54.400691,-89.541734,0.000000
1906,-54.298186,-89.563885,0.000000
1907,-54.196216,-89.586370,0.000000
1908,-54.094773,-89.609187,0.000000
1909,-53.993851,-89.632334,0.000000
1910,-53.892934,-89.655811,0.000000
1911,-53.792615,-89.679616,0.000000
1912,-53.692874,-89.703747,0.000000
1913,-53.593692,-89.728203,0.000000
1914,-53.495051,-89.752981,0.000000
1915,-53.396936,-89.778080,0.000000
1916,-53.299330,-89.803497,0.000000
1917,-53.202219,-89.829232,0.000000
1918,-53.105590,-89.855281,0.000000
1919,-53.009427,-89.881644,0.000000
1920,-52.913721,-89.908319,0.000000
1921,-52.818457,-89.935304,0.000000
1922,-52.723625,-89.962597,0.000000
1923,-52.629214,-89.990197,0.000000
1924,-52.535211,-90.018103,0.000000
1925,-52.441607,-90.046313,0.000000
1926,-52.348392,-90.074825,0.000000
1927,-52.255554,-90.103639,0.000000
1928,-52.163083,-90.132753,0.000000
1929,-52.070969,-90.162165,0.000000
1930,-51.979201,-90.191874,0.000000
1931,-51.886424,-90.221880,0.000000
1932,-51.794194,-90.252184,0.000000
1933,-51.702471,-90.282786,0.000000
1934,-51.611218,-90.313684,0.000000
1935,-51.520397,-90.344875,0.000000
1936,-51.429977,-90.376359,0.000000
1937,-51.339926,-90.408133,0.000000
1938,-51.250215,-90.440197,0.000000
1939,-51.160815,-90.472550,0.000000
1940,-51.071701,-90.505190,0.000000
1941,-50.982847,-90.538115,0.000000
1942,-50.894231,-90.571326,0.000000
1943,-50.805826,-90.604822,0.000000
1944,-50.717613,-90.638601,0.000000
1945,-50.629568,-90.672663,0.000000
1946,-50.541669,-90.707006,0.000000
1947,-50.453897,-90.741632,0.000000
1948,-50.366231,-90.776538,0.000000
1949,-50.278648,-90.811725,0.000000
1950,-50.191128,-90.847192,0.000000
1951,-50.103650,-90.882940,0.000000
1952,-50.016192,-90.918966,0.000000
1953,-49.928731,-90.955273,0.000000
1954,-49.841244,-90.991858,0.000000
1955,-49.753708,-91.028724,0.000000
1956,-49.666098,-91.065868,0.000000
1957,-49.578388,-91.103293,0.000000
1958,-49.490551,-91.140997,0.000000
1959,-49.402559,-91.178981,0.000000
1960,-49.314381,-91.217246,0.000000
1961,-49.225988,-91.255793,0.000000
1962,-49.137343,-91.294621,0.000000
1963,-49.048412,-91.333731,0.000000
1964,-48.959156,-91.373125,0.000000
1965,-48.869536,-91.412804,0.000000
1966,-48.779506,-91.452768,0.000000
1967,-48.689020,-91.493018,0.000000
1968,-48.598028,-91.533557,0.000000
1969,-48.506478,-91.574386,0.000000
1970,-48.414310,-91.615506,0.000000
1971,-48.321464,-91.656920,0.000000
1972,-48.227869,-91.698629,0.000000
1973,-48.133455,-91.740637,0.000000
1974,-48.038142,-91.782945,0.000000
1975,-47.941845,-91.825557,0.000000
1976,-47.844694,-91.868475,0.000000
1977,-47.746434,-91.911704,0.000000
1978,-47.646967,-91.955245,0.000000
1979,-47.546191,-91.999103,0.000000
1980,-47.443991,-92.043283,0.000000
1981,-47.340244,-92.087788,0.000000
1982,-47.234809,-92.132625,0.000000
1983,-47.127537,-92.177798,0.000000
1984,-47.018259,-92.223313,0.000000
1985,-46.906783,-92.269178,0.000000
1986,-46.792895,-92.315399,0.000000
1987,-46.676356,-92.361984,0.000000
1988,-46.556895,-92.408942,0.000000
1989,-46.434198,-92.456283,0.000000
1990,-46.307906,-92.504017,0.000000
1991,-46.177612,-92.552156,0.000000
1992,-46.042838,-92.600713,0.000000
1993,-45.903026,-92.649703,0.000000
1994,-45.758192,-92.699143,0.000000
1995,-45.607216,-92.749049,0.000000
1996,-45.449296,-92.799442,0.000000
1997,-45.283451,-92.850345,0.000000
1998,-45.108516,-92.901783,0.000000
1999,-44.923036,-92.953787,0.000000
