0,-58.000000,0.000000,0.000000
1,-57.691801,0.000000,0.000000
2,-57.387697,0.000822,0.000000
3,-57.087752,0.002454,0.000000
4,-56.791875,0.004885,0.000000
5,-56.499980,0.008104,0.000000
6,-56.211989,0.012098,0.000000
7,-55.927823,0.016858,0.000000
8,-55.647025,0.022373,0.000000
9,-55.370070,0.028632,0.000000
10,-55.096815,0.035626,0.000000
11,-54.827132,0.043345,0.000000
12,-54.560908,0.051777,0.000000
13,-54.298038,0.060913,0.000000
14,-54.038421,0.070744,0.000000
15,-53.781959,0.081261,0.000000
16,-53.527777,0.092455,0.000000
17,-53.276890,0.104320,0.000000
18,-53.029061,0.116845,0.000000
19,-52.784089,0.130023,0.000000
20,-52.541791,0.143845,0.000000
21,-52.302002,0.158305,0.000000
22,-52.064566,0.173394,0.000000
23,-51.829326,0.189106,0.000000
24,-51.593801,0.205435,0.000000
25,-51.361081,0.222381,0.000000
26,-51.130666,0.239937,0.000000
27,-50.902126,0.258095,0.000000
28,-50.675084,0.276851,0.000000
29,-50.449198,0.296199,0.000000
30,-50.224143,0.316137,0.000000
31,-49.999602,0.336662,0.000000
32,-49.775246,0.357772,0.000000
33,-49.550725,0.379466,0.000000
34,-49.325656,0.401744,0.000000
35,-49.099604,0.424608,0.000000
36,-48.872069,0.448059,0.000000
37,-48.642467,0.472102,0.000000
38,-48.410110,0.496741,0.000000
39,-48.174178,0.521982,0.000000
40,-47.933688,0.547837,0.000000
41,-47.687984,0.574315,0.000000
42,-47.435539,0.601431,0.000000
43,-47.174804,0.629202,0.000000
44,-46.903843,0.657649,0.000000
45,-46.620165,0.686801,0.000000
46,-46.320488,0.716689,0.000000
47,-46.000367,0.747356,0.000000
48,-45.653606,0.778857,0.000000
49,-45.274181,0.811262,0.000000
50,-44.849353,0.844656,0.000000
51,-44.360866,0.879162,0.000000
52,-43.777482,0.914947,0.000000
53,-43.045775,0.952263,0.000000
54,-42.050270,0.991506,0.000000
55,-40.482071,1.033378,0.000000
56,-37.185309,1.079403,0.000000
57,-20.389057,1.134190,0.000000
58,0.000000,1.233729,1.000000
59,-58.000000,121.387573,0.000000
60,-57.785176,121.306648,0.000000
61,-57.573100,121.226350,0.000000
62,-57.363875,121.146671,0.000000
63,-57.157444,121.067603,0.000000
64,-56.953751,120.989138,0.000000
65,-56.752747,120.911269,0.000000
66,-56.554382,120.833987,0.000000
67,-56.358608,120.757286,0.000000
68,-56.165380,120.681159,0.000000
69,-55.974653,120.605597,0.000000
70,-55.785965,120.530594,0.000000
71,-55.599822,120.456144,0.000000
72,-55.416144,120.382241,0.000000
73,-55.234860,120.308876,0.000000
74,-55.055902,120.236044,0.000000
75,-54.879209,120.163738,0.000000
76,-54.704724,120.091951,0.000000
77,-54.532391,120.020677,0.000000
78,-54.362159,119.949910,0.000000
79,-54.193978,119.879645,0.000000
80,-54.027798,119.809874,0.000000
81,-53.863571,119.740594,0.000000
82,-53.700334,119.671797,0.000000
83,-53.539223,119.603482,0.000000
84,-53.380123,119.535641,0.000000
85,-53.222932,119.468271,0.000000
86,-53.067555,119.401364,0.000000
87,-52.913908,119.334916,0.000000
88,-52.761911,119.268923,0.000000
89,-52.611493,119.203378,0.000000
90,-52.462583,119.138279,0.000000
91,-52.315117,119.073620,0.000000
92,-52.169029,119.009397,0.000000
93,-52.024257,118.945607,0.000000
94,-51.880738,118.882245,0.000000
95,-51.735836,118.819308,0.000000
96,-51.592735,118.756800,0.000000
97,-51.451219,118.694715,0.000000
98,-51.311100,118.633048,0.000000
99,-51.172207,118.571797,0.000000
100,-51.034384,118.510956,0.000000
101,-50.897489,118.450524,0.000000
102,-50.761391,118.390497,0.000000
103,-50.625966,118.330873,0.000000
104,-50.491095,118.271650,0.000000
105,-50.356664,118.212826,0.000000
106,-50.222557,118.154400,0.000000
107,-50.088663,118.096370,0.000000
108,-49.954864,118.038736,0.000000
109,-49.821041,117.981497,0.000000
110,-49.687067,117.924654,0.000000
111,-49.552809,117.868205,0.000000
112,-49.418123,117.812152,0.000000
113,-49.282853,117.756496,0.000000
114,-49.146830,117.701237,0.000000
115,-49.009865,117.646378,0.000000
116,-48.871751,117.591921,0.000000
117,-48.732257,117.537868,0.000000
118,-48.591121,117.484224,0.000000
119,-48.448052,117.430991,0.000000
120,-48.302715,117.378176,0.000000
121,-48.154732,117.325783,0.000000
122,-48.003667,117.273820,0.000000
123,-47.849018,117.222294,0.000000
124,-47.690872,117.171216,0.000000
125,-47.528204,117.120593,0.000000
126,-47.360322,117.070437,0.000000
127,-47.186407,117.020762,0.000000
128,-47.005473,116.971585,0.000000
129,-46.816316,116.922923,0.000000
130,-46.617445,116.874797,0.000000
131,-46.406975,116.827234,0.000000
132,-46.182488,116.780264,0.000000
133,-45.940812,116.733924,0.000000
134,-45.679122,116.688259,0.000000
135,-45.391584,116.643323,0.000000
136,-45.070949,116.599183,0.000000
137,-44.706612,116.555928,0.000000
138,-44.282074,116.513673,0.000000
139,-43.769688,116.472578,0.000000
140,-43.124554,116.432877,0.000000
141,-42.251361,116.394923,0.000000
142,-40.914123,116.359323,0.000000
143,-38.332202,116.327313,0.000000
144,-28.904905,116.302209,0.000000
145,0.000000,116.302261,1.000000
146,-58.000000,236.379392,0.000000
147,-57.873631,236.221806,0.000000
148,-57.748731,236.064662,0.000000
149,-57.625433,235.907956,0.000000
150,-57.503708,235.751683,0.000000
151,-57.383528,235.595838,0.000000
152,-57.264866,235.440419,0.000000
153,-57.147698,235.285419,0.000000
154,-57.031997,235.130835,0.000000
155,-56.917740,234.976662,0.000000
156,-56.804903,234.822897,0.000000
157,-56.693463,234.669536,0.000000
158,-56.583398,234.516574,0.000000
159,-56.474685,234.364007,0.000000
160,-56.367304,234.211832,0.000000
161,-56.261234,234.060044,0.000000
162,-56.156453,233.908641,0.000000
163,-56.052941,233.757618,0.000000
164,-55.950679,233.606972,0.000000
165,-55.849248,233.456699,0.000000
166,-55.749104,233.306797,0.000000
167,-55.650215,233.157261,0.000000
168,-55.552552,233.008089,0.000000
169,-55.456087,232.859277,0.000000
170,-55.360794,232.710822,0.000000
171,-55.266647,232.562719,0.000000
172,-55.173623,232.414966,0.000000
173,-55.081698,232.267560,0.000000
174,-54.990850,232.120497,0.000000
175,-54.901059,231.973775,0.000000
176,-54.812303,231.827389,0.000000
177,-54.724562,231.681338,0.000000
178,-54.637818,231.535619,0.000000
179,-54.552051,231.390228,0.000000
180,-54.467243,231.245162,0.000000
181,-54.383377,231.100419,0.000000
182,-54.300435,230.955997,0.000000
183,-54.218401,230.811892,0.000000
184,-54.137256,230.668101,0.000000
185,-54.056986,230.524623,0.000000
186,-53.977573,230.381455,0.000000
187,-53.897864,230.238594,0.000000
188,-53.819155,230.096041,0.000000
189,-53.741409,229.953792,0.000000
190,-53.664590,229.811846,0.000000
191,-53.588668,229.670199,0.000000
192,-53.513610,229.528850,0.000000
193,-53.439389,229.387794,0.000000
194,-53.365978,229.247031,0.000000
195,-53.293351,229.106557,0.000000
196,-53.221483,228.966370,0.000000
197,-53.150352,228.826469,0.000000
198,-53.079937,228.686850,0.000000
199,-53.010215,228.547513,0.000000
200,-52.941169,228.408454,0.000000
201,-52.872777,228.269672,0.000000
202,-52.805023,228.131165,0.000000
203,-52.737888,227.992931,0.000000
204,-52.671356,227.854968,0.000000
205,-52.605411,227.717274,0.000000
206,-52.540035,227.579848,0.000000
207,-52.475215,227.442688,0.000000
208,-52.410935,227.305793,0.000000
209,-52.347180,227.169160,0.000000
210,-52.283936,227.032788,0.000000
211,-52.221189,226.896676,0.000000
212,-52.158926,226.760821,0.000000
213,-52.097132,226.625224,0.000000
214,-52.035794,226.489881,0.000000
215,-51.974899,226.354793,0.000000
216,-51.911356,226.219957,0.000000
217,-51.848604,226.085380,0.000000
218,-51.786594,225.951060,0.000000
219,-51.725277,225.816995,0.000000
220,-51.664609,225.683183,0.000000
221,-51.604546,225.549622,0.000000
222,-51.545051,225.416310,0.000000
223,-51.486087,225.283246,0.000000
224,-51.427619,225.150428,0.000000
225,-51.369614,225.017854,0.000000
226,-51.312041,224.885523,0.000000
227,-51.254872,224.753434,0.000000
228,-51.198079,224.621585,0.000000
229,-51.141635,224.489976,0.000000
230,-51.085515,224.358605,0.000000
231,-51.029694,224.227472,0.000000
232,-50.974151,224.096574,0.000000
233,-50.918862,223.965912,0.000000
234,-50.863807,223.835485,0.000000
235,-50.808963,223.705291,0.000000
236,-50.754311,223.575330,0.000000
237,-50.699832,223.445602,0.000000
238,-50.645505,223.316105,0.000000
239,-50.591313,223.186840,0.000000
240,-50.537236,223.057805,0.000000
241,-50.483255,222.929001,0.000000
242,-50.429354,222.800426,0.000000
243,-50.375513,222.672081,0.000000
244,-50.321715,222.543965,0.000000
245,-50.267942,222.416078,0.000000
246,-50.214174,222.288420,0.000000
247,-50.160395,222.160990,0.000000
248,-50.106585,222.033788,0.000000
249,-50.052726,221.906815,0.000000
250,-49.998799,221.780069,0.000000
251,-49.944784,221.653553,0.000000
252,-49.890660,221.527264,0.000000
253,-49.836409,221.401204,0.000000
254,-49.782007,221.275373,0.000000
255,-49.727434,221.149771,0.000000
256,-49.672667,221.024398,0.000000
257,-49.617682,220.899255,0.000000
258,-49.562455,220.774342,0.000000
259,-49.506961,220.649659,0.000000
260,-49.451171,220.525207,0.000000
261,-49.395059,220.400987,0.000000
262,-49.338595,220.277000,0.000000
263,-49.281748,220.153246,0.000000
264,-49.224485,220.029726,0.000000
265,-49.166771,219.906441,0.000000
266,-49.108570,219.783392,0.000000
267,-49.049842,219.660580,0.000000
268,-48.990545,219.538007,0.000000
269,-48.930636,219.415673,0.000000
270,-48.870067,219.293581,0.000000
271,-48.808787,219.171732,0.000000
272,-48.746741,219.050128,0.000000
273,-48.683870,218.928770,0.000000
274,-48.620111,218.807660,0.000000
275,-48.555395,218.686802,0.000000
276,-48.489647,218.566196,0.000000
277,-48.422787,218.445846,0.000000
278,-48.354727,218.325755,0.000000
279,-48.285371,218.205925,0.000000
280,-48.214612,218.086360,0.000000
281,-48.142335,217.967064,0.000000
282,-48.068413,217.848040,0.000000
283,-47.992705,217.729292,0.000000
284,-47.915508,217.610825,0.000000
285,-47.836317,217.492643,0.000000
286,-47.754961,217.374752,0.000000
287,-47.671252,217.257155,0.000000
288,-47.584980,217.139861,0.000000
289,-47.495911,217.022874,0.000000
290,-47.403777,216.906203,0.000000
291,-47.308278,216.789856,0.000000
292,-47.209066,216.673840,0.000000
293,-47.105745,216.558167,0.000000
294,-46.997851,216.442846,0.000000
295,-46.884844,216.327890,0.000000
296,-46.766085,216.213312,0.000000
297,-46.640811,216.099127,0.000000
298,-46.508105,215.985352,0.000000
299,-46.366849,215.872007,0.000000
300,-46.215662,215.759114,0.000000
301,-46.052815,215.646700,0.000000
302,-45.876108,215.534795,0.000000
303,-45.684386,215.423435,0.000000
304,-45.473355,215.312661,0.000000
305,-45.238564,215.202524,0.000000
306,-44.973876,215.093086,0.000000
307,-44.670462,214.984427,0.000000
308,-44.314963,214.876650,0.000000
309,-43.885833,214.769892,0.000000
310,-43.349890,214.664350,0.000000
311,-42.640705,214.560307,0.000000
312,-41.613209,214.458225,0.000000
313,-39.863154,214.358951,0.000000
314,-35.570569,214.264410,0.000000
315,0.000000,214.181379,1.000000
316,-58.000000,334.193258,0.000000
317,-57.948872,333.970463,0.000000
318,-57.898122,333.747953,0.000000
319,-57.847903,333.525726,0.000000
320,-57.798208,333.303781,0.000000
321,-57.749028,333.082117,0.000000
322,-57.700354,332.860731,0.000000
323,-57.652180,332.639623,0.000000
324,-57.604497,332.418791,0.000000
325,-57.557298,332.198233,0.000000
326,-57.510575,331.977949,0.000000
327,-57.464322,331.757935,0.000000
328,-57.418530,331.538192,0.000000
329,-57.373194,331.318717,0.000000
330,-57.328306,331.099510,0.000000
331,-57.283860,330.880568,0.000000
332,-57.239850,330.661891,0.000000
333,-57.196268,330.443477,0.000000
334,-57.153108,330.225324,0.000000
335,-57.110365,330.007433,0.000000
336,-57.068032,329.789800,0.000000
337,-57.026103,329.572426,0.000000
338,-56.984573,329.355308,0.000000
339,-56.943435,329.138446,0.000000
340,-56.902685,328.921838,0.000000
341,-56.862316,328.705483,0.000000
342,-56.822322,328.489380,0.000000
343,-56.782700,328.273527,0.000000
344,-56.743443,328.057925,0.000000
345,-56.704545,327.842570,0.000000
346,-56.666003,327.627463,0.000000
347,-56.627811,327.412602,0.000000
348,-56.589965,327.197986,0.000000
349,-56.552458,326.983615,0.000000
350,-56.515287,326.769486,0.000000
351,-56.478446,326.555599,0.000000
352,-56.441932,326.341953,0.000000
353,-56.405739,326.128546,0.000000
354,-56.369863,325.915379,0.000000
355,-56.334299,325.702449,0.000000
356,-56.299044,325.489756,0.000000
357,-56.264093,325.277299,0.000000
358,-56.229441,325.065077,0.000000
359,-56.195085,324.853088,0.000000
360,-56.161020,324.641333,0.000000
361,-56.127242,324.429809,0.000000
362,-56.093748,324.218517,0.000000
363,-56.060533,324.007455,0.000000
364,-56.027594,323.796622,0.000000
365,-55.994927,323.586017,0.000000
366,-55.962094,323.375640,0.000000
367,-55.929558,323.165491,0.000000
368,-55.897311,322.955568,0.000000
369,-55.865350,322.745872,0.000000
370,-55.833668,322.536401,0.000000
371,-55.802260,322.327153,0.000000
372,-55.771123,322.118129,0.000000
373,-55.740250,321.909328,0.000000
374,-55.709637,321.700748,0.000000
375,-55.679280,321.492388,0.000000
376,-55.649174,321.284249,0.000000
377,-55.619315,321.076328,0.000000
378,-55.589698,320.868626,0.000000
379,-55.560321,320.661141,0.000000
380,-55.531177,320.453873,0.000000
381,-55.502264,320.246821,0.000000
382,-55.473577,320.039983,0.000000
383,-55.445114,319.833361,0.000000
384,-55.416869,319.626952,0.000000
385,-55.388841,319.420755,0.000000
386,-55.361024,319.214771,0.000000
387,-55.333416,319.008999,0.000000
388,-55.306013,318.803437,0.000000
389,-55.278811,318.598086,0.000000
390,-55.251809,318.392944,0.000000
391,-55.225002,318.188010,0.000000
392,-55.198388,317.983285,0.000000
393,-55.171962,317.778767,0.000000
394,-55.145724,317.574456,0.000000
395,-55.119668,317.370352,0.000000
396,-55.093794,317.166452,0.000000
397,-55.068097,316.962758,0.000000
398,-55.042575,316.759268,0.000000
399,-55.017225,316.555982,0.000000
400,-54.992045,316.352899,0.000000
401,-54.967032,316.150018,0.000000
402,-54.942184,315.947339,0.000000
403,-54.917498,315.744862,0.000000
404,-54.892971,315.542586,0.000000
405,-54.868602,315.340509,0.000000
406,-54.844387,315.138633,0.000000
407,-54.820325,314.936956,0.000000
408,-54.796413,314.735477,0.000000
409,-54.772649,314.534196,0.000000
410,-54.749031,314.333113,0.000000
411,-54.725557,314.132227,0.000000
412,-54.702223,313.931538,0.000000
413,-54.679030,313.731044,0.000000
414,-54.655973,313.530746,0.000000
415,-54.633052,313.330643,0.000000
416,-54.610264,313.130735,0.000000
417,-54.587607,312.931020,0.000000
418,-54.565080,312.731499,0.000000
419,-54.542681,312.532172,0.000000
420,-54.520406,312.333036,0.000000
421,-54.498256,312.134093,0.000000
422,-54.476228,311.935342,0.000000
423,-54.454320,311.736782,0.000000
424,-54.432531,311.538413,0.000000
425,-54.410858,311.340234,0.000000
426,-54.389300,311.142245,0.000000
427,-54.367856,310.944445,0.000000
428,-54.346524,310.746835,0.000000
429,-54.325302,310.549413,0.000000
430,-54.304188,310.352179,0.000000
431,-54.283181,310.155133,0.000000
432,-54.262280,309.958275,0.000000
433,-54.241482,309.761604,0.000000
434,-54.220788,309.565119,0.000000
435,-54.200194,309.368820,0.000000
436,-54.179699,309.172707,0.000000
437,-54.159302,308.976779,0.000000
438,-54.139003,308.781037,0.000000
439,-54.118798,308.585479,0.000000
440,-54.098687,308.390105,0.000000
441,-54.078669,308.194915,0.000000
442,-54.058742,307.999909,0.000000
443,-54.038904,307.805086,0.000000
444,-54.019156,307.610446,0.000000
445,-53.999494,307.415988,0.000000
446,-53.978733,307.221712,0.000000
447,-53.958115,307.027621,0.000000
448,-53.937638,306.833714,0.000000
449,-53.917298,306.639991,0.000000
450,-53.897090,306.446452,0.000000
451,-53.877013,306.253096,0.000000
452,-53.857063,306.059922,0.000000
453,-53.837237,305.866930,0.000000
454,-53.817531,305.674119,0.000000
455,-53.797943,305.481490,0.000000
456,-53.778471,305.289041,0.000000
457,-53.759111,305.096773,0.000000
458,-53.739860,304.904684,0.000000
459,-53.720717,304.712775,0.000000
460,-53.701678,304.521044,0.000000
461,-53.682741,304.329493,0.000000
462,-53.663904,304.138119,0.000000
463,-53.645165,303.946923,0.000000
464,-53.626520,303.755905,0.000000
465,-53.607968,303.565064,0.000000
466,-53.589507,303.374399,0.000000
467,-53.571134,303.183911,0.000000
468,-53.552848,302.993599,0.000000
469,-53.534647,302.803462,0.000000
470,-53.516528,302.613501,0.000000
471,-53.498489,302.423715,0.000000
472,-53.480530,302.234103,0.000000
473,-53.462647,302.044666,0.000000
474,-53.444840,301.855402,0.000000
475,-53.427106,301.666313,0.000000
476,-53.409443,301.477396,0.000000
477,-53.391851,301.288653,0.000000
478,-53.374328,301.100082,0.000000
479,-53.356871,300.911684,0.000000
480,-53.339480,300.723458,0.000000
481,-53.322153,300.535404,0.000000
482,-53.304888,300.347521,0.000000
483,-53.287685,300.159810,0.000000
484,-53.270540,299.972270,0.000000
485,-53.253454,299.784900,0.000000
486,-53.236425,299.597701,0.000000
487,-53.219452,299.410672,0.000000
488,-53.202533,299.223814,0.000000
489,-53.185667,299.037124,0.000000
490,-53.168853,298.850605,0.000000
491,-53.152089,298.664254,0.000000
492,-53.135375,298.478072,0.000000
493,-53.118709,298.292059,0.000000
494,-53.102090,298.106215,0.000000
495,-53.085518,297.920539,0.000000
496,-53.068990,297.735030,0.000000
497,-53.052506,297.549690,0.000000
498,-53.036065,297.364517,0.000000
499,-53.019666,297.179511,0.000000
500,-53.003308,296.994672,0.000000
501,-52.986989,296.810000,0.000000
502,-52.970710,296.625495,0.000000
503,-52.954468,296.441156,0.000000
504,-52.938264,296.256984,0.000000
505,-52.922095,296.072977,0.000000
506,-52.905962,295.889136,0.000000
507,-52.889863,295.705461,0.000000
508,-52.873798,295.521951,0.000000
509,-52.857765,295.338607,0.000000
510,-52.841764,295.155427,0.000000
511,-52.825794,294.972412,0.000000
512,-52.809854,294.789562,0.000000
513,-52.793944,294.606876,0.000000
514,-52.778062,294.424354,0.000000
515,-52.762208,294.241997,0.000000
516,-52.746381,294.059803,0.000000
517,-52.730581,293.877773,0.000000
518,-52.714806,293.695906,0.000000
519,-52.699056,293.514203,0.000000
520,-52.683330,293.332663,0.000000
521,-52.667628,293.151285,0.000000
522,-52.651949,292.970071,0.000000
523,-52.636292,292.789019,0.000000
524,-52.620656,292.608130,0.000000
525,-52.605042,292.427403,0.000000
526,-52.589447,292.246838,0.000000
527,-52.573872,292.066435,0.000000
528,-52.558316,291.886194,0.000000
529,-52.542779,291.706114,0.000000
530,-52.527259,291.526196,0.000000
531,-52.511756,291.346439,0.000000
532,-52.496270,291.166844,0.000000
533,-52.480799,290.987409,0.000000
534,-52.465345,290.808136,0.000000
535,-52.449904,290.629023,0.000000
536,-52.434479,290.450070,0.000000
537,-52.419066,290.271279,0.000000
538,-52.403667,290.092647,0.000000
539,-52.388281,289.914175,0.000000
540,-52.372906,289.735864,0.000000
541,-52.357543,289.557712,0.000000
542,-52.342191,289.379721,0.000000
543,-52.326849,289.201888,0.000000
544,-52.311517,289.024216,0.000000
545,-52.296195,288.846702,0.000000
546,-52.280881,288.669348,0.000000
547,-52.265576,288.492153,0.000000
548,-52.250279,288.315117,0.000000
549,-52.234989,288.138239,0.000000
550,-52.219705,287.961521,0.000000
551,-52.204429,287.784960,0.000000
552,-52.189158,287.608559,0.000000
553,-52.173892,287.432315,0.000000
554,-52.158631,287.256230,0.000000
555,-52.143375,287.080303,0.000000
556,-52.128122,286.904534,0.000000
557,-52.112873,286.728923,0.000000
558,-52.097627,286.553469,0.000000
559,-52.082384,286.378173,0.000000
560,-52.067142,286.203035,0.000000
561,-52.051902,286.028054,0.000000
562,-52.036664,285.853230,0.000000
563,-52.021425,285.678564,0.000000
564,-52.006187,285.504054,0.000000
565,-51.990949,285.329702,0.000000
566,-51.972537,285.155506,0.000000
567,-51.954258,284.981476,0.000000
568,-51.936108,284.807611,0.000000
569,-51.918080,284.633909,0.000000
570,-51.900170,284.460372,0.000000
571,-51.882372,284.286998,0.000000
572,-51.864683,284.113787,0.000000
573,-51.847098,283.940739,0.000000
574,-51.829611,283.767853,0.000000
575,-51.812220,283.595129,0.000000
576,-51.794920,283.422566,0.000000
577,-51.777708,283.250165,0.000000
578,-51.760578,283.077924,0.000000
579,-51.743528,282.905844,0.000000
580,-51.726553,282.733924,0.000000
581,-51.709652,282.562164,0.000000
582,-51.692819,282.390564,0.000000
583,-51.676052,282.219123,0.000000
584,-51.659348,282.047841,0.000000
585,-51.642703,281.876717,0.000000
586,-51.626115,281.705752,0.000000
587,-51.609580,281.534945,0.000000
588,-51.593095,281.364297,0.000000
589,-51.576659,281.193806,0.000000
590,-51.560268,281.023472,0.000000
591,-51.543919,280.853296,0.000000
592,-51.527610,280.683277,0.000000
593,-51.511339,280.513414,0.000000
594,-51.495102,280.343709,0.000000
595,-51.478898,280.174159,0.000000
596,-51.462725,280.004766,0.000000
597,-51.446579,279.835529,0.000000
598,-51.430459,279.666448,0.000000
599,-51.414363,279.497523,0.000000
600,-51.398287,279.328753,0.000000
601,-51.382232,279.160138,0.000000
602,-51.366193,278.991679,0.000000
603,-51.350170,278.823375,0.000000
604,-51.334159,278.655225,0.000000
605,-51.318160,278.487231,0.000000
606,-51.302171,278.319391,0.000000
607,-51.286189,278.151706,0.000000
608,-51.270213,277.984175,0.000000
609,-51.254240,277.816798,0.000000
610,-51.238270,277.649576,0.000000
611,-51.222300,277.482508,0.000000
612,-51.206329,277.315593,0.000000
613,-51.190354,277.148833,0.000000
614,-51.174375,276.982226,0.000000
615,-51.158390,276.815773,0.000000
616,-51.142397,276.649473,0.000000
617,-51.126394,276.483327,0.000000
618,-51.110380,276.317335,0.000000
619,-51.094353,276.151496,0.000000
620,-51.078312,275.985810,0.000000
621,-51.062255,275.820277,0.000000
622,-51.046180,275.654898,0.000000
623,-51.030087,275.489672,0.000000
624,-51.013974,275.324598,0.000000
625,-50.997839,275.159678,0.000000
626,-50.981680,274.994911,0.000000
627,-50.965497,274.830297,0.000000
628,-50.949288,274.665835,0.000000
629,-50.933051,274.501527,0.000000
630,-50.916785,274.337371,0.000000
631,-50.900489,274.173368,0.000000
632,-50.884160,274.009518,0.000000
633,-50.867799,273.845820,0.000000
634,-50.851403,273.682276,0.000000
635,-50.834971,273.518884,0.000000
636,-50.818501,273.355645,0.000000
637,-50.801992,273.192559,0.000000
638,-50.785444,273.029625,0.000000
639,-50.768853,272.866844,0.000000
640,-50.752219,272.704216,0.000000
641,-50.735541,272.541741,0.000000
642,-50.718818,272.379418,0.000000
643,-50.702046,272.217249,0.000000
644,-50.685227,272.055232,0.000000
645,-50.668357,271.893368,0.000000
646,-50.651435,271.731657,0.000000
647,-50.634461,271.570098,0.000000
648,-50.617432,271.408693,0.000000
649,-50.600347,271.247441,0.000000
650,-50.583205,271.086342,0.000000
651,-50.566004,270.925396,0.000000
652,-50.548743,270.764603,0.000000
653,-50.531420,270.603963,0.000000
654,-50.514034,270.443477,0.000000
655,-50.496583,270.283144,0.000000
656,-50.479065,270.122964,0.000000
657,-50.461480,269.962938,0.000000
658,-50.443825,269.803066,0.000000
659,-50.426099,269.643347,0.000000
660,-50.408301,269.483782,0.000000
661,-50.390428,269.324371,0.000000
662,-50.372479,269.165113,0.000000
663,-50.354452,269.006010,0.000000
664,-50.336346,268.847061,0.000000
665,-50.318158,268.688266,0.000000
666,-50.299888,268.529626,0.000000
667,-50.281532,268.371140,0.000000
668,-50.263090,268.212808,0.000000
669,-50.244560,268.054632,0.000000
670,-50.225939,267.896610,0.000000
671,-50.207226,267.738743,0.000000
672,-50.188418,267.581031,0.000000
673,-50.169514,267.423475,0.000000
674,-50.150511,267.266074,0.000000
675,-50.131408,267.108829,0.000000
676,-50.112202,266.951739,0.000000
677,-50.092892,266.794805,0.000000
678,-50.073473,266.638028,0.000000
679,-50.053946,266.481407,0.000000
680,-50.034306,266.324942,0.000000
681,-50.014552,266.168634,0.000000
682,-49.994681,266.012483,0.000000
683,-49.974690,265.856489,0.000000
684,-49.954578,265.700652,0.000000
685,-49.934340,265.544973,0.000000
686,-49.913975,265.389451,0.000000
687,-49.893480,265.234088,0.000000
688,-49.872851,265.078883,0.000000
689,-49.852085,264.923836,0.000000
690,-49.831180,264.768948,0.000000
691,-49.810132,264.614219,0.000000
692,-49.788938,264.459649,0.000000
693,-49.767595,264.305239,0.000000
694,-49.746098,264.150989,0.000000
695,-49.724445,263.996898,0.000000
696,-49.702631,263.842969,0.000000
697,-49.680653,263.689200,0.000000
698,-49.658506,263.535592,0.000000
699,-49.636187,263.382146,0.000000
700,-49.613691,263.228861,0.000000
701,-49.591014,263.075739,0.000000
702,-49.568150,262.922779,0.000000
703,-49.545096,262.769982,0.000000
704,-49.521847,262.617349,0.000000
705,-49.498396,262.464879,0.000000
706,-49.474739,262.312573,0.000000
707,-49.450871,262.160432,0.000000
708,-49.426784,262.008457,0.000000
709,-49.402475,261.856646,0.000000
710,-49.377935,261.705002,0.000000
711,-49.353159,261.553524,0.000000
712,-49.328140,261.402214,0.000000
713,-49.302871,261.251070,0.000000
714,-49.277345,261.100096,0.000000
715,-49.251553,260.949289,0.000000
716,-49.225488,260.798652,0.000000
717,-49.199141,260.648185,0.000000
718,-49.172504,260.497889,0.000000
719,-49.145568,260.347764,0.000000
720,-49.118322,260.197810,0.000000
721,-49.090757,260.048030,0.000000
722,-49.062862,259.898423,0.000000
723,-49.034626,259.748989,0.000000
724,-49.006038,259.599731,0.000000
725,-48.977085,259.450649,0.000000
726,-48.947755,259.301743,0.000000
727,-48.918034,259.153014,0.000000
728,-48.887907,259.004464,0.000000
729,-48.857360,258.856094,0.000000
730,-48.826377,258.707903,0.000000
731,-48.794941,258.559895,0.000000
732,-48.763035,258.412068,0.000000
733,-48.730640,258.264425,0.000000
734,-48.697735,258.116968,0.000000
735,-48.664301,257.969696,0.000000
736,-48.630315,257.822611,0.000000
737,-48.595752,257.675715,0.000000
738,-48.560589,257.529010,0.000000
739,-48.524798,257.382495,0.000000
740,-48.488350,257.236174,0.000000
741,-48.451216,257.090048,0.000000
742,-48.413362,256.944118,0.000000
743,-48.374754,256.798387,0.000000
744,-48.335354,256.652855,0.000000
745,-48.295122,256.507526,0.000000
746,-48.254015,256.362400,0.000000
747,-48.211987,256.217481,0.000000
748,-48.168988,256.072771,0.000000
749,-48.124962,255.928272,0.000000
750,-48.079852,255.783987,0.000000
751,-48.033595,255.639918,0.000000
752,-47.986120,255.496069,0.000000
753,-47.937817,255.352442,0.000000
754,-47.888220,255.209039,0.000000
755,-47.837250,255.065865,0.000000
756,-47.784821,254.922922,0.000000
757,-47.730842,254.780213,0.000000
758,-47.675209,254.637744,0.000000
759,-47.617812,254.495519,0.000000
760,-47.558528,254.353541,0.000000
761,-47.497220,254.211816,0.000000
762,-47.433739,254.070349,0.000000
763,-47.367915,253.929146,0.000000
764,-47.299562,253.788212,0.000000
765,-47.228469,253.647554,0.000000
766,-47.154396,253.507180,0.000000
767,-47.077075,253.367097,0.000000
768,-46.996196,253.227313,0.000000
769,-46.911404,253.087839,0.000000
770,-46.822291,252.948683,0.000000
771,-46.728379,252.809858,0.000000
772,-46.629109,252.671376,0.000000
773,-46.523818,252.533251,0.000000
774,-46.411717,252.395498,0.000000
775,-46.291849,252.258137,0.000000
776,-46.163050,252.121187,0.000000
777,-46.023879,251.984671,0.000000
778,-45.872524,251.848618,0.000000
779,-45.708395,251.713059,0.000000
780,-45.527802,251.578028,0.000000
781,-45.327283,251.443568,0.000000
782,-45.102197,251.309733,0.000000
783,-44.846091,251.176588,0.000000
784,-44.549618,251.044214,0.000000
785,-44.198514,250.912719,0.000000
786,-43.769567,250.782248,0.000000
787,-43.227712,250.653007,0.000000
788,-42.499552,250.525298,0.000000
789,-41.420534,250.399616,0.000000
790,-39.515786,250.276895,0.000000
791,-34.422324,250.159335,0.000000
792,0.000000,250.055436,1.000000
793,-58.000000,370.043399,0.000000
794,-57.976449,369.796703,0.000000
795,-57.952875,369.550235,0.000000
796,-57.929438,369.303994,0.000000
797,-57.906137,369.057980,0.000000
798,-57.882969,368.812192,0.000000
799,-57.859932,368.566629,0.000000
800,-57.837025,368.321291,0.000000
801,-57.814246,368.076179,0.000000
802,-57.791592,367.831290,0.000000
803,-57.769063,367.586625,0.000000
804,-57.746655,367.342183,0.000000
805,-57.724369,367.097964,0.000000
806,-57.702200,366.853967,0.000000
807,-57.680149,366.610192,0.000000
808,-57.658214,366.366639,0.000000
809,-57.636392,366.123306,0.000000
810,-57.614682,365.880193,0.000000
811,-57.593083,365.637301,0.000000
812,-57.571593,365.394628,0.000000
813,-57.550210,365.152174,0.000000
814,-57.528934,364.909939,0.000000
815,-57.507762,364.667922,0.000000
816,-57.486693,364.426123,0.000000
817,-57.465726,364.184541,0.000000
818,-57.444859,363.943176,0.000000
819,-57.424091,363.702028,0.000000
820,-57.403420,363.461096,0.000000
821,-57.382846,363.220379,0.000000
822,-57.362367,362.979878,0.000000
823,-57.341981,362.739592,0.000000
824,-57.321688,362.499521,0.000000
825,-57.301486,362.259663,0.000000
826,-57.281373,362.020020,0.000000
827,-57.261350,361.780589,0.000000
828,-57.241414,361.541372,0.000000
829,-57.221564,361.302368,0.000000
830,-57.201799,361.063575,0.000000
831,-57.182119,360.824995,0.000000
832,-57.162521,360.586626,0.000000
833,-57.143005,360.348468,0.000000
834,-57.123571,360.110522,0.000000
835,-57.104215,359.872785,0.000000
836,-57.084939,359.635259,0.000000
837,-57.065740,359.397942,0.000000
838,-57.046618,359.160835,0.000000
839,-57.027571,358.923937,0.000000
840,-57.008599,358.687248,0.000000
841,-56.989701,358.450767,0.000000
842,-56.970875,358.214494,0.000000
843,-56.952121,357.978429,0.000000
844,-56.933438,357.742571,0.000000
845,-56.914825,357.506920,0.000000
846,-56.896281,357.271476,0.000000
847,-56.877806,357.036238,0.000000
848,-56.859397,356.801207,0.000000
849,-56.841055,356.566381,0.000000
850,-56.822779,356.331761,0.000000
851,-56.804568,356.097346,0.000000
852,-56.786420,355.863135,0.000000
853,-56.768336,355.629130,0.000000
854,-56.750314,355.395328,0.000000
855,-56.732353,355.161731,0.000000
856,-56.714454,354.928337,0.000000
857,-56.696615,354.695146,0.000000
858,-56.678835,354.462158,0.000000
859,-56.661113,354.229374,0.000000
860,-56.643449,353.996791,0.000000
861,-56.625843,353.764411,0.000000
862,-56.608293,353.532232,0.000000
863,-56.590799,353.300256,0.000000
864,-56.573360,353.068480,0.000000
865,-56.555975,352.836906,0.000000
866,-56.538644,352.605532,0.000000
867,-56.521366,352.374359,0.000000
868,-56.504140,352.143386,0.000000
869,-56.486967,351.912612,0.000000
870,-56.469844,351.682039,0.000000
871,-56.452772,351.451665,0.000000
872,-56.435750,351.221490,0.000000
873,-56.418777,350.991513,0.000000
874,-56.401853,350.761736,0.000000
875,-56.384978,350.532157,0.000000
876,-56.368150,350.302775,0.000000
877,-56.351368,350.073592,0.000000
878,-56.334634,349.844606,0.000000
879,-56.317945,349.615817,0.000000
880,-56.301301,349.387226,0.000000
881,-56.284703,349.158831,0.000000
882,-56.268149,348.930633,0.000000
883,-56.251638,348.702630,0.000000
884,-56.235171,348.474824,0.000000
885,-56.218746,348.247214,0.000000
886,-56.202364,348.019800,0.000000
887,-56.186023,347.792580,0.000000
888,-56.169724,347.565556,0.000000
889,-56.153466,347.338726,0.000000
890,-56.137247,347.112091,0.000000
891,-56.121069,346.885651,0.000000
892,-56.104930,346.659404,0.000000
893,-56.088830,346.433352,0.000000
894,-56.072769,346.207493,0.000000
895,-56.056745,345.981827,0.000000
896,-56.040759,345.756355,0.000000
897,-56.024810,345.531075,0.000000
898,-56.008898,345.305989,0.000000
899,-55.993022,345.081094,0.000000
900,-55.976751,344.856392,0.000000
901,-55.960534,344.631883,0.000000
902,-55.944370,344.407568,0.000000
903,-55.928259,344.183444,0.000000
904,-55.912198,343.959513,0.000000
905,-55.896187,343.735775,0.000000
906,-55.880226,343.512228,0.000000
907,-55.864313,343.288873,0.000000
908,-55.848447,343.065709,0.000000
909,-55.832629,342.842736,0.000000
910,-55.816856,342.619954,0.000000
911,-55.801128,342.397362,0.000000
912,-55.785444,342.174961,0.000000
913,-55.769804,341.952750,0.000000
914,-55.754207,341.730729,0.000000
915,-55.738651,341.508897,0.000000
916,-55.723137,341.287255,0.000000
917,-55.707663,341.065802,0.000000
918,-55.692229,340.844538,0.000000
919,-55.676834,340.623462,0.000000
920,-55.661477,340.402575,0.000000
921,-55.646158,340.181876,0.000000
922,-55.630877,339.961365,0.000000
923,-55.615631,339.741042,0.000000
924,-55.600422,339.520907,0.000000
925,-55.585248,339.300958,0.000000
926,-55.570108,339.081197,0.000000
927,-55.555003,338.861623,0.000000
928,-55.539931,338.642235,0.000000
929,-55.524892,338.423034,0.000000
930,-55.509885,338.204019,0.000000
931,-55.494910,337.985190,0.000000
932,-55.479967,337.766547,0.000000
933,-55.465054,337.548090,0.000000
934,-55.450172,337.329818,0.000000
935,-55.435319,337.111731,0.000000
936,-55.420495,336.893829,0.000000
937,-55.405701,336.676112,0.000000
938,-55.390934,336.458579,0.000000
939,-55.376196,336.241231,0.000000
940,-55.361485,336.024067,0.000000
941,-55.346801,335.807087,0.000000
942,-55.332143,335.590291,0.000000
943,-55.317512,335.373679,0.000000
944,-55.302906,335.157250,0.000000
945,-55.288326,334.941004,0.000000
946,-55.273770,334.724941,0.000000
947,-55.259239,334.509061,0.000000
948,-55.244732,334.293364,0.000000
949,-55.230248,334.077849,0.000000
950,-55.215788,333.862517,0.000000
951,-55.201351,333.647367,0.000000
952,-55.186937,333.432398,0.000000
953,-55.172545,333.217612,0.000000
954,-55.158174,333.003006,0.000000
955,-55.143825,332.788583,0.000000
956,-55.129498,332.574340,0.000000
957,-55.115191,332.360279,0.000000
958,-55.100905,332.146398,0.000000
959,-55.086639,331.932698,0.000000
960,-55.072393,331.719179,0.000000
961,-55.058167,331.505840,0.000000
962,-55.043960,331.292681,0.000000
963,-55.029772,331.079702,0.000000
964,-55.015603,330.866903,0.000000
965,-55.001453,330.654284,0.000000
966,-54.987320,330.441844,0.000000
967,-54.973206,330.229583,0.000000
968,-54.959109,330.017502,0.000000
969,-54.945029,329.805599,0.000000
970,-54.930967,329.593875,0.000000
971,-54.916922,329.382330,0.000000
972,-54.902893,329.170964,0.000000
973,-54.888880,328.959776,0.000000
974,-54.874884,328.748765,0.000000
975,-54.860903,328.537933,0.000000
976,-54.846938,328.327279,0.000000
977,-54.832989,328.116803,0.000000
978,-54.819055,327.906504,0.000000
979,-54.805136,327.696382,0.000000
980,-54.791231,327.486437,0.000000
981,-54.777341,327.276670,0.000000
982,-54.763466,327.067079,0.000000
983,-54.749604,326.857665,0.000000
984,-54.735756,326.648428,0.000000
985,-54.721923,326.439367,0.000000
986,-54.708102,326.230483,0.000000
987,-54.694295,326.021774,0.000000
988,-54.680501,325.813242,0.000000
989,-54.666720,325.604885,0.000000
990,-54.652952,325.396704,0.000000
991,-54.639196,325.188698,0.000000
992,-54.625453,324.980868,0.000000
993,-54.611722,324.773213,0.000000
994,-54.598003,324.565733,0.000000
995,-54.584296,324.358428,0.000000
996,-54.570600,324.151298,0.000000
997,-54.556916,323.944342,0.000000
998,-54.543243,323.737561,0.000000
999,-54.529582,323.530954,0.000000
1000,-54.515931,323.324521,0.000000
1001,-54.502292,323.118263,0.000000
1002,-54.488663,322.912178,0.000000
1003,-54.475045,322.706267,0.000000
1004,-54.461437,322.500529,0.000000
1005,-54.447839,322.294965,0.000000
1006,-54.434251,322.089574,0.000000
1007,-54.420674,321.884357,0.000000
1008,-54.407106,321.679312,0.000000
1009,-54.393548,321.474440,0.000000
1010,-54.379999,321.269741,0.000000
1011,-54.366460,321.065215,0.000000
1012,-54.352930,320.860861,0.000000
1013,-54.339409,320.656679,0.000000
1014,-54.325897,320.452670,0.000000
1015,-54.312394,320.248833,0.000000
1016,-54.298899,320.045167,0.000000
1017,-54.285413,319.841673,0.000000
1018,-54.271936,319.638351,0.000000
1019,-54.258467,319.435201,0.000000
1020,-54.245006,319.232221,0.000000
1021,-54.231553,319.029413,0.000000
1022,-54.218108,318.826776,0.000000
1023,-54.204671,318.624310,0.000000
1024,-54.191242,318.422015,0.000000
1025,-54.177820,318.219891,0.000000
1026,-54.164406,318.017937,0.000000
1027,-54.150999,317.816153,0.000000
1028,-54.137599,317.614540,0.000000
1029,-54.124206,317.413097,0.000000
1030,-54.110821,317.211823,0.000000
1031,-54.097442,317.010720,0.000000
1032,-54.084070,316.809787,0.000000
1033,-54.070704,316.609023,0.000000
1034,-54.057346,316.408428,0.000000
1035,-54.043993,316.208003,0.000000
1036,-54.030647,316.007747,0.000000
1037,-54.017307,315.807660,0.000000
1038,-54.003973,315.607743,0.000000
1039,-53.990646,315.407994,0.000000
1040,-53.976157,315.208413,0.000000
1041,-53.961720,315.009005,0.000000
1042,-53.947331,314.809768,0.000000
1043,-53.932991,314.610702,0.000000
1044,-53.918697,314.411807,0.000000
1045,-53.904449,314.213082,0.000000
1046,-53.890245,314.014529,0.000000
1047,-53.876083,313.816145,0.000000
1048,-53.861964,313.617931,0.000000
1049,-53.847884,313.419888,0.000000
1050,-53.833844,313.222014,0.000000
1051,-53.819842,313.024309,0.000000
1052,-53.805878,312.826773,0.000000
1053,-53.791949,312.629406,0.000000
1054,-53.778055,312.432208,0.000000
1055,-53.764195,312.235179,0.000000
1056,-53.750368,312.038318,0.000000
1057,-53.736573,311.841624,0.000000
1058,-53.722810,311.645099,0.000000
1059,-53.709076,311.448742,0.000000
1060,-53.695371,311.252552,0.000000
1061,-53.681695,311.056529,0.000000
1062,-53.668046,310.860674,0.000000
1063,-53.654424,310.664985,0.000000
1064,-53.640827,310.469464,0.000000
1065,-53.627256,310.274109,0.000000
1066,-53.613709,310.078920,0.000000
1067,-53.600185,309.883898,0.000000
1068,-53.586684,309.689041,0.000000
1069,-53.573204,309.494351,0.000000
1070,-53.559746,309.299826,0.000000
1071,-53.546309,309.105467,0.000000
1072,-53.532891,308.911273,0.000000
1073,-53.519492,308.717245,0.000000
1074,-53.506112,308.523382,0.000000
1075,-53.492749,308.329683,0.000000
1076,-53.479404,308.136149,0.000000
1077,-53.466076,307.942780,0.000000
1078,-53.452763,307.749576,0.000000
1079,-53.439466,307.556535,0.000000
1080,-53.426183,307.363659,0.000000
1081,-53.412915,307.170947,0.000000
1082,-53.399660,306.978399,0.000000
1083,-53.386419,306.786014,0.000000
1084,-53.373190,306.593793,0.000000
1085,-53.359973,306.401736,0.000000
1086,-53.346767,306.209841,0.000000
1087,-53.333573,306.018110,0.000000
1088,-53.320389,305.826542,0.000000
1089,-53.307216,305.635137,0.000000
1090,-53.294052,305.443894,0.000000
1091,-53.280897,305.252814,0.000000
1092,-53.267751,305.061897,0.000000
1093,-53.254613,304.871142,0.000000
1094,-53.241483,304.680549,0.000000
1095,-53.228360,304.490118,0.000000
1096,-53.215244,304.299849,0.000000
1097,-53.202135,304.109742,0.000000
1098,-53.189032,303.919796,0.000000
1099,-53.175935,303.730012,0.000000
1100,-53.162843,303.540390,0.000000
1101,-53.149756,303.350929,0.000000
1102,-53.136674,303.161629,0.000000
1103,-53.123596,302.972490,0.000000
1104,-53.110522,302.783512,0.000000
1105,-53.097451,302.594696,0.000000
1106,-53.084384,302.406039,0.000000
1107,-53.071319,302.217544,0.000000
1108,-53.058257,302.029209,0.000000
1109,-53.045197,301.841034,0.000000
1110,-53.032139,301.653019,0.000000
1111,-53.019083,301.465165,0.000000
1112,-53.006028,301.277471,0.000000
1113,-52.992974,301.089937,0.000000
1114,-52.979920,300.902562,0.000000
1115,-52.966867,300.715347,0.000000
1116,-52.953814,300.528292,0.000000
1117,-52.940760,300.341397,0.000000
1118,-52.927706,300.154661,0.000000
1119,-52.914652,299.968084,0.000000
1120,-52.901596,299.781666,0.000000
1121,-52.888539,299.595407,0.000000
1122,-52.875480,299.409308,0.000000
1123,-52.862419,299.223367,0.000000
1124,-52.849356,299.037585,0.000000
1125,-52.836291,298.851962,0.000000
1126,-52.823223,298.666497,0.000000
1127,-52.810153,298.481191,0.000000
1128,-52.797079,298.296043,0.000000
1129,-52.784001,298.111054,0.000000
1130,-52.770921,297.926223,0.000000
1131,-52.757836,297.741549,0.000000
1132,-52.744747,297.557034,0.000000
1133,-52.731654,297.372677,0.000000
1134,-52.718556,297.188478,0.000000
1135,-52.705454,297.004436,0.000000
1136,-52.692346,296.820552,0.000000
1137,-52.679234,296.636825,0.000000
1138,-52.666116,296.453256,0.000000
1139,-52.652992,296.269844,0.000000
1140,-52.639863,296.086590,0.000000
1141,-52.626727,295.903493,0.000000
1142,-52.613585,295.720553,0.000000
1143,-52.600437,295.537769,0.000000
1144,-52.587282,295.355143,0.000000
1145,-52.574120,295.172674,0.000000
1146,-52.560951,294.990361,0.000000
1147,-52.547774,294.808205,0.000000
1148,-52.534591,294.626206,0.000000
1149,-52.521399,294.444363,0.000000
1150,-52.508200,294.262676,0.000000
1151,-52.494992,294.081146,0.000000
1152,-52.481776,293.899772,0.000000
1153,-52.468552,293.718554,0.000000
1154,-52.455319,293.537492,0.000000
1155,-52.442077,293.356587,0.000000
1156,-52.428826,293.175837,0.000000
1157,-52.415566,292.995243,0.000000
1158,-52.402296,292.814805,0.000000
1159,-52.389017,292.634522,0.000000
1160,-52.375728,292.454395,0.000000
1161,-52.362429,292.274424,0.000000
1162,-52.349119,292.094608,0.000000
1163,-52.335800,291.914947,0.000000
1164,-52.322469,291.735442,0.000000
1165,-52.309128,291.556092,0.000000
1166,-52.295776,291.376897,0.000000
1167,-52.282413,291.197857,0.000000
1168,-52.269038,291.018972,0.000000
1169,-52.255652,290.840242,0.000000
1170,-52.242254,290.661667,0.000000
1171,-52.228844,290.483246,0.000000
1172,-52.215422,290.304981,0.000000
1173,-52.201987,290.126870,0.000000
1174,-52.188540,289.948913,0.000000
1175,-52.175081,289.771111,0.000000
1176,-52.161608,289.593464,0.000000
1177,-52.148123,289.415971,0.000000
1178,-52.134624,289.238632,0.000000
1179,-52.121111,289.061447,0.000000
1180,-52.107585,288.884417,0.000000
1181,-52.094044,288.707540,0.000000
1182,-52.080490,288.530818,0.000000
1183,-52.066921,288.354249,0.000000
1184,-52.053338,288.177835,0.000000
1185,-52.039740,288.001574,0.000000
1186,-52.026127,287.825467,0.000000
1187,-52.012499,287.649514,0.000000
1188,-51.998856,287.473714,0.000000
1189,-51.981977,287.298068,0.000000
1190,-51.965210,287.122585,0.000000
1191,-51.948550,286.947262,0.000000
1192,-51.931993,286.772101,0.000000
1193,-51.915534,286.597101,0.000000
1194,-51.899169,286.422262,0.000000
1195,-51.882894,286.247583,0.000000
1196,-51.866706,286.073064,0.000000
1197,-51.850601,285.898704,0.000000
1198,-51.834575,285.724503,0.000000
1199,-51.818625,285.550461,0.000000
1200,-51.802747,285.376578,0.000000
1201,-51.786938,285.202853,0.000000
1202,-51.771195,285.029286,0.000000
1203,-51.755514,284.855877,0.000000
1204,-51.739894,284.682625,0.000000
1205,-51.724331,284.509530,0.000000
1206,-51.708821,284.336593,0.000000
1207,-51.693363,284.163811,0.000000
1208,-51.677954,283.991187,0.000000
1209,-51.662591,283.818718,0.000000
1210,-51.647272,283.646405,0.000000
1211,-51.631993,283.474249,0.000000
1212,-51.616753,283.302247,0.000000
1213,-51.601550,283.130401,0.000000
1214,-51.586380,282.958710,0.000000
1215,-51.571243,282.787174,0.000000
1216,-51.556135,282.615793,0.000000
1217,-51.541054,282.444566,0.000000
1218,-51.525999,282.273493,0.000000
1219,-51.510967,282.102575,0.000000
1220,-51.495957,281.931811,0.000000
1221,-51.480966,281.761201,0.000000
1222,-51.465993,281.590744,0.000000
1223,-51.451036,281.420441,0.000000
1224,-51.436092,281.250291,0.000000
1225,-51.421160,281.080295,0.000000
1226,-51.406239,280.910452,0.000000
1227,-51.391326,280.740762,0.000000
1228,-51.376421,280.571224,0.000000
1229,-51.361520,280.401840,0.000000
1230,-51.346623,280.232608,0.000000
1231,-51.331729,280.063529,0.000000
1232,-51.316834,279.894602,0.000000
1233,-51.301939,279.725827,0.000000
1234,-51.287040,279.557205,0.000000
1235,-51.272138,279.388735,0.000000
1236,-51.257230,279.220417,0.000000
1237,-51.242315,279.052251,0.000000
1238,-51.227392,278.884236,0.000000
1239,-51.212459,278.716374,0.000000
1240,-51.197514,278.548663,0.000000
1241,-51.182556,278.381104,0.000000
1242,-51.167585,278.213697,0.000000
1243,-51.152598,278.046441,0.000000
1244,-51.137594,277.879336,0.000000
1245,-51.122573,277.712383,0.000000
1246,-51.107532,277.545582,0.000000
1247,-51.092470,277.378931,0.000000
1248,-51.077386,277.212432,0.000000
1249,-51.062279,277.046084,0.000000
1250,-51.047148,276.879887,0.000000
1251,-51.031990,276.713842,0.000000
1252,-51.016806,276.547947,0.000000
1253,-51.001593,276.382204,0.000000
1254,-50.986351,276.216612,0.000000
1255,-50.971079,276.051171,0.000000
1256,-50.955774,275.885880,0.000000
1257,-50.940436,275.720741,0.000000
1258,-50.925064,275.555753,0.000000
1259,-50.909656,275.390916,0.000000
1260,-50.894212,275.226229,0.000000
1261,-50.878730,275.061694,0.000000
1262,-50.863208,274.897310,0.000000
1263,-50.847646,274.733076,0.000000
1264,-50.832042,274.568994,0.000000
1265,-50.816396,274.405063,0.000000
1266,-50.800706,274.241282,0.000000
1267,-50.784970,274.077653,0.000000
1268,-50.769188,273.914175,0.000000
1269,-50.753359,273.750848,0.000000
1270,-50.737480,273.587672,0.000000
1271,-50.721552,273.424647,0.000000
1272,-50.705572,273.261773,0.000000
1273,-50.689540,273.099050,0.000000
1274,-50.673454,272.936479,0.000000
1275,-50.657313,272.774059,0.000000
1276,-50.641116,272.611790,0.000000
1277,-50.624861,272.449672,0.000000
1278,-50.608548,272.287706,0.000000
1279,-50.592174,272.125892,0.000000
1280,-50.575739,271.964229,0.000000
1281,-50.559241,271.802718,0.000000
1282,-50.542679,271.641358,0.000000
1283,-50.526052,271.480150,0.000000
1284,-50.509358,271.319094,0.000000
1285,-50.492596,271.158190,0.000000
1286,-50.475765,270.997437,0.000000
1287,-50.458862,270.836837,0.000000
1288,-50.441887,270.676389,0.000000
1289,-50.424839,270.516093,0.000000
1290,-50.407715,270.355949,0.000000
1291,-50.390514,270.195958,0.000000
1292,-50.373236,270.036120,0.000000
1293,-50.355877,269.876434,0.000000
1294,-50.338437,269.716901,0.000000
1295,-50.320914,269.557520,0.000000
1296,-50.303306,269.398293,0.000000
1297,-50.285612,269.239219,0.000000
1298,-50.267830,269.080298,0.000000
1299,-50.249959,268.921530,0.000000
1300,-50.231996,268.762916,0.000000
1301,-50.213940,268.604455,0.000000
1302,-50.195789,268.446149,0.000000
1303,-50.177541,268.287996,0.000000
1304,-50.159194,268.129997,0.000000
1305,-50.140746,267.972153,0.000000
1306,-50.122196,267.814463,0.000000
1307,-50.103541,267.656927,0.000000
1308,-50.084778,267.499547,0.000000
1309,-50.065907,267.342321,0.000000
1310,-50.046925,267.185250,0.000000
1311,-50.027829,267.028335,0.000000
1312,-50.008618,266.871575,0.000000
1313,-49.989288,266.714972,0.000000
1314,-49.969837,266.558524,0.000000
1315,-49.950264,266.402232,0.000000
1316,-49.930565,266.246096,0.000000
1317,-49.910737,266.090117,0.000000
1318,-49.890779,265.934296,0.000000
1319,-49.870686,265.778631,0.000000
1320,-49.850457,265.623123,0.000000
1321,-49.830088,265.467773,0.000000
1322,-49.809576,265.312581,0.000000
1323,-49.788919,265.157547,0.000000
1324,-49.768112,265.002672,0.000000
1325,-49.747153,264.847955,0.000000
1326,-49.726038,264.693398,0.000000
1327,-49.704763,264.538999,0.000000
1328,-49.683325,264.384761,0.000000
1329,-49.661720,264.230682,0.000000
1330,-49.639943,264.076764,0.000000
1331,-49.617992,263.923006,0.000000
1332,-49.595861,263.769410,0.000000
1333,-49.573546,263.615975,0.000000
1334,-49.551043,263.462701,0.000000
1335,-49.528346,263.309590,0.000000
1336,-49.505452,263.156642,0.000000
1337,-49.482355,263.003856,0.000000
1338,-49.459049,262.851234,0.000000
1339,-49.435529,262.698776,0.000000
1340,-49.411789,262.546482,0.000000
1341,-49.387825,262.394353,0.000000
1342,-49.363628,262.242389,0.000000
1343,-49.339193,262.090591,0.000000
1344,-49.314513,261.938960,0.000000
1345,-49.289582,261.787495,0.000000
1346,-49.264391,261.636198,0.000000
1347,-49.238933,261.485069,0.000000
1348,-49.213201,261.334109,0.000000
1349,-49.187186,261.183317,0.000000
1350,-49.160879,261.032696,0.000000
1351,-49.134271,260.882245,0.000000
1352,-49.107353,260.731966,0.000000
1353,-49.080114,260.581858,0.000000
1354,-49.052545,260.431924,0.000000
1355,-49.024634,260.282162,0.000000
1356,-48.996370,260.132575,0.000000
1357,-48.967740,259.983163,0.000000
1358,-48.938733,259.833927,0.000000
1359,-48.909333,259.684868,0.000000
1360,-48.879529,259.535987,0.000000
1361,-48.849304,259.387284,0.000000
1362,-48.818642,259.238761,0.000000
1363,-48.787528,259.090419,0.000000
1364,-48.755944,258.942259,0.000000
1365,-48.723871,258.794281,0.000000
1366,-48.691290,258.646488,0.000000
1367,-48.658180,258.498881,0.000000
1368,-48.624518,258.351460,0.000000
1369,-48.590282,258.204227,0.000000
1370,-48.555446,258.057183,0.000000
1371,-48.519984,257.910331,0.000000
1372,-48.483868,257.763671,0.000000
1373,-48.447068,257.617205,0.000000
1374,-48.409550,257.470934,0.000000
1375,-48.371281,257.324862,0.000000
1376,-48.332224,257.178988,0.000000
1377,-48.292339,257.033317,0.000000
1378,-48.251582,256.887848,0.000000
1379,-48.209910,256.742586,0.000000
1380,-48.167270,256.597531,0.000000
1381,-48.123611,256.452686,0.000000
1382,-48.078875,256.308055,0.000000
1383,-48.032997,256.163639,0.000000
1384,-47.985911,256.019442,0.000000
1385,-47.938006,255.875467,0.000000
1386,-47.888815,255.731716,0.000000
1387,-47.838262,255.588191,0.000000
1388,-47.786263,255.444897,0.000000
1389,-47.732725,255.301837,0.000000
1390,-47.677549,255.159015,0.000000
1391,-47.620624,255.016436,0.000000
1392,-47.561829,254.874103,0.000000
1393,-47.501031,254.732023,0.000000
1394,-47.438080,254.590198,0.000000
1395,-47.372812,254.448637,0.000000
1396,-47.305043,254.307344,0.000000
1397,-47.234564,254.166325,0.000000
1398,-47.161143,254.025589,0.000000
1399,-47.084513,253.885142,0.000000
1400,-47.004372,253.744994,0.000000
1401,-46.920372,253.605152,0.000000
1402,-46.832114,253.465628,0.000000
1403,-46.739131,253.326432,0.000000
1404,-46.640876,253.187577,0.000000
1405,-46.536703,253.049076,0.000000
1406,-46.425844,252.910945,0.000000
1407,-46.307369,252.773203,0.000000
1408,-46.180147,252.635868,0.000000
1409,-46.042783,252.498963,0.000000
1410,-45.893528,252.362517,0.000000
1411,-45.731781,252.226559,0.000000
1412,-45.554007,252.091123,0.000000
1413,-45.356884,251.956252,0.000000
1414,-45.135977,251.821996,0.000000
1415,-44.885156,251.688419,0.000000
1416,-44.595600,251.555600,0.000000
1417,-44.253963,251.423641,0.000000
1418,-43.838750,251.292682,0.000000
1419,-43.317532,251.162916,0.000000
1420,-42.624354,251.034628,0.000000
1421,-41.616052,250.908273,0.000000
1422,-39.896596,250.784692,0.000000
1423,-35.704518,250.665778,0.000000
1424,-0.698164,250.558122,0.000000
1425,0.000000,250.543888,1.000000
1426,-58.000000,370.531525,0.000000
1427,-57.976825,370.284504,0.000000
1428,-57.953621,370.037710,0.000000
1429,-57.930548,369.791142,0.000000
1430,-57.907606,369.544800,0.000000
1431,-57.884793,369.298683,0.000000
1432,-57.862105,369.052792,0.000000
1433,-57.839542,368.807124,0.000000
1434,-57.817102,368.561681,0.000000
1435,-57.794782,368.316461,0.000000
1436,-57.772582,368.071464,0.000000
1437,-57.750499,367.826690,0.000000
1438,-57.728532,367.582137,0.000000
1439,-57.706679,367.337807,0.000000
1440,-57.684938,367.093697,0.000000
1441,-57.663309,366.849808,0.000000
1442,-57.641789,366.606140,0.000000
1443,-57.620376,366.362691,0.000000
1444,-57.599070,366.119462,0.000000
1445,-57.577869,365.876451,0.000000
1446,-57.556771,365.633659,0.000000
1447,-57.535775,365.391086,0.000000
1448,-57.514880,365.148730,0.000000
1449,-57.494084,364.906591,0.000000
1450,-57.473385,364.664669,0.000000
1451,-57.452783,364.422964,0.000000
1452,-57.432276,364.181475,0.000000
1453,-57.411863,363.940201,0.000000
1454,-57.391542,363.699143,0.000000
1455,-57.371313,363.458299,0.000000
1456,-57.351173,363.217670,0.000000
1457,-57.331123,362.977256,0.000000
1458,-57.311160,362.737055,0.000000
1459,-57.291284,362.497067,0.000000
1460,-57.271492,362.257292,0.000000
1461,-57.251785,362.017730,0.000000
1462,-57.232162,361.778380,0.000000
1463,-57.212620,361.539242,0.000000
1464,-57.193158,361.300316,0.000000
1465,-57.173777,361.061601,0.000000
1466,-57.154474,360.823097,0.000000
1467,-57.135249,360.584803,0.000000
1468,-57.116101,360.346719,0.000000
1469,-57.097028,360.108845,0.000000
1470,-57.078031,359.871181,0.000000
1471,-57.059106,359.633725,0.000000
1472,-57.040255,359.396479,0.000000
1473,-57.021475,359.159440,0.000000
1474,-57.002767,358.922610,0.000000
1475,-56.984128,358.685988,0.000000
1476,-56.965558,358.449573,0.000000
1477,-56.947057,358.213365,0.000000
1478,-56.928623,357.977364,0.000000
1479,-56.910255,357.741570,0.000000
1480,-56.891953,357.505982,0.000000
1481,-56.873716,357.270599,0.000000
1482,-56.855543,357.035422,0.000000
1483,-56.837433,356.800451,0.000000
1484,-56.819386,356.565684,0.000000
1485,-56.801400,356.331122,0.000000
1486,-56.783474,356.096764,0.000000
1487,-56.765609,355.862611,0.000000
1488,-56.747803,355.628661,0.000000
1489,-56.730056,355.394914,0.000000
1490,-56.712367,355.161371,0.000000
1491,-56.694735,354.928031,0.000000
1492,-56.677159,354.694893,0.000000
1493,-56.659639,354.461957,0.000000
1494,-56.642174,354.229224,0.000000
1495,-56.624763,353.996692,0.000000
1496,-56.607406,353.764362,0.000000
1497,-56.590102,353.532232,0.000000
1498,-56.572851,353.300304,0.000000
1499,-56.555651,353.068576,0.000000
1500,-56.538503,352.837049,0.000000
1501,-56.521405,352.605722,0.000000
1502,-56.504357,352.374594,0.000000
1503,-56.487358,352.143666,0.000000
1504,-56.470408,351.912938,0.000000
1505,-56.453506,351.682408,0.000000
1506,-56.436652,351.452077,0.000000
1507,-56.419845,351.221945,0.000000
1508,-56.403084,350.992011,0.000000
1509,-56.386369,350.762275,0.000000
1510,-56.369699,350.532737,0.000000
1511,-56.353074,350.303396,0.000000
1512,-56.336494,350.074252,0.000000
1513,-56.319957,349.845305,0.000000
1514,-56.303463,349.616555,0.000000
1515,-56.287012,349.388002,0.000000
1516,-56.270604,349.159645,0.000000
1517,-56.254237,348.931483,0.000000
1518,-56.237911,348.703518,0.000000
1519,-56.221626,348.475748,0.000000
1520,-56.205382,348.248173,0.000000
1521,-56.189177,348.020793,0.000000
1522,-56.173012,347.793609,0.000000
1523,-56.156885,347.566618,0.000000
1524,-56.140797,347.339822,0.000000
1525,-56.124747,347.113220,0.000000
1526,-56.108735,346.886812,0.000000
1527,-56.092759,346.660598,0.000000
1528,-56.076821,346.434577,0.000000
1529,-56.060918,346.208749,0.000000
1530,-56.045052,345.983114,0.000000
1531,-56.029221,345.757672,0.000000
1532,-56.013425,345.532423,0.000000
1533,-55.997664,345.307365,0.000000
1534,-55.981502,345.082500,0.000000
1535,-55.965393,344.857828,0.000000
1536,-55.949335,344.633349,0.000000
1537,-55.933328,344.409062,0.000000
1538,-55.917371,344.184967,0.000000
1539,-55.901462,343.961064,0.000000
1540,-55.885601,343.737353,0.000000
1541,-55.869787,343.513833,0.000000
1542,-55.854019,343.290505,0.000000
1543,-55.838297,343.067367,0.000000
1544,-55.822619,342.844420,0.000000
1545,-55.806985,342.621664,0.000000
1546,-55.791393,342.399097,0.000000
1547,-55.775844,342.176721,0.000000
1548,-55.760337,341.954534,0.000000
1549,-55.744870,341.732537,0.000000
1550,-55.729443,341.510729,0.000000
1551,-55.714055,341.289110,0.000000
1552,-55.698706,341.067680,0.000000
1553,-55.683395,340.846439,0.000000
1554,-55.668121,340.625386,0.000000
1555,-55.652883,340.404520,0.000000
1556,-55.637682,340.183843,0.000000
1557,-55.622516,339.963354,0.000000
1558,-55.607385,339.743051,0.000000
1559,-55.592288,339.522936,0.000000
1560,-55.577225,339.303009,0.000000
1561,-55.562195,339.083267,0.000000
1562,-55.547197,338.863713,0.000000
1563,-55.532231,338.644345,0.000000
1564,-55.517297,338.425163,0.000000
1565,-55.502393,338.206166,0.000000
1566,-55.487520,337.987356,0.000000
1567,-55.472676,337.768731,0.000000
1568,-55.457862,337.550292,0.000000
1569,-55.443077,337.332037,0.000000
1570,-55.428320,337.113968,0.000000
1571,-55.413591,336.896083,0.000000
1572,-55.398890,336.678383,0.000000
1573,-55.384215,336.460867,0.000000
1574,-55.369567,336.243535,0.000000
1575,-55.354945,336.026388,0.000000
1576,-55.340349,335.809424,0.000000
1577,-55.325778,335.592643,0.000000
1578,-55.311233,335.376046,0.000000
1579,-55.296711,335.159632,0.000000
1580,-55.282214,334.943401,0.000000
1581,-55.267740,334.727353,0.000000
1582,-55.253290,334.511488,0.000000
1583,-55.238862,334.295805,0.000000
1584,-55.224457,334.080304,0.000000
1585,-55.210075,333.864986,0.000000
1586,-55.195714,333.649849,0.000000
1587,-55.181375,333.434894,0.000000
1588,-55.167057,333.220120,0.000000
1589,-55.152760,333.005528,0.000000
1590,-55.138483,332.791117,0.000000
1591,-55.124227,332.576887,0.000000
1592,-55.109991,332.362838,0.000000
1593,-55.095774,332.148970,0.000000
1594,-55.081576,331.935282,0.000000
1595,-55.067398,331.721774,0.000000
1596,-55.053238,331.508447,0.000000
1597,-55.039096,331.295300,0.000000
1598,-55.024973,331.082332,0.000000
1599,-55.010868,330.869544,0.000000
1600,-54.996780,330.656935,0.000000
1601,-54.982710,330.444506,0.000000
1602,-54.968656,330.232256,0.000000
1603,-54.954620,330.020185,0.000000
1604,-54.940600,329.808292,0.000000
1605,-54.926596,329.596579,0.000000
1606,-54.912609,329.385044,0.000000
1607,-54.898637,329.173687,0.000000
1608,-54.884681,328.962508,0.000000
1609,-54.870740,328.751507,0.000000
1610,-54.856814,328.540684,0.000000
1611,-54.842903,328.330039,0.000000
1612,-54.829007,328.119572,0.000000
1613,-54.815126,327.909281,0.000000
1614,-54.801259,327.699168,0.000000
1615,-54.787405,327.489232,0.000000
1616,-54.773566,327.279473,0.000000
1617,-54.759740,327.069891,0.000000
1618,-54.745928,326.860485,0.000000
1619,-54.732129,326.651256,0.000000
1620,-54.718343,326.442202,0.000000
1621,-54.704570,326.233326,0.000000
1622,-54.690809,326.024625,0.000000
1623,-54.677061,325.816099,0.000000
1624,-54.663326,325.607750,0.000000
1625,-54.649602,325.399576,0.000000
1626,-54.635891,325.191578,0.000000
1627,-54.622191,324.983754,0.000000
1628,-54.608503,324.776106,0.000000
1629,-54.594827,324.568633,0.000000
1630,-54.581161,324.361334,0.000000
1631,-54.567507,324.154210,0.000000
1632,-54.553864,323.947261,0.000000
1633,-54.540231,323.740486,0.000000
1634,-54.526610,323.533885,0.000000
1635,-54.512998,323.327458,0.000000
1636,-54.499397,323.121205,0.000000
1637,-54.485807,322.915126,0.000000
1638,-54.472226,322.709221,0.000000
1639,-54.458655,322.503489,0.000000
1640,-54.445094,322.297930,0.000000
1641,-54.431543,322.092545,0.000000
1642,-54.418001,321.887333,0.000000
1643,-54.404468,321.682293,0.000000
1644,-54.390945,321.477426,0.000000
1645,-54.377431,321.272732,0.000000
1646,-54.363925,321.068211,0.000000
1647,-54.350429,320.863862,0.000000
1648,-54.336941,320.659685,0.000000
1649,-54.323462,320.455680,0.000000
1650,-54.309991,320.251847,0.000000
1651,-54.296528,320.048186,0.000000
1652,-54.283073,319.844696,0.000000
1653,-54.269627,319.641379,0.000000
1654,-54.256188,319.438232,0.000000
1655,-54.242758,319.235257,0.000000
1656,-54.229335,319.032453,0.000000
1657,-54.215919,318.829820,0.000000
1658,-54.202511,318.627358,0.000000
1659,-54.189110,318.425066,0.000000
1660,-54.175717,318.222945,0.000000
1661,-54.162330,318.020995,0.000000
1662,-54.148951,317.819215,0.000000
1663,-54.135578,317.617605,0.000000
1664,-54.122212,317.416165,0.000000
1665,-54.108853,317.214895,0.000000
1666,-54.095500,317.013795,0.000000
1667,-54.082154,316.812864,0.000000
1668,-54.068814,316.612104,0.000000
1669,-54.055481,316.411512,0.000000
1670,-54.042153,316.211090,0.000000
1671,-54.028831,316.010837,0.000000
1672,-54.015516,315.810753,0.000000
1673,-54.002206,315.610838,0.000000
1674,-53.988901,315.411091,0.000000
1675,-53.974440,315.211514,0.000000
1676,-53.960029,315.012108,0.000000
1677,-53.945667,314.812873,0.000000
1678,-53.931352,314.613809,0.000000
1679,-53.917084,314.414917,0.000000
1680,-53.902860,314.216195,0.000000
1681,-53.888680,314.017643,0.000000
1682,-53.874543,313.819262,0.000000
1683,-53.860446,313.621050,0.000000
1684,-53.846390,313.423008,0.000000
1685,-53.832373,313.225136,0.000000
1686,-53.818393,313.027433,0.000000
1687,-53.804450,312.829899,0.000000
1688,-53.790543,312.632534,0.000000
1689,-53.776671,312.435338,0.000000
1690,-53.762832,312.238310,0.000000
1691,-53.749025,312.041450,0.000000
1692,-53.735250,311.844759,0.000000
1693,-53.721506,311.648235,0.000000
1694,-53.707792,311.451879,0.000000
1695,-53.694107,311.255690,0.000000
1696,-53.680450,311.059669,0.000000
1697,-53.666819,310.863815,0.000000
1698,-53.653215,310.668127,0.000000
1699,-53.639637,310.472607,0.000000
1700,-53.626083,310.277253,0.000000
1701,-53.612554,310.082065,0.000000
1702,-53.599047,309.887044,0.000000
1703,-53.585563,309.692188,0.000000
1704,-53.572100,309.497499,0.000000
1705,-53.558658,309.302975,0.000000
1706,-53.545237,309.108617,0.000000
1707,-53.531835,308.914424,0.000000
1708,-53.518452,308.720396,0.000000
1709,-53.505087,308.526533,0.000000
1710,-53.491740,308.332836,0.000000
1711,-53.478410,308.139303,0.000000
1712,-53.465096,307.945934,0.000000
1713,-53.451797,307.752730,0.000000
1714,-53.438514,307.559690,0.000000
1715,-53.425246,307.366814,0.000000
1716,-53.411991,307.174103,0.000000
1717,-53.398751,306.981555,0.000000
1718,-53.385522,306.789170,0.000000
1719,-53.372307,306.596950,0.000000
1720,-53.359103,306.404892,0.000000
1721,-53.345911,306.212998,0.000000
1722,-53.332729,306.021267,0.000000
1723,-53.319558,305.829699,0.000000
1724,-53.306397,305.638294,0.000000
1725,-53.293245,305.447052,0.000000
1726,-53.280102,305.255972,0.000000
1727,-53.266967,305.065054,0.000000
1728,-53.253841,304.874299,0.000000
1729,-53.240723,304.683706,0.000000
1730,-53.227611,304.493275,0.000000
1731,-53.214507,304.303006,0.000000
1732,-53.201408,304.112899,0.000000
1733,-53.188316,303.922953,0.000000
1734,-53.175230,303.733169,0.000000
1735,-53.162148,303.543546,0.000000
1736,-53.149072,303.354085,0.000000
1737,-53.136000,303.164785,0.000000
1738,-53.122932,302.975646,0.000000
1739,-53.109868,302.786668,0.000000
1740,-53.096807,302.597850,0.000000
1741,-53.083750,302.409194,0.000000
1742,-53.070695,302.220698,0.000000
1743,-53.057642,302.032362,0.000000
1744,-53.044592,301.844187,0.000000
1745,-53.031543,301.656172,0.000000
1746,-53.018496,301.468317,0.000000
1747,-53.005450,301.280623,0.000000
1748,-52.992404,301.093088,0.000000
1749,-52.979359,300.905713,0.000000
1750,-52.966315,300.718497,0.000000
1751,-52.953270,300.531442,0.000000
1752,-52.940225,300.344545,0.000000
1753,-52.927179,300.157809,0.000000
1754,-52.914133,299.971231,0.000000
1755,-52.901085,299.784813,0.000000
1756,-52.888036,299.598553,0.000000
1757,-52.874985,299.412453,0.000000
1758,-52.861932,299.226511,0.000000
1759,-52.848877,299.040729,0.000000
1760,-52.835819,298.855105,0.000000
1761,-52.822759,298.669639,0.000000
1762,-52.809696,298.484332,0.000000
1763,-52.796629,298.299183,0.000000
1764,-52.783559,298.114193,0.000000
1765,-52.770485,297.929361,0.000000
1766,-52.757407,297.744687,0.000000
1767,-52.744326,297.560171,0.000000
1768,-52.731239,297.375812,0.000000
1769,-52.718148,297.191612,0.000000
1770,-52.705053,297.007569,0.000000
1771,-52.691952,296.823684,0.000000
1772,-52.678846,296.639957,0.000000
1773,-52.665734,296.456387,0.000000
1774,-52.652617,296.272974,0.000000
1775,-52.639493,296.089718,0.000000
1776,-52.626364,295.906620,0.000000
1777,-52.613228,295.723679,0.000000
1778,-52.600086,295.540894,0.000000
1779,-52.586937,295.358267,0.000000
1780,-52.573781,295.175796,0.000000
1781,-52.560618,294.993483,0.000000
1782,-52.547447,294.811325,0.000000
1783,-52.534269,294.629325,0.000000
1784,-52.521083,294.447481,0.000000
1785,-52.507889,294.265793,0.000000
1786,-52.494687,294.084261,0.000000
1787,-52.481477,293.902886,0.000000
1788,-52.468258,293.721667,0.000000
1789,-52.455030,293.540604,0.000000
1790,-52.441793,293.359697,0.000000
1791,-52.428548,293.178946,0.000000
1792,-52.415293,292.998350,0.000000
1793,-52.402028,292.817911,0.000000
1794,-52.388754,292.637627,0.000000
1795,-52.375470,292.457499,0.000000
1796,-52.362175,292.277526,0.000000
1797,-52.348871,292.097708,0.000000
1798,-52.335556,291.918046,0.000000
1799,-52.322230,291.738540,0.000000
1800,-52.308894,291.559188,0.000000
1801,-52.295546,291.379992,0.000000
1802,-52.282187,291.200950,0.000000
1803,-52.268817,291.022064,0.000000
1804,-52.255435,290.843332,0.000000
1805,-52.242042,290.664756,0.000000
1806,-52.228636,290.486334,0.000000
1807,-52.215219,290.308067,0.000000
1808,-52.201788,290.129954,0.000000
1809,-52.188346,289.951996,0.000000
1810,-52.174890,289.774193,0.000000
1811,-52.161422,289.596544,0.000000
1812,-52.147940,289.419049,0.000000
1813,-52.134445,289.241709,0.000000
1814,-52.120937,289.064522,0.000000
1815,-52.107414,288.887490,0.000000
1816,-52.093878,288.710612,0.000000
1817,-52.080327,288.533888,0.000000
1818,-52.066763,288.357318,0.000000
1819,-52.053183,288.180902,0.000000
1820,-52.039589,288.004640,0.000000
1821,-52.025980,287.828531,0.000000
1822,-52.012355,287.652576,0.000000
1823,-51.998715,287.476775,0.000000
1824,-51.981841,287.301127,0.000000
1825,-51.965079,287.125642,0.000000
1826,-51.948423,286.950318,0.000000
1827,-51.931870,286.775155,0.000000
1828,-51.915414,286.600154,0.000000
1829,-51.899054,286.425313,0.000000
1830,-51.882783,286.250632,0.000000
1831,-51.866599,286.076111,0.000000
1832,-51.850497,285.901749,0.000000
1833,-51.834475,285.727547,0.000000
1834,-51.818528,285.553503,0.000000
1835,-51.802654,285.379618,0.000000
1836,-51.786848,285.205891,0.000000
1837,-51.771109,285.032323,0.000000
1838,-51.755432,284.858912,0.000000
1839,-51.739815,284.685658,0.000000
1840,-51.724255,284.512561,0.000000
1841,-51.708749,284.339622,0.000000
1842,-51.693294,284.166839,0.000000
1843,-51.677888,283.994212,0.000000
1844,-51.662528,283.821742,0.000000
1845,-51.647211,283.649427,0.000000
1846,-51.631936,283.477269,0.000000
1847,-51.616699,283.305265,0.000000
1848,-51.601499,283.133417,0.000000
1849,-51.586332,282.961725,0.000000
1850,-51.571197,282.790187,0.000000
1851,-51.556092,282.618803,0.000000
1852,-51.541014,282.447575,0.000000
1853,-51.525962,282.276500,0.000000
1854,-51.510933,282.105580,0.000000
1855,-51.495925,281.934814,0.000000
1856,-51.480937,281.764202,0.000000
1857,-51.465967,281.593743,0.000000
1858,-51.451012,281.423438,0.000000
1859,-51.436071,281.253287,0.000000
1860,-51.421141,281.083289,0.000000
1861,-51.406223,280.913443,0.000000
1862,-51.391312,280.743751,0.000000
1863,-51.376409,280.574212,0.000000
1864,-51.361511,280.404826,0.000000
1865,-51.346617,280.235592,0.000000
1866,-51.331724,280.066510,0.000000
1867,-51.316832,279.897582,0.000000
1868,-51.301939,279.728805,0.000000
1869,-51.287043,279.560181,0.000000
1870,-51.272143,279.391709,0.000000
1871,-51.257237,279.223389,0.000000
1872,-51.242325,279.055220,0.000000
1873,-51.227403,278.887204,0.000000
1874,-51.212472,278.719340,0.000000
1875,-51.197530,278.551627,0.000000
1876,-51.182574,278.384066,0.000000
1877,-51.167605,278.216656,0.000000
1878,-51.152620,278.049398,0.000000
1879,-51.137619,277.882292,0.000000
1880,-51.122599,277.715337,0.000000
1881,-51.107560,277.548533,0.000000
1882,-51.092500,277.381881,0.000000
1883,-51.077419,277.215380,0.000000
1884,-51.062314,277.049030,0.000000
1885,-51.047184,276.882831,0.000000
1886,-51.032029,276.716783,0.000000
1887,-51.016847,276.550887,0.000000
1888,-51.001636,276.385141,0.000000
1889,-50.986396,276.219547,0.000000
1890,-50.971125,276.054104,0.000000
1891,-50.955823,275.888811,0.000000
1892,-50.940487,275.723670,0.000000
1893,-50.925117,275.558680,0.000000
1894,-50.909711,275.393840,0.000000
1895,-50.894268,275.229152,0.000000
1896,-50.878788,275.064615,0.000000
1897,-50.863268,274.900228,0.000000
1898,-50.847708,274.735993,0.000000
1899,-50.832106,274.571908,0.000000
1900,-50.816462,274.407975,0.000000
1901,-50.800774,274.244192,0.000000
1902,-50.785040,274.080561,0.000000
1903,-50.769260,273.917080,0.000000
1904,-50.753432,273.753751,0.000000
1905,-50.737556,273.590573,0.000000
1906,-50.721629,273.427546,0.000000
1907,-50.705651,273.264670,0.000000
1908,-50.689621,273.101945,0.000000
1909,-50.673537,272.939372,0.000000
1910,-50.657398,272.776949,0.000000
1911,-50.641203,272.614678,0.000000
1912,-50.624950,272.452559,0.000000
1913,-50.608638,272.290591,0.000000
1914,-50.592266,272.128774,0.000000
1915,-50.575833,271.967109,0.000000
1916,-50.559337,271.805595,0.000000
1917,-50.542777,271.644233,0.000000
1918,-50.526152,271.483023,0.000000
1919,-50.509460,271.321965,0.000000
1920,-50.492700,271.161059,0.000000
1921,-50.475870,271.000304,0.000000
1922,-50.458969,270.839702,0.000000
1923,-50.441997,270.679251,0.000000
1924,-50.424950,270.518953,0.000000
1925,-50.407828,270.358808,0.000000
1926,-50.390629,270.198814,0.000000
1927,-50.373352,270.038973,0.000000
1928,-50.355996,269.879285,0.000000
1929,-50.338557,269.719750,0.000000
1930,-50.321036,269.560367,0.000000
1931,-50.303431,269.401138,0.000000
1932,-50.285739,269.242061,0.000000
1933,-50.267959,269.083138,0.000000
1934,-50.250089,268.924368,0.000000
1935,-50.232128,268.765752,0.000000
1936,-50.214074,268.607289,0.000000
1937,-50.195925,268.448980,0.000000
1938,-50.177679,268.290825,0.000000
1939,-50.159334,268.132824,0.000000
1940,-50.140888,267.974977,0.000000
1941,-50.122340,267.817285,0.000000
1942,-50.103687,267.659747,0.000000
1943,-50.084927,267.502364,0.000000
1944,-50.066058,267.345136,0.000000
1945,-50.047078,267.188064,0.000000
1946,-50.027984,267.031146,0.000000
1947,-50.008774,266.874384,0.000000
1948,-49.989447,266.717778,0.000000
1949,-49.969998,266.561328,0.000000
1950,-49.950427,266.405033,0.000000
1951,-49.930730,266.248896,0.000000
1952,-49.910905,266.092915,0.000000
1953,-49.890949,265.937090,0.000000
1954,-49.870858,265.781423,0.000000
1955,-49.850632,265.625913,0.000000
1956,-49.830265,265.470561,0.000000
1957,-49.809756,265.315367,0.000000
1958,-49.789101,265.160331,0.000000
1959,-49.768296,265.005453,0.000000
1960,-49.747340,264.850734,0.000000
1961,-49.726227,264.696174,0.000000
1962,-49.704954,264.541773,0.000000
1963,-49.683519,264.387532,0.000000
1964,-49.661916,264.233451,0.000000
1965,-49.640142,264.079531,0.000000
1966,-49.618194,263.925771,0.000000
1967,-49.596065,263.772172,0.000000
1968,-49.573753,263.618734,0.000000
1969,-49.551253,263.465458,0.000000
1970,-49.528559,263.312345,0.000000
1971,-49.505668,263.159394,0.000000
1972,-49.482573,263.006606,0.000000
1973,-49.459271,262.853981,0.000000
1974,-49.435754,262.701521,0.000000
1975,-49.412018,262.549225,0.000000
1976,-49.388056,262.397093,0.000000
1977,-49.363862,262.245127,0.000000
1978,-49.339431,262.093327,0.000000
1979,-49.314755,261.941693,0.000000
1980,-49.289826,261.790226,0.000000
1981,-49.264639,261.638926,0.000000
1982,-49.239185,261.487794,0.000000
1983,-49.213457,261.336832,0.000000
1984,-49.187445,261.186038,0.000000
1985,-49.161142,261.035414,0.000000
1986,-49.134538,260.884961,0.000000
1987,-49.107624,260.734679,0.000000
1988,-49.080390,260.584569,0.000000
1989,-49.052825,260.434631,0.000000
1990,-49.024918,260.284868,0.000000
1991,-48.996658,260.135278,0.000000
1992,-48.968034,259.985863,0.000000
1993,-48.939031,259.836625,0.000000
1994,-48.909637,259.687563,0.000000
1995,-48.879837,259.538679,0.000000
1996,-48.849617,259.389974,0.000000
1997,-48.818961,259.241448,0.000000
1998,-48.787853,259.093104,0.000000
1999,-48.756275,258.944941,0.000000
