0,-58.000000,0.000000,0.000000
1,-57.691801,0.000000,0.000000
2,-57.387697,0.000822,0.000000
3,-57.087752,0.002454,0.000000
4,-56.791874,0.004885,0.000000
5,-56.499980,0.008104,0.000000
6,-56.211988,0.012098,0.000000
7,-55.927822,0.016858,0.000000
8,-55.647024,0.022373,0.000000
9,-55.370069,0.028632,0.000000
10,-55.096813,0.035626,0.000000
11,-54.827131,0.043345,0.000000
12,-54.560906,0.051777,0.000000
13,-54.298036,0.060913,0.000000
14,-54.038419,0.070744,0.000000
15,-53.781957,0.081261,0.000000
16,-53.527774,0.092455,0.000000
17,-53.276886,0.104320,0.000000
18,-53.029057,0.116845,0.000000
19,-52.784083,0.130023,0.000000
20,-52.541785,0.143845,0.000000
21,-52.301995,0.158305,0.000000
22,-52.064558,0.173394,0.000000
23,-51.829317,0.189106,0.000000
24,-51.593792,0.205435,0.000000
25,-51.361069,0.222381,0.000000
26,-51.130651,0.239937,0.000000
27,-50.902109,0.258095,0.000000
28,-50.675066,0.276851,0.000000
29,-50.449177,0.296199,0.000000
30,-50.224121,0.316137,0.000000
31,-49.999576,0.336662,0.000000
32,-49.775215,0.357772,0.000000
33,-49.550689,0.379467,0.000000
34,-49.325617,0.401745,0.000000
35,-49.099560,0.424609,0.000000
36,-48.872019,0.448060,0.000000
37,-48.642412,0.472103,0.000000
38,-48.410050,0.496742,0.000000
39,-48.174112,0.521984,0.000000
40,-47.933616,0.547838,0.000000
41,-47.687898,0.574317,0.000000
42,-47.435436,0.601433,0.000000
43,-47.174687,0.629204,0.000000
44,-46.903707,0.657652,0.000000
45,-46.620012,0.686803,0.000000
46,-46.320318,0.716692,0.000000
47,-46.000174,0.747360,0.000000
48,-45.653382,0.778862,0.000000
49,-45.273906,0.811267,0.000000
50,-44.849005,0.844662,0.000000
51,-44.360423,0.879168,0.000000
52,-43.776903,0.914954,0.000000
53,-43.044902,0.952272,0.000000
54,-42.048935,0.991518,0.000000
55,-40.479647,1.033393,0.000000
56,-37.178734,1.079425,0.000000
57,-20.326427,1.134229,0.000000
58,0.000000,1.233935,1.000000
59,-58.000000,121.387779,0.000000
60,-57.785176,121.306854,0.000000
61,-57.573100,121.226556,0.000000
62,-57.363875,121.146877,0.000000
63,-57.157444,121.067808,0.000000
64,-56.953751,120.989343,0.000000
65,-56.752747,120.911474,0.000000
66,-56.554382,120.834192,0.000000
67,-56.358609,120.757491,0.000000
68,-56.165381,120.681363,0.000000
69,-55.974653,120.605801,0.000000
70,-55.785965,120.530798,0.000000
71,-55.599822,120.456349,0.000000
72,-55.416144,120.382445,0.000000
73,-55.234860,120.309080,0.000000
74,-55.055902,120.236248,0.000000
75,-54.879209,120.163942,0.000000
76,-54.704723,120.092154,0.000000
77,-54.532390,120.020880,0.000000
78,-54.362158,119.950114,0.000000
79,-54.193977,119.879848,0.000000
80,-54.027797,119.810077,0.000000
81,-53.863570,119.740796,0.000000
82,-53.700331,119.672000,0.000000
83,-53.539219,119.603684,0.000000
84,-53.380119,119.535844,0.000000
85,-53.222927,119.468473,0.000000
86,-53.067549,119.401566,0.000000
87,-52.913901,119.335119,0.000000
88,-52.761905,119.269125,0.000000
89,-52.611486,119.203580,0.000000
90,-52.462576,119.138481,0.000000
91,-52.315109,119.073822,0.000000
92,-52.169020,119.009599,0.000000
93,-52.024247,118.945808,0.000000
94,-51.880728,118.882446,0.000000
95,-51.735824,118.819510,0.000000
96,-51.592721,118.757001,0.000000
97,-51.451204,118.694916,0.000000
98,-51.311083,118.633249,0.000000
99,-51.172187,118.571998,0.000000
100,-51.034361,118.511157,0.000000
101,-50.897465,118.450725,0.000000
102,-50.761366,118.390698,0.000000
103,-50.625939,118.331074,0.000000
104,-50.491066,118.271851,0.000000
105,-50.356634,118.213027,0.000000
106,-50.222527,118.154600,0.000000
107,-50.088629,118.096570,0.000000
108,-49.954829,118.038936,0.000000
109,-49.821001,117.981698,0.000000
110,-49.687023,117.924854,0.000000
111,-49.552760,117.868405,0.000000
112,-49.418071,117.812352,0.000000
113,-49.282796,117.756696,0.000000
114,-49.146767,117.701437,0.000000
115,-49.009798,117.646578,0.000000
116,-48.871681,117.592121,0.000000
117,-48.732181,117.538069,0.000000
118,-48.591040,117.484424,0.000000
119,-48.447964,117.431192,0.000000
120,-48.302622,117.378377,0.000000
121,-48.154632,117.325984,0.000000
122,-48.003561,117.274021,0.000000
123,-47.848905,117.222496,0.000000
124,-47.690744,117.171417,0.000000
125,-47.528063,117.120794,0.000000
126,-47.360161,117.070639,0.000000
127,-47.186226,117.020964,0.000000
128,-47.005268,116.971787,0.000000
129,-46.816091,116.923125,0.000000
130,-46.617192,116.875000,0.000000
131,-46.406698,116.827438,0.000000
132,-46.182181,116.780468,0.000000
133,-45.940463,116.734129,0.000000
134,-45.678705,116.688465,0.000000
135,-45.391086,116.643530,0.000000
136,-45.070352,116.599391,0.000000
137,-44.705889,116.556137,0.000000
138,-44.281176,116.513884,0.000000
139,-43.768538,116.472792,0.000000
140,-43.122964,116.433094,0.000000
141,-42.249006,116.395144,0.000000
142,-40.910091,116.359550,0.000000
143,-38.322662,116.327550,0.000000
144,-28.848833,116.302471,0.000000
145,0.000000,116.302672,1.000000
146,-58.000000,236.379804,0.000000
147,-57.873631,236.222218,0.000000
148,-57.748731,236.065073,0.000000
149,-57.625433,235.908367,0.000000
150,-57.503708,235.752093,0.000000
151,-57.383529,235.596249,0.000000
152,-57.264868,235.440829,0.000000
153,-57.147699,235.285828,0.000000
154,-57.031999,235.131244,0.000000
155,-56.917742,234.977071,0.000000
156,-56.804905,234.823306,0.000000
157,-56.693465,234.669944,0.000000
158,-56.583400,234.516982,0.000000
159,-56.474688,234.364415,0.000000
160,-56.367307,234.212239,0.000000
161,-56.261236,234.060452,0.000000
162,-56.156456,233.909048,0.000000
163,-56.052944,233.758025,0.000000
164,-55.950682,233.607379,0.000000
165,-55.849252,233.457105,0.000000
166,-55.749107,233.307203,0.000000
167,-55.650218,233.157667,0.000000
168,-55.552555,233.008495,0.000000
169,-55.456090,232.859682,0.000000
170,-55.360797,232.711226,0.000000
171,-55.266650,232.563124,0.000000
172,-55.173626,232.415371,0.000000
173,-55.081701,232.267964,0.000000
174,-54.990854,232.120901,0.000000
175,-54.901062,231.974178,0.000000
176,-54.812306,231.827793,0.000000
177,-54.724565,231.681741,0.000000
178,-54.637821,231.536021,0.000000
179,-54.552054,231.390630,0.000000
180,-54.467246,231.245564,0.000000
181,-54.383380,231.100821,0.000000
182,-54.300438,230.956398,0.000000
183,-54.218404,230.812293,0.000000
184,-54.137259,230.668503,0.000000
185,-54.056989,230.525024,0.000000
186,-53.977576,230.381856,0.000000
187,-53.897867,230.238994,0.000000
188,-53.819157,230.096441,0.000000
189,-53.741410,229.954192,0.000000
190,-53.664592,229.812246,0.000000
191,-53.588668,229.670599,0.000000
192,-53.513610,229.529249,0.000000
193,-53.439389,229.388193,0.000000
194,-53.365977,229.247429,0.000000
195,-53.293349,229.106955,0.000000
196,-53.221481,228.966768,0.000000
197,-53.150350,228.826866,0.000000
198,-53.079934,228.687248,0.000000
199,-53.010213,228.547910,0.000000
200,-52.941165,228.408851,0.000000
201,-52.872774,228.270068,0.000000
202,-52.805020,228.131561,0.000000
203,-52.737885,227.993327,0.000000
204,-52.671352,227.855363,0.000000
205,-52.605406,227.717670,0.000000
206,-52.540031,227.580244,0.000000
207,-52.475210,227.443083,0.000000
208,-52.410929,227.306188,0.000000
209,-52.347174,227.169554,0.000000
210,-52.283930,227.033182,0.000000
211,-52.221183,226.897070,0.000000
212,-52.158919,226.761215,0.000000
213,-52.097125,226.625617,0.000000
214,-52.035786,226.490275,0.000000
215,-51.974891,226.355186,0.000000
216,-51.911345,226.220349,0.000000
217,-51.848592,226.085772,0.000000
218,-51.786580,225.951452,0.000000
219,-51.725262,225.817387,0.000000
220,-51.664593,225.683575,0.000000
221,-51.604528,225.550014,0.000000
222,-51.545030,225.416702,0.000000
223,-51.486064,225.283637,0.000000
224,-51.427593,225.150819,0.000000
225,-51.369586,225.018245,0.000000
226,-51.312012,224.885914,0.000000
227,-51.254841,224.753825,0.000000
228,-51.198047,224.621976,0.000000
229,-51.141601,224.490366,0.000000
230,-51.085479,224.358995,0.000000
231,-51.029657,224.227861,0.000000
232,-50.974112,224.096964,0.000000
233,-50.918823,223.966302,0.000000
234,-50.863765,223.835874,0.000000
235,-50.808920,223.705680,0.000000
236,-50.754267,223.575719,0.000000
237,-50.699786,223.445991,0.000000
238,-50.645458,223.316494,0.000000
239,-50.591263,223.187229,0.000000
240,-50.537183,223.058194,0.000000
241,-50.483200,222.929389,0.000000
242,-50.429298,222.800815,0.000000
243,-50.375455,222.672469,0.000000
244,-50.321655,222.544353,0.000000
245,-50.267879,222.416466,0.000000
246,-50.214110,222.288807,0.000000
247,-50.160328,222.161377,0.000000
248,-50.106516,222.034176,0.000000
249,-50.052656,221.907202,0.000000
250,-49.998727,221.780457,0.000000
251,-49.944708,221.653940,0.000000
252,-49.890580,221.527652,0.000000
253,-49.836324,221.401592,0.000000
254,-49.781919,221.275761,0.000000
255,-49.727339,221.150158,0.000000
256,-49.672569,221.024785,0.000000
257,-49.617580,220.899642,0.000000
258,-49.562348,220.774729,0.000000
259,-49.506849,220.650046,0.000000
260,-49.451057,220.525595,0.000000
261,-49.394940,220.401375,0.000000
262,-49.338472,220.277388,0.000000
263,-49.281619,220.153633,0.000000
264,-49.224351,220.030113,0.000000
265,-49.166633,219.906828,0.000000
266,-49.108427,219.783780,0.000000
267,-49.049695,219.660968,0.000000
268,-48.990392,219.538395,0.000000
269,-48.930479,219.416062,0.000000
270,-48.869903,219.293970,0.000000
271,-48.808616,219.172121,0.000000
272,-48.746564,219.050516,0.000000
273,-48.683688,218.929159,0.000000
274,-48.619923,218.808050,0.000000
275,-48.555202,218.687191,0.000000
276,-48.489449,218.566586,0.000000
277,-48.422580,218.446236,0.000000
278,-48.354512,218.326145,0.000000
279,-48.285147,218.206316,0.000000
280,-48.214379,218.086751,0.000000
281,-48.142093,217.967455,0.000000
282,-48.068163,217.848431,0.000000
283,-47.992445,217.729684,0.000000
284,-47.915231,217.611218,0.000000
285,-47.836022,217.493037,0.000000
286,-47.754647,217.375145,0.000000
287,-47.670917,217.257549,0.000000
288,-47.584625,217.140255,0.000000
289,-47.495532,217.023270,0.000000
290,-47.403370,216.906599,0.000000
291,-47.307840,216.790253,0.000000
292,-47.208597,216.674238,0.000000
293,-47.105247,216.558566,0.000000
294,-46.997321,216.443246,0.000000
295,-46.884276,216.328291,0.000000
296,-46.765472,216.213715,0.000000
297,-46.640146,216.099531,0.000000
298,-46.507390,215.985758,0.000000
299,-46.366073,215.872414,0.000000
300,-46.214816,215.759523,0.000000
301,-46.051888,215.647111,0.000000
302,-45.875089,215.535207,0.000000
303,-45.683242,215.423851,0.000000
304,-45.472056,215.313079,0.000000
305,-45.237083,215.202945,0.000000
306,-44.972172,215.093511,0.000000
307,-44.668455,214.984856,0.000000
308,-44.312546,214.877084,0.000000
309,-43.882830,214.770333,0.000000
310,-43.345953,214.664798,0.000000
311,-42.635224,214.560766,0.000000
312,-41.604658,214.458698,0.000000
313,-39.846588,214.359447,0.000000
314,-35.517011,214.264949,0.000000
315,0.000000,214.182061,1.000000
316,-58.000000,334.193939,0.000000
317,-57.948873,333.971144,0.000000
318,-57.898123,333.748633,0.000000
319,-57.847905,333.526405,0.000000
320,-57.798209,333.304460,0.000000
321,-57.749029,333.082795,0.000000
322,-57.700356,332.861410,0.000000
323,-57.652182,332.640301,0.000000
324,-57.604500,332.419469,0.000000
325,-57.557301,332.198910,0.000000
326,-57.510579,331.978625,0.000000
327,-57.464326,331.758611,0.000000
328,-57.418535,331.538867,0.000000
329,-57.373199,331.319392,0.000000
330,-57.328312,331.100184,0.000000
331,-57.283866,330.881242,0.000000
332,-57.239856,330.662564,0.000000
333,-57.196274,330.444150,0.000000
334,-57.153115,330.225997,0.000000
335,-57.110372,330.008105,0.000000
336,-57.068039,329.790472,0.000000
337,-57.026111,329.573097,0.000000
338,-56.984581,329.355979,0.000000
339,-56.943443,329.139116,0.000000
340,-56.902693,328.922508,0.000000
341,-56.862324,328.706152,0.000000
342,-56.822331,328.490049,0.000000
343,-56.782709,328.274196,0.000000
344,-56.743452,328.058593,0.000000
345,-56.704555,327.843238,0.000000
346,-56.666014,327.628130,0.000000
347,-56.627822,327.413269,0.000000
348,-56.589975,327.198653,0.000000
349,-56.552469,326.984280,0.000000
350,-56.515298,326.770151,0.000000
351,-56.478458,326.556264,0.000000
352,-56.441943,326.342617,0.000000
353,-56.405751,326.129210,0.000000
354,-56.369875,325.916042,0.000000
355,-56.334312,325.703112,0.000000
356,-56.299057,325.490418,0.000000
357,-56.264105,325.277961,0.000000
358,-56.229454,325.065738,0.000000
359,-56.195098,324.853749,0.000000
360,-56.161033,324.641993,0.000000
361,-56.127256,324.430469,0.000000
362,-56.093762,324.219176,0.000000
363,-56.060548,324.008114,0.000000
364,-56.027609,323.797280,0.000000
365,-55.994941,323.586675,0.000000
366,-55.962109,323.376298,0.000000
367,-55.929573,323.166148,0.000000
368,-55.897326,322.956225,0.000000
369,-55.865365,322.746528,0.000000
370,-55.833683,322.537056,0.000000
371,-55.802275,322.327809,0.000000
372,-55.771137,322.118784,0.000000
373,-55.740265,321.909982,0.000000
374,-55.709652,321.701401,0.000000
375,-55.679295,321.493041,0.000000
376,-55.649189,321.284901,0.000000
377,-55.619330,321.076980,0.000000
378,-55.589714,320.869278,0.000000
379,-55.560336,320.661792,0.000000
380,-55.531192,320.454524,0.000000
381,-55.502279,320.247471,0.000000
382,-55.473593,320.040633,0.000000
383,-55.445129,319.834010,0.000000
384,-55.416885,319.627601,0.000000
385,-55.388856,319.421404,0.000000
386,-55.361039,319.215419,0.000000
387,-55.333431,319.009647,0.000000
388,-55.306028,318.804084,0.000000
389,-55.278827,318.598732,0.000000
390,-55.251824,318.393590,0.000000
391,-55.225017,318.188656,0.000000
392,-55.198403,317.983930,0.000000
393,-55.171978,317.779412,0.000000
394,-55.145739,317.575101,0.000000
395,-55.119683,317.370995,0.000000
396,-55.093809,317.167096,0.000000
397,-55.068112,316.963401,0.000000
398,-55.042590,316.759910,0.000000
399,-55.017240,316.556624,0.000000
400,-54.992060,316.353540,0.000000
401,-54.967047,316.150659,0.000000
402,-54.942199,315.947980,0.000000
403,-54.917513,315.745502,0.000000
404,-54.892987,315.543225,0.000000
405,-54.868617,315.341149,0.000000
406,-54.844403,315.139272,0.000000
407,-54.820340,314.937594,0.000000
408,-54.796429,314.736115,0.000000
409,-54.772665,314.534833,0.000000
410,-54.749047,314.333750,0.000000
411,-54.725572,314.132863,0.000000
412,-54.702239,313.932173,0.000000
413,-54.679045,313.731679,0.000000
414,-54.655988,313.531381,0.000000
415,-54.633067,313.331278,0.000000
416,-54.610279,313.131369,0.000000
417,-54.587622,312.931654,0.000000
418,-54.565095,312.732132,0.000000
419,-54.542695,312.532804,0.000000
420,-54.520421,312.333669,0.000000
421,-54.498271,312.134725,0.000000
422,-54.476243,311.935973,0.000000
423,-54.454335,311.737413,0.000000
424,-54.432545,311.539043,0.000000
425,-54.410873,311.340864,0.000000
426,-54.389315,311.142874,0.000000
427,-54.367871,310.945074,0.000000
428,-54.346539,310.747463,0.000000
429,-54.325316,310.550041,0.000000
430,-54.304203,310.352807,0.000000
431,-54.283196,310.155761,0.000000
432,-54.262295,309.958902,0.000000
433,-54.241497,309.762230,0.000000
434,-54.220802,309.565744,0.000000
435,-54.200208,309.369445,0.000000
436,-54.179714,309.173332,0.000000
437,-54.159317,308.977404,0.000000
438,-54.139017,308.781661,0.000000
439,-54.118813,308.586102,0.000000
440,-54.098702,308.390728,0.000000
441,-54.078684,308.195538,0.000000
442,-54.058757,308.000531,0.000000
443,-54.038919,307.805708,0.000000
444,-54.019171,307.611067,0.000000
445,-53.999509,307.416608,0.000000
446,-53.978748,307.222332,0.000000
447,-53.958130,307.028241,0.000000
448,-53.937652,306.834334,0.000000
449,-53.917311,306.640610,0.000000
450,-53.897103,306.447071,0.000000
451,-53.877026,306.253714,0.000000
452,-53.857075,306.060539,0.000000
453,-53.837248,305.867547,0.000000
454,-53.817542,305.674736,0.000000
455,-53.797954,305.482106,0.000000
456,-53.778481,305.289657,0.000000
457,-53.759121,305.097388,0.000000
458,-53.739870,304.905299,0.000000
459,-53.720726,304.713389,0.000000
460,-53.701687,304.521658,0.000000
461,-53.682749,304.330106,0.000000
462,-53.663912,304.138732,0.000000
463,-53.645171,303.947536,0.000000
464,-53.626526,303.756517,0.000000
465,-53.607974,303.565676,0.000000
466,-53.589512,303.375011,0.000000
467,-53.571139,303.184522,0.000000
468,-53.552852,302.994210,0.000000
469,-53.534650,302.804073,0.000000
470,-53.516530,302.614111,0.000000
471,-53.498492,302.424324,0.000000
472,-53.480532,302.234712,0.000000
473,-53.462649,302.045274,0.000000
474,-53.444841,301.856010,0.000000
475,-53.427107,301.666920,0.000000
476,-53.409445,301.478004,0.000000
477,-53.391852,301.289260,0.000000
478,-53.374328,301.100689,0.000000
479,-53.356872,300.912290,0.000000
480,-53.339480,300.724064,0.000000
481,-53.322153,300.536009,0.000000
482,-53.304887,300.348126,0.000000
483,-53.287683,300.160415,0.000000
484,-53.270539,299.972874,0.000000
485,-53.253453,299.785504,0.000000
486,-53.236423,299.598305,0.000000
487,-53.219449,299.411275,0.000000
488,-53.202529,299.224416,0.000000
489,-53.185663,299.037726,0.000000
490,-53.168849,298.851206,0.000000
491,-53.152085,298.664855,0.000000
492,-53.135370,298.478673,0.000000
493,-53.118704,298.292660,0.000000
494,-53.102085,298.106815,0.000000
495,-53.085512,297.921138,0.000000
496,-53.068984,297.735630,0.000000
497,-53.052500,297.550289,0.000000
498,-53.036059,297.365115,0.000000
499,-53.019659,297.180109,0.000000
500,-53.003301,296.995270,0.000000
501,-52.986982,296.810598,0.000000
502,-52.970702,296.626092,0.000000
503,-52.954460,296.441753,0.000000
504,-52.938255,296.257580,0.000000
505,-52.922086,296.073573,0.000000
506,-52.905953,295.889732,0.000000
507,-52.889854,295.706057,0.000000
508,-52.873788,295.522546,0.000000
509,-52.857756,295.339201,0.000000
510,-52.841754,295.156021,0.000000
511,-52.825784,294.973006,0.000000
512,-52.809844,294.790155,0.000000
513,-52.793934,294.607469,0.000000
514,-52.778052,294.424947,0.000000
515,-52.762198,294.242589,0.000000
516,-52.746371,294.060395,0.000000
517,-52.730570,293.878364,0.000000
518,-52.714795,293.696497,0.000000
519,-52.699044,293.514794,0.000000
520,-52.683319,293.333253,0.000000
521,-52.667616,293.151876,0.000000
522,-52.651937,292.970661,0.000000
523,-52.636279,292.789609,0.000000
524,-52.620644,292.608719,0.000000
525,-52.605029,292.427991,0.000000
526,-52.589435,292.247426,0.000000
527,-52.573859,292.067023,0.000000
528,-52.558303,291.886781,0.000000
529,-52.542766,291.706701,0.000000
530,-52.527246,291.526783,0.000000
531,-52.511743,291.347026,0.000000
532,-52.496256,291.167430,0.000000
533,-52.480786,290.987995,0.000000
534,-52.465331,290.808721,0.000000
535,-52.449891,290.629608,0.000000
536,-52.434465,290.450655,0.000000
537,-52.419052,290.271863,0.000000
538,-52.403653,290.093231,0.000000
539,-52.388266,289.914759,0.000000
540,-52.372892,289.736447,0.000000
541,-52.357529,289.558295,0.000000
542,-52.342177,289.380303,0.000000
543,-52.326835,289.202471,0.000000
544,-52.311503,289.024798,0.000000
545,-52.296181,288.847284,0.000000
546,-52.280867,288.669929,0.000000
547,-52.265562,288.492734,0.000000
548,-52.250264,288.315697,0.000000
549,-52.234974,288.138819,0.000000
550,-52.219690,287.962100,0.000000
551,-52.204413,287.785540,0.000000
552,-52.189142,287.609138,0.000000
553,-52.173876,287.432894,0.000000
554,-52.158615,287.256809,0.000000
555,-52.143359,287.080881,0.000000
556,-52.128107,286.905112,0.000000
557,-52.112857,286.729500,0.000000
558,-52.097611,286.554046,0.000000
559,-52.082368,286.378750,0.000000
560,-52.067126,286.203611,0.000000
561,-52.051886,286.028630,0.000000
562,-52.036647,285.853806,0.000000
563,-52.021408,285.679139,0.000000
564,-52.006170,285.504630,0.000000
565,-51.990931,285.330277,0.000000
566,-51.972519,285.156081,0.000000
567,-51.954240,284.982050,0.000000
568,-51.936089,284.808184,0.000000
569,-51.918060,284.634483,0.000000
570,-51.900148,284.460945,0.000000
571,-51.882349,284.287571,0.000000
572,-51.864659,284.114359,0.000000
573,-51.847073,283.941311,0.000000
574,-51.829585,283.768425,0.000000
575,-51.812192,283.595700,0.000000
576,-51.794890,283.423137,0.000000
577,-51.777677,283.250736,0.000000
578,-51.760547,283.078495,0.000000
579,-51.743496,282.906414,0.000000
580,-51.726521,282.734494,0.000000
581,-51.709617,282.562734,0.000000
582,-51.692784,282.391133,0.000000
583,-51.676015,282.219692,0.000000
584,-51.659310,282.048409,0.000000
585,-51.642662,281.877286,0.000000
586,-51.626072,281.706321,0.000000
587,-51.609536,281.535514,0.000000
588,-51.593049,281.364865,0.000000
589,-51.576610,281.194373,0.000000
590,-51.560218,281.024039,0.000000
591,-51.543867,280.853863,0.000000
592,-51.527558,280.683843,0.000000
593,-51.511285,280.513981,0.000000
594,-51.495047,280.344275,0.000000
595,-51.478842,280.174725,0.000000
596,-51.462667,280.005332,0.000000
597,-51.446520,279.836095,0.000000
598,-51.430399,279.667013,0.000000
599,-51.414302,279.498088,0.000000
600,-51.398226,279.329318,0.000000
601,-51.382170,279.160703,0.000000
602,-51.366131,278.992243,0.000000
603,-51.350107,278.823939,0.000000
604,-51.334095,278.655790,0.000000
605,-51.318094,278.487795,0.000000
606,-51.302104,278.319955,0.000000
607,-51.286120,278.152269,0.000000
608,-51.270144,277.984738,0.000000
609,-51.254171,277.817362,0.000000
610,-51.238199,277.650139,0.000000
611,-51.222229,277.483070,0.000000
612,-51.206256,277.316156,0.000000
613,-51.190280,277.149395,0.000000
614,-51.174299,276.982788,0.000000
615,-51.158312,276.816335,0.000000
616,-51.142316,276.650035,0.000000
617,-51.126312,276.483889,0.000000
618,-51.110296,276.317897,0.000000
619,-51.094267,276.152057,0.000000
620,-51.078225,275.986371,0.000000
621,-51.062165,275.820839,0.000000
622,-51.046089,275.655459,0.000000
623,-51.029995,275.490232,0.000000
624,-51.013881,275.325159,0.000000
625,-50.997744,275.160239,0.000000
626,-50.981584,274.995471,0.000000
627,-50.965400,274.830857,0.000000
628,-50.949190,274.666395,0.000000
629,-50.932952,274.502087,0.000000
630,-50.916685,274.337931,0.000000
631,-50.900387,274.173928,0.000000
632,-50.884059,274.010078,0.000000
633,-50.867695,273.846380,0.000000
634,-50.851298,273.682835,0.000000
635,-50.834866,273.519444,0.000000
636,-50.818397,273.356204,0.000000
637,-50.801887,273.193118,0.000000
638,-50.785337,273.030184,0.000000
639,-50.768745,272.867403,0.000000
640,-50.752111,272.704775,0.000000
641,-50.735432,272.542300,0.000000
642,-50.718707,272.379977,0.000000
643,-50.701935,272.217807,0.000000
644,-50.685114,272.055790,0.000000
645,-50.668244,271.893926,0.000000
646,-50.651321,271.732215,0.000000
647,-50.634344,271.570657,0.000000
648,-50.617314,271.409252,0.000000
649,-50.600228,271.247999,0.000000
650,-50.583085,271.086900,0.000000
651,-50.565883,270.925954,0.000000
652,-50.548620,270.765161,0.000000
653,-50.531296,270.604522,0.000000
654,-50.513907,270.444035,0.000000
655,-50.496454,270.283702,0.000000
656,-50.478936,270.123523,0.000000
657,-50.461350,269.963496,0.000000
658,-50.443693,269.803624,0.000000
659,-50.425967,269.643905,0.000000
660,-50.408167,269.484340,0.000000
661,-50.390292,269.324929,0.000000
662,-50.372342,269.165671,0.000000
663,-50.354313,269.006568,0.000000
664,-50.336206,268.847619,0.000000
665,-50.318018,268.688824,0.000000
666,-50.299745,268.530184,0.000000
667,-50.281389,268.371698,0.000000
668,-50.262946,268.213366,0.000000
669,-50.244414,268.055190,0.000000
670,-50.225790,267.897168,0.000000
671,-50.207074,267.739301,0.000000
672,-50.188264,267.581589,0.000000
673,-50.169360,267.424033,0.000000
674,-50.150356,267.266632,0.000000
675,-50.131252,267.109387,0.000000
676,-50.112045,266.952297,0.000000
677,-50.092733,266.795364,0.000000
678,-50.073314,266.638586,0.000000
679,-50.053784,266.481965,0.000000
680,-50.034143,266.325501,0.000000
681,-50.014387,266.169193,0.000000
682,-49.994514,266.013041,0.000000
683,-49.974519,265.857047,0.000000
684,-49.954402,265.701211,0.000000
685,-49.934161,265.545532,0.000000
686,-49.913792,265.390010,0.000000
687,-49.893291,265.234647,0.000000
688,-49.872657,265.079442,0.000000
689,-49.851887,264.924395,0.000000
690,-49.830978,264.769507,0.000000
691,-49.809926,264.614778,0.000000
692,-49.788727,264.460209,0.000000
693,-49.767378,264.305799,0.000000
694,-49.745877,264.151549,0.000000
695,-49.724218,263.997459,0.000000
696,-49.702399,263.843529,0.000000
697,-49.680417,263.689761,0.000000
698,-49.658264,263.536153,0.000000
699,-49.635941,263.382707,0.000000
700,-49.613440,263.229423,0.000000
701,-49.590758,263.076301,0.000000
702,-49.567890,262.923341,0.000000
703,-49.544831,262.770545,0.000000
704,-49.521577,262.617912,0.000000
705,-49.498122,262.465442,0.000000
706,-49.474459,262.313137,0.000000
707,-49.450584,262.160997,0.000000
708,-49.426492,262.009021,0.000000
709,-49.402176,261.857211,0.000000
710,-49.377629,261.705567,0.000000
711,-49.352849,261.554090,0.000000
712,-49.327824,261.402780,0.000000
713,-49.302550,261.251637,0.000000
714,-49.277015,261.100663,0.000000
715,-49.251217,260.949857,0.000000
716,-49.225145,260.799221,0.000000
717,-49.198794,260.648754,0.000000
718,-49.172150,260.498458,0.000000
719,-49.145208,260.348334,0.000000
720,-49.117955,260.198381,0.000000
721,-49.090384,260.048601,0.000000
722,-49.062483,259.898994,0.000000
723,-49.034240,259.749562,0.000000
724,-49.005646,259.600304,0.000000
725,-48.976688,259.451222,0.000000
726,-48.947349,259.302317,0.000000
727,-48.917620,259.153589,0.000000
728,-48.887486,259.005040,0.000000
729,-48.856931,258.856670,0.000000
730,-48.825938,258.708481,0.000000
731,-48.794495,258.560472,0.000000
732,-48.762580,258.412647,0.000000
733,-48.730175,258.265005,0.000000
734,-48.697262,258.117548,0.000000
735,-48.663817,257.970277,0.000000
736,-48.629821,257.823193,0.000000
737,-48.595247,257.676298,0.000000
738,-48.560074,257.529594,0.000000
739,-48.524273,257.383080,0.000000
740,-48.487813,257.236760,0.000000
741,-48.450665,257.090635,0.000000
742,-48.412797,256.944706,0.000000
743,-48.374175,256.798976,0.000000
744,-48.334760,256.653446,0.000000
745,-48.294514,256.508117,0.000000
746,-48.253392,256.362993,0.000000
747,-48.211346,256.218076,0.000000
748,-48.168329,256.073367,0.000000
749,-48.124286,255.928869,0.000000
750,-48.079157,255.784585,0.000000
751,-48.032880,255.640518,0.000000
752,-47.985384,255.496670,0.000000
753,-47.937051,255.353044,0.000000
754,-47.887423,255.209644,0.000000
755,-47.836420,255.066471,0.000000
756,-47.783959,254.923529,0.000000
757,-47.729941,254.780823,0.000000
758,-47.674271,254.638356,0.000000
759,-47.616833,254.496133,0.000000
760,-47.557507,254.354157,0.000000
761,-47.496154,254.212434,0.000000
762,-47.432622,254.070970,0.000000
763,-47.366743,253.929769,0.000000
764,-47.298331,253.788838,0.000000
765,-47.227178,253.648183,0.000000
766,-47.153047,253.507812,0.000000
767,-47.075654,253.367732,0.000000
768,-46.994698,253.227952,0.000000
769,-46.909820,253.088481,0.000000
770,-46.820612,252.949329,0.000000
771,-46.726594,252.810508,0.000000
772,-46.627211,252.672030,0.000000
773,-46.521796,252.533910,0.000000
774,-46.409556,252.396162,0.000000
775,-46.289525,252.258806,0.000000
776,-46.160532,252.121862,0.000000
777,-46.021139,251.985352,0.000000
778,-45.869525,251.849306,0.000000
779,-45.705077,251.713754,0.000000
780,-45.524112,251.578732,0.000000
781,-45.323126,251.444282,0.000000
782,-45.097471,251.310457,0.000000
783,-44.840644,251.177324,0.000000
784,-44.543209,251.044964,0.000000
785,-44.190786,250.913485,0.000000
786,-43.759913,250.783034,0.000000
787,-43.215069,250.653819,0.000000
788,-42.481822,250.526143,0.000000
789,-41.392347,250.400508,0.000000
790,-39.459205,250.277861,0.000000
791,-34.216022,250.160451,0.000000
792,0.000000,250.057102,1.000000
793,-58.000000,370.045064,0.000000
794,-57.976450,369.798367,0.000000
795,-57.952877,369.551898,0.000000
796,-57.929442,369.305656,0.000000
797,-57.906142,369.059640,0.000000
798,-57.882975,368.813851,0.000000
799,-57.859939,368.568287,0.000000
800,-57.837033,368.322949,0.000000
801,-57.814255,368.077835,0.000000
802,-57.791602,367.832945,0.000000
803,-57.769074,367.588279,0.000000
804,-57.746668,367.343836,0.000000
805,-57.724382,367.099616,0.000000
806,-57.702215,366.855618,0.000000
807,-57.680164,366.611842,0.000000
808,-57.658230,366.368287,0.000000
809,-57.636409,366.124953,0.000000
810,-57.614700,365.881839,0.000000
811,-57.593102,365.638946,0.000000
812,-57.571612,365.396271,0.000000
813,-57.550231,365.153816,0.000000
814,-57.528955,364.911580,0.000000
815,-57.507784,364.669562,0.000000
816,-57.486716,364.427762,0.000000
817,-57.465750,364.186179,0.000000
818,-57.444883,363.944813,0.000000
819,-57.424116,363.703663,0.000000
820,-57.403447,363.462730,0.000000
821,-57.382873,363.222012,0.000000
822,-57.362395,362.981510,0.000000
823,-57.342010,362.741223,0.000000
824,-57.321717,362.501150,0.000000
825,-57.301516,362.261292,0.000000
826,-57.281404,362.021647,0.000000
827,-57.261381,361.782215,0.000000
828,-57.241446,361.542997,0.000000
829,-57.221597,361.303991,0.000000
830,-57.201833,361.065198,0.000000
831,-57.182153,360.826616,0.000000
832,-57.162556,360.588246,0.000000
833,-57.143041,360.350088,0.000000
834,-57.123607,360.112139,0.000000
835,-57.104252,359.874402,0.000000
836,-57.084977,359.636874,0.000000
837,-57.065778,359.399557,0.000000
838,-57.046656,359.162448,0.000000
839,-57.027610,358.925549,0.000000
840,-57.008639,358.688859,0.000000
841,-56.989741,358.452376,0.000000
842,-56.970916,358.216102,0.000000
843,-56.952163,357.980036,0.000000
844,-56.933480,357.744177,0.000000
845,-56.914868,357.508525,0.000000
846,-56.896325,357.273080,0.000000
847,-56.877850,357.037841,0.000000
848,-56.859442,356.802808,0.000000
849,-56.841100,356.567981,0.000000
850,-56.822825,356.333360,0.000000
851,-56.804614,356.098944,0.000000
852,-56.786467,355.864732,0.000000
853,-56.768383,355.630725,0.000000
854,-56.750361,355.396923,0.000000
855,-56.732402,355.163324,0.000000
856,-56.714503,354.929929,0.000000
857,-56.696664,354.696737,0.000000
858,-56.678884,354.463748,0.000000
859,-56.661163,354.230962,0.000000
860,-56.643500,353.998378,0.000000
861,-56.625894,353.765997,0.000000
862,-56.608344,353.533817,0.000000
863,-56.590851,353.301839,0.000000
864,-56.573412,353.070063,0.000000
865,-56.556027,352.838487,0.000000
866,-56.538697,352.607112,0.000000
867,-56.521419,352.375937,0.000000
868,-56.504194,352.144963,0.000000
869,-56.487021,351.914189,0.000000
870,-56.469899,351.683614,0.000000
871,-56.452827,351.453239,0.000000
872,-56.435805,351.223062,0.000000
873,-56.418833,350.993085,0.000000
874,-56.401910,350.763306,0.000000
875,-56.385034,350.533726,0.000000
876,-56.368206,350.304343,0.000000
877,-56.351425,350.075159,0.000000
878,-56.334691,349.846172,0.000000
879,-56.318003,349.617382,0.000000
880,-56.301359,349.388789,0.000000
881,-56.284761,349.160393,0.000000
882,-56.268207,348.932193,0.000000
883,-56.251697,348.704190,0.000000
884,-56.235230,348.476383,0.000000
885,-56.218806,348.248772,0.000000
886,-56.202424,348.021356,0.000000
887,-56.186084,347.794135,0.000000
888,-56.169785,347.567110,0.000000
889,-56.153526,347.340279,0.000000
890,-56.137308,347.113643,0.000000
891,-56.121130,346.887201,0.000000
892,-56.104992,346.660953,0.000000
893,-56.088892,346.434899,0.000000
894,-56.072831,346.209039,0.000000
895,-56.056807,345.983372,0.000000
896,-56.040822,345.757899,0.000000
897,-56.024873,345.532618,0.000000
898,-56.008961,345.307530,0.000000
899,-55.993086,345.082635,0.000000
900,-55.976815,344.857932,0.000000
901,-55.960598,344.633422,0.000000
902,-55.944434,344.409104,0.000000
903,-55.928322,344.184980,0.000000
904,-55.912262,343.961048,0.000000
905,-55.896251,343.737308,0.000000
906,-55.880290,343.513760,0.000000
907,-55.864377,343.290403,0.000000
908,-55.848511,343.067238,0.000000
909,-55.832693,342.844264,0.000000
910,-55.816920,342.621481,0.000000
911,-55.801192,342.398888,0.000000
912,-55.785508,342.176486,0.000000
913,-55.769868,341.954274,0.000000
914,-55.754271,341.732251,0.000000
915,-55.738715,341.510419,0.000000
916,-55.723201,341.288775,0.000000
917,-55.707727,341.067321,0.000000
918,-55.692293,340.846056,0.000000
919,-55.676898,340.624979,0.000000
920,-55.661541,340.404091,0.000000
921,-55.646222,340.183391,0.000000
922,-55.630940,339.962879,0.000000
923,-55.615695,339.742554,0.000000
924,-55.600486,339.522418,0.000000
925,-55.585311,339.302468,0.000000
926,-55.570172,339.082706,0.000000
927,-55.555066,338.863130,0.000000
928,-55.539994,338.643741,0.000000
929,-55.524955,338.424539,0.000000
930,-55.509949,338.205523,0.000000
931,-55.494974,337.986693,0.000000
932,-55.480030,337.768049,0.000000
933,-55.465118,337.549590,0.000000
934,-55.450235,337.331317,0.000000
935,-55.435383,337.113229,0.000000
936,-55.420559,336.895326,0.000000
937,-55.405764,336.677607,0.000000
938,-55.390998,336.460074,0.000000
939,-55.376259,336.242724,0.000000
940,-55.361548,336.025559,0.000000
941,-55.346864,335.808578,0.000000
942,-55.332207,335.591781,0.000000
943,-55.317576,335.375167,0.000000
944,-55.302970,335.158737,0.000000
945,-55.288389,334.942490,0.000000
946,-55.273834,334.726426,0.000000
947,-55.259303,334.510545,0.000000
948,-55.244796,334.294847,0.000000
949,-55.230313,334.079331,0.000000
950,-55.215853,333.863997,0.000000
951,-55.201416,333.648846,0.000000
952,-55.187001,333.433876,0.000000
953,-55.172609,333.219089,0.000000
954,-55.158238,333.004482,0.000000
955,-55.143890,332.790057,0.000000
956,-55.129562,332.575814,0.000000
957,-55.115255,332.361751,0.000000
958,-55.100969,332.147870,0.000000
959,-55.086703,331.934168,0.000000
960,-55.072457,331.720648,0.000000
961,-55.058231,331.507308,0.000000
962,-55.044024,331.294148,0.000000
963,-55.029836,331.081168,0.000000
964,-55.015667,330.868367,0.000000
965,-55.001516,330.655747,0.000000
966,-54.987384,330.443306,0.000000
967,-54.973270,330.231044,0.000000
968,-54.959173,330.018961,0.000000
969,-54.945093,329.807058,0.000000
970,-54.931031,329.595333,0.000000
971,-54.916986,329.383787,0.000000
972,-54.902957,329.172419,0.000000
973,-54.888945,328.961230,0.000000
974,-54.874948,328.750218,0.000000
975,-54.860968,328.539385,0.000000
976,-54.847003,328.328730,0.000000
977,-54.833054,328.118252,0.000000
978,-54.819119,327.907952,0.000000
979,-54.805200,327.697829,0.000000
980,-54.791296,327.487883,0.000000
981,-54.777406,327.278115,0.000000
982,-54.763530,327.068523,0.000000
983,-54.749669,326.859108,0.000000
984,-54.735821,326.649870,0.000000
985,-54.721987,326.440808,0.000000
986,-54.708167,326.231922,0.000000
987,-54.694360,326.023212,0.000000
988,-54.680566,325.814679,0.000000
989,-54.666785,325.606321,0.000000
990,-54.653016,325.398139,0.000000
991,-54.639261,325.190132,0.000000
992,-54.625517,324.982301,0.000000
993,-54.611786,324.774645,0.000000
994,-54.598067,324.567163,0.000000
995,-54.584360,324.359857,0.000000
996,-54.570664,324.152726,0.000000
997,-54.556980,323.945769,0.000000
998,-54.543307,323.738987,0.000000
999,-54.529646,323.532379,0.000000
1000,-54.515996,323.325945,0.000000
1001,-54.502356,323.119685,0.000000
1002,-54.488727,322.913599,0.000000
1003,-54.475109,322.707687,0.000000
1004,-54.461501,322.501948,0.000000
1005,-54.447903,322.296383,0.000000
1006,-54.434315,322.090991,0.000000
1007,-54.420738,321.885772,0.000000
1008,-54.407170,321.680727,0.000000
1009,-54.393612,321.475854,0.000000
1010,-54.380063,321.271154,0.000000
1011,-54.366524,321.066626,0.000000
1012,-54.352994,320.862271,0.000000
1013,-54.339473,320.658088,0.000000
1014,-54.325961,320.454078,0.000000
1015,-54.312458,320.250239,0.000000
1016,-54.298963,320.046573,0.000000
1017,-54.285478,319.843078,0.000000
1018,-54.272000,319.639755,0.000000
1019,-54.258531,319.436603,0.000000
1020,-54.245070,319.233623,0.000000
1021,-54.231617,319.030814,0.000000
1022,-54.218172,318.828175,0.000000
1023,-54.204735,318.625708,0.000000
1024,-54.191306,318.423412,0.000000
1025,-54.177884,318.221286,0.000000
1026,-54.164470,318.019331,0.000000
1027,-54.151063,317.817547,0.000000
1028,-54.137663,317.615932,0.000000
1029,-54.124271,317.414488,0.000000
1030,-54.110885,317.213214,0.000000
1031,-54.097506,317.012109,0.000000
1032,-54.084134,316.811175,0.000000
1033,-54.070769,316.610410,0.000000
1034,-54.057410,316.409814,0.000000
1035,-54.044058,316.209388,0.000000
1036,-54.030711,316.009131,0.000000
1037,-54.017371,315.809043,0.000000
1038,-54.004038,315.609124,0.000000
1039,-53.990710,315.409374,0.000000
1040,-53.976221,315.209793,0.000000
1041,-53.961783,315.010383,0.000000
1042,-53.947394,314.811145,0.000000
1043,-53.933053,314.612078,0.000000
1044,-53.918759,314.413182,0.000000
1045,-53.904510,314.214456,0.000000
1046,-53.890305,314.015901,0.000000
1047,-53.876143,313.817517,0.000000
1048,-53.862023,313.619302,0.000000
1049,-53.847943,313.421257,0.000000
1050,-53.833903,313.223382,0.000000
1051,-53.819901,313.025676,0.000000
1052,-53.805935,312.828139,0.000000
1053,-53.792006,312.630772,0.000000
1054,-53.778111,312.433572,0.000000
1055,-53.764251,312.236542,0.000000
1056,-53.750424,312.039680,0.000000
1057,-53.736629,311.842985,0.000000
1058,-53.722864,311.646459,0.000000
1059,-53.709129,311.450101,0.000000
1060,-53.695424,311.253910,0.000000
1061,-53.681747,311.057886,0.000000
1062,-53.668098,310.862030,0.000000
1063,-53.654475,310.666340,0.000000
1064,-53.640878,310.470817,0.000000
1065,-53.627306,310.275461,0.000000
1066,-53.613758,310.080272,0.000000
1067,-53.600234,309.885248,0.000000
1068,-53.586733,309.690391,0.000000
1069,-53.573253,309.495699,0.000000
1070,-53.559794,309.301174,0.000000
1071,-53.546356,309.106814,0.000000
1072,-53.532938,308.912619,0.000000
1073,-53.519539,308.718589,0.000000
1074,-53.506158,308.524725,0.000000
1075,-53.492795,308.331026,0.000000
1076,-53.479450,308.137491,0.000000
1077,-53.466121,307.944121,0.000000
1078,-53.452808,307.750915,0.000000
1079,-53.439511,307.557874,0.000000
1080,-53.426228,307.364997,0.000000
1081,-53.412960,307.172283,0.000000
1082,-53.399705,306.979734,0.000000
1083,-53.386463,306.787349,0.000000
1084,-53.373234,306.595127,0.000000
1085,-53.360017,306.403068,0.000000
1086,-53.346812,306.211173,0.000000
1087,-53.333617,306.019440,0.000000
1088,-53.320433,305.827871,0.000000
1089,-53.307259,305.636465,0.000000
1090,-53.294095,305.445221,0.000000
1091,-53.280939,305.254140,0.000000
1092,-53.267793,305.063222,0.000000
1093,-53.254655,304.872466,0.000000
1094,-53.241525,304.681872,0.000000
1095,-53.228401,304.491440,0.000000
1096,-53.215286,304.301170,0.000000
1097,-53.202176,304.111062,0.000000
1098,-53.189073,303.921116,0.000000
1099,-53.175976,303.731331,0.000000
1100,-53.162884,303.541707,0.000000
1101,-53.149797,303.352245,0.000000
1102,-53.136714,303.162944,0.000000
1103,-53.123636,302.973805,0.000000
1104,-53.110561,302.784826,0.000000
1105,-53.097491,302.596008,0.000000
1106,-53.084423,302.407351,0.000000
1107,-53.071358,302.218854,0.000000
1108,-53.058296,302.030518,0.000000
1109,-53.045236,301.842342,0.000000
1110,-53.032178,301.654327,0.000000
1111,-53.019121,301.466472,0.000000
1112,-53.006065,301.278776,0.000000
1113,-52.993010,301.091241,0.000000
1114,-52.979957,300.903866,0.000000
1115,-52.966904,300.716650,0.000000
1116,-52.953851,300.529594,0.000000
1117,-52.940797,300.342697,0.000000
1118,-52.927743,300.155960,0.000000
1119,-52.914688,299.969382,0.000000
1120,-52.901632,299.782964,0.000000
1121,-52.888575,299.596704,0.000000
1122,-52.875516,299.410604,0.000000
1123,-52.862454,299.224662,0.000000
1124,-52.849392,299.038879,0.000000
1125,-52.836326,298.853255,0.000000
1126,-52.823258,298.667789,0.000000
1127,-52.810188,298.482482,0.000000
1128,-52.797113,298.297333,0.000000
1129,-52.784036,298.112343,0.000000
1130,-52.770955,297.927511,0.000000
1131,-52.757870,297.742837,0.000000
1132,-52.744781,297.558321,0.000000
1133,-52.731687,297.373962,0.000000
1134,-52.718590,297.189762,0.000000
1135,-52.705487,297.005719,0.000000
1136,-52.692379,296.821834,0.000000
1137,-52.679266,296.638107,0.000000
1138,-52.666148,296.454537,0.000000
1139,-52.653024,296.271124,0.000000
1140,-52.639895,296.087869,0.000000
1141,-52.626759,295.904771,0.000000
1142,-52.613616,295.721830,0.000000
1143,-52.600468,295.539045,0.000000
1144,-52.587313,295.356418,0.000000
1145,-52.574150,295.173948,0.000000
1146,-52.560981,294.991634,0.000000
1147,-52.547804,294.809477,0.000000
1148,-52.534620,294.627477,0.000000
1149,-52.521428,294.445633,0.000000
1150,-52.508229,294.263946,0.000000
1151,-52.495021,294.082415,0.000000
1152,-52.481805,293.901040,0.000000
1153,-52.468581,293.719821,0.000000
1154,-52.455348,293.538758,0.000000
1155,-52.442106,293.357852,0.000000
1156,-52.428855,293.177101,0.000000
1157,-52.415595,292.996506,0.000000
1158,-52.402325,292.816067,0.000000
1159,-52.389045,292.635783,0.000000
1160,-52.375756,292.455655,0.000000
1161,-52.362457,292.275683,0.000000
1162,-52.349147,292.095866,0.000000
1163,-52.335828,291.916205,0.000000
1164,-52.322497,291.736698,0.000000
1165,-52.309155,291.557347,0.000000
1166,-52.295803,291.378151,0.000000
1167,-52.282440,291.199111,0.000000
1168,-52.269065,291.020225,0.000000
1169,-52.255679,290.841494,0.000000
1170,-52.242281,290.662918,0.000000
1171,-52.228870,290.484497,0.000000
1172,-52.215448,290.306230,0.000000
1173,-52.202013,290.128118,0.000000
1174,-52.188566,289.950161,0.000000
1175,-52.175106,289.772358,0.000000
1176,-52.161634,289.594710,0.000000
1177,-52.148148,289.417215,0.000000
1178,-52.134649,289.239876,0.000000
1179,-52.121136,289.062690,0.000000
1180,-52.107610,288.885659,0.000000
1181,-52.094070,288.708781,0.000000
1182,-52.080516,288.532058,0.000000
1183,-52.066947,288.355489,0.000000
1184,-52.053364,288.179073,0.000000
1185,-52.039766,288.002812,0.000000
1186,-52.026153,287.826704,0.000000
1187,-52.012524,287.650750,0.000000
1188,-51.998881,287.474949,0.000000
1189,-51.982001,287.299303,0.000000
1190,-51.965233,287.123818,0.000000
1191,-51.948572,286.948495,0.000000
1192,-51.932013,286.773333,0.000000
1193,-51.915552,286.598332,0.000000
1194,-51.899186,286.423492,0.000000
1195,-51.882911,286.248812,0.000000
1196,-51.866721,286.074292,0.000000
1197,-51.850615,285.899931,0.000000
1198,-51.834587,285.725729,0.000000
1199,-51.818636,285.551687,0.000000
1200,-51.802756,285.377803,0.000000
1201,-51.786945,285.204077,0.000000
1202,-51.771201,285.030509,0.000000
1203,-51.755519,284.857099,0.000000
1204,-51.739898,284.683846,0.000000
1205,-51.724334,284.510751,0.000000
1206,-51.708823,284.337812,0.000000
1207,-51.693364,284.165030,0.000000
1208,-51.677953,283.992405,0.000000
1209,-51.662589,283.819935,0.000000
1210,-51.647266,283.647622,0.000000
1211,-51.631987,283.475464,0.000000
1212,-51.616746,283.303462,0.000000
1213,-51.601541,283.131615,0.000000
1214,-51.586370,282.959923,0.000000
1215,-51.571231,282.788386,0.000000
1216,-51.556122,282.617004,0.000000
1217,-51.541040,282.445777,0.000000
1218,-51.525982,282.274704,0.000000
1219,-51.510950,282.103785,0.000000
1220,-51.495938,281.933020,0.000000
1221,-51.480948,281.762409,0.000000
1222,-51.465974,281.591951,0.000000
1223,-51.451016,281.421647,0.000000
1224,-51.436071,281.251497,0.000000
1225,-51.421139,281.081500,0.000000
1226,-51.406218,280.911656,0.000000
1227,-51.391305,280.741965,0.000000
1228,-51.376399,280.572427,0.000000
1229,-51.361496,280.403042,0.000000
1230,-51.346598,280.233809,0.000000
1231,-51.331703,280.064729,0.000000
1232,-51.316807,279.895802,0.000000
1233,-51.301911,279.727026,0.000000
1234,-51.287011,279.558403,0.000000
1235,-51.272109,279.389932,0.000000
1236,-51.257202,279.221614,0.000000
1237,-51.242285,279.053447,0.000000
1238,-51.227361,278.885432,0.000000
1239,-51.212427,278.717569,0.000000
1240,-51.197481,278.549857,0.000000
1241,-51.182520,278.382297,0.000000
1242,-51.167548,278.214889,0.000000
1243,-51.152560,278.047633,0.000000
1244,-51.137556,277.880527,0.000000
1245,-51.122533,277.713574,0.000000
1246,-51.107489,277.546771,0.000000
1247,-51.092426,277.380120,0.000000
1248,-51.077342,277.213620,0.000000
1249,-51.062234,277.047272,0.000000
1250,-51.047101,276.881075,0.000000
1251,-51.031943,276.715028,0.000000
1252,-51.016757,276.549133,0.000000
1253,-51.001543,276.383389,0.000000
1254,-50.986300,276.217796,0.000000
1255,-50.971027,276.052354,0.000000
1256,-50.955722,275.887063,0.000000
1257,-50.940384,275.721924,0.000000
1258,-50.925011,275.556935,0.000000
1259,-50.909602,275.392097,0.000000
1260,-50.894156,275.227410,0.000000
1261,-50.878674,275.062874,0.000000
1262,-50.863149,274.898489,0.000000
1263,-50.847587,274.734255,0.000000
1264,-50.831984,274.570172,0.000000
1265,-50.816336,274.406240,0.000000
1266,-50.800645,274.242459,0.000000
1267,-50.784909,274.078829,0.000000
1268,-50.769127,273.915350,0.000000
1269,-50.753297,273.752022,0.000000
1270,-50.737417,273.588846,0.000000
1271,-50.721488,273.425820,0.000000
1272,-50.705507,273.262946,0.000000
1273,-50.689473,273.100222,0.000000
1274,-50.673386,272.937651,0.000000
1275,-50.657245,272.775230,0.000000
1276,-50.641046,272.612960,0.000000
1277,-50.624790,272.450842,0.000000
1278,-50.608475,272.288876,0.000000
1279,-50.592101,272.127061,0.000000
1280,-50.575664,271.965397,0.000000
1281,-50.559166,271.803885,0.000000
1282,-50.542602,271.642525,0.000000
1283,-50.525975,271.481316,0.000000
1284,-50.509281,271.320260,0.000000
1285,-50.492518,271.159355,0.000000
1286,-50.475687,270.998602,0.000000
1287,-50.458783,270.838001,0.000000
1288,-50.441806,270.677553,0.000000
1289,-50.424756,270.517256,0.000000
1290,-50.407633,270.357112,0.000000
1291,-50.390431,270.197120,0.000000
1292,-50.373151,270.037281,0.000000
1293,-50.355792,269.877595,0.000000
1294,-50.338350,269.718061,0.000000
1295,-50.320826,269.558680,0.000000
1296,-50.303218,269.399452,0.000000
1297,-50.285522,269.240377,0.000000
1298,-50.267740,269.081456,0.000000
1299,-50.249868,268.922688,0.000000
1300,-50.231903,268.764073,0.000000
1301,-50.213845,268.605612,0.000000
1302,-50.195692,268.447305,0.000000
1303,-50.177443,268.289151,0.000000
1304,-50.159095,268.131152,0.000000
1305,-50.140646,267.973307,0.000000
1306,-50.122095,267.815617,0.000000
1307,-50.103439,267.658081,0.000000
1308,-50.084676,267.500700,0.000000
1309,-50.065804,267.343473,0.000000
1310,-50.046820,267.186402,0.000000
1311,-50.027723,267.029487,0.000000
1312,-50.008510,266.872727,0.000000
1313,-49.989179,266.716122,0.000000
1314,-49.969725,266.559674,0.000000
1315,-49.950147,266.403381,0.000000
1316,-49.930444,266.247245,0.000000
1317,-49.910613,266.091266,0.000000
1318,-49.890650,265.935444,0.000000
1319,-49.870554,265.779779,0.000000
1320,-49.850320,265.624271,0.000000
1321,-49.829947,265.468920,0.000000
1322,-49.809433,265.313728,0.000000
1323,-49.788771,265.158694,0.000000
1324,-49.767959,265.003818,0.000000
1325,-49.746995,264.849101,0.000000
1326,-49.725876,264.694543,0.000000
1327,-49.704597,264.540144,0.000000
1328,-49.683156,264.385905,0.000000
1329,-49.661546,264.231827,0.000000
1330,-49.639766,264.077908,0.000000
1331,-49.617810,263.924150,0.000000
1332,-49.595675,263.770553,0.000000
1333,-49.573355,263.617118,0.000000
1334,-49.550847,263.463844,0.000000
1335,-49.528148,263.310733,0.000000
1336,-49.505249,263.157784,0.000000
1337,-49.482147,263.004998,0.000000
1338,-49.458836,262.852376,0.000000
1339,-49.435311,262.699917,0.000000
1340,-49.411567,262.547623,0.000000
1341,-49.387597,262.395494,0.000000
1342,-49.363396,262.243530,0.000000
1343,-49.338956,262.091732,0.000000
1344,-49.314271,261.940101,0.000000
1345,-49.289335,261.788636,0.000000
1346,-49.264140,261.637339,0.000000
1347,-49.238676,261.486210,0.000000
1348,-49.212940,261.335249,0.000000
1349,-49.186921,261.184458,0.000000
1350,-49.160609,261.033837,0.000000
1351,-49.133995,260.883386,0.000000
1352,-49.107070,260.733106,0.000000
1353,-49.079828,260.582999,0.000000
1354,-49.052253,260.433064,0.000000
1355,-49.024335,260.283303,0.000000
1356,-48.996065,260.133716,0.000000
1357,-48.967428,259.984304,0.000000
1358,-48.938413,259.835068,0.000000
1359,-48.909005,259.686009,0.000000
1360,-48.879192,259.537128,0.000000
1361,-48.848960,259.388425,0.000000
1362,-48.818291,259.239902,0.000000
1363,-48.787169,259.091560,0.000000
1364,-48.755578,258.943400,0.000000
1365,-48.723497,258.795423,0.000000
1366,-48.690908,258.647630,0.000000
1367,-48.657788,258.500023,0.000000
1368,-48.624119,258.352602,0.000000
1369,-48.589874,258.205370,0.000000
1370,-48.555030,258.058326,0.000000
1371,-48.519559,257.911474,0.000000
1372,-48.483434,257.764814,0.000000
1373,-48.446624,257.618349,0.000000
1374,-48.409095,257.472079,0.000000
1375,-48.370815,257.326007,0.000000
1376,-48.331745,257.180134,0.000000
1377,-48.291847,257.034463,0.000000
1378,-48.251077,256.888995,0.000000
1379,-48.209390,256.743733,0.000000
1380,-48.166738,256.598679,0.000000
1381,-48.123062,256.453835,0.000000
1382,-48.078311,256.309204,0.000000
1383,-48.032418,256.164789,0.000000
1384,-47.985315,256.020593,0.000000
1385,-47.937384,255.876619,0.000000
1386,-47.888167,255.732868,0.000000
1387,-47.837585,255.589344,0.000000
1388,-47.785557,255.446051,0.000000
1389,-47.731986,255.302993,0.000000
1390,-47.676777,255.160172,0.000000
1391,-47.619817,255.017594,0.000000
1392,-47.560986,254.875263,0.000000
1393,-47.500151,254.733183,0.000000
1394,-47.437166,254.591361,0.000000
1395,-47.371852,254.449801,0.000000
1396,-47.304035,254.308510,0.000000
1397,-47.233505,254.167493,0.000000
1398,-47.160026,254.026759,0.000000
1399,-47.083338,253.886315,0.000000
1400,-47.003134,253.746168,0.000000
1401,-46.919065,253.606329,0.000000
1402,-46.830726,253.466807,0.000000
1403,-46.737659,253.327614,0.000000
1404,-46.639310,253.188762,0.000000
1405,-46.535030,253.050265,0.000000
1406,-46.424050,252.912138,0.000000
1407,-46.305438,252.774399,0.000000
1408,-46.178059,252.637069,0.000000
1409,-46.040514,252.500169,0.000000
1410,-45.891045,252.363728,0.000000
1411,-45.729034,252.227776,0.000000
1412,-45.550945,252.092347,0.000000
1413,-45.353450,251.957483,0.000000
1414,-45.132071,251.823235,0.000000
1415,-44.880660,251.689668,0.000000
1416,-44.590327,251.556860,0.000000
1417,-44.247631,251.424914,0.000000
1418,-43.830879,251.293971,0.000000
1419,-43.307317,251.164226,0.000000
1420,-42.610185,251.035963,0.000000
1421,-41.594053,250.909646,0.000000
1422,-39.854448,250.786122,0.000000
1423,-35.570067,250.667319,0.000000
1424,0.000000,250.560021,1.000000
1425,-58.000000,370.547648,0.000000
1426,-57.976837,370.300616,0.000000
1427,-57.953645,370.053811,0.000000
1428,-57.930585,369.807232,0.000000
1429,-57.907655,369.560879,0.000000
1430,-57.884852,369.314752,0.000000
1431,-57.862176,369.068849,0.000000
1432,-57.839625,368.823171,0.000000
1433,-57.817195,368.577716,0.000000
1434,-57.794887,368.332486,0.000000
1435,-57.772697,368.087478,0.000000
1436,-57.750625,367.842692,0.000000
1437,-57.728668,367.598129,0.000000
1438,-57.706826,367.353787,0.000000
1439,-57.685095,367.109667,0.000000
1440,-57.663476,366.865767,0.000000
1441,-57.641965,366.622087,0.000000
1442,-57.620563,366.378627,0.000000
1443,-57.599266,366.135387,0.000000
1444,-57.578075,365.892365,0.000000
1445,-57.556986,365.649562,0.000000
1446,-57.535999,365.406977,0.000000
1447,-57.515113,365.164610,0.000000
1448,-57.494325,364.922460,0.000000
1449,-57.473636,364.680527,0.000000
1450,-57.453042,364.438811,0.000000
1451,-57.432544,364.197310,0.000000
1452,-57.412139,363.956025,0.000000
1453,-57.391827,363.714956,0.000000
1454,-57.371606,363.474101,0.000000
1455,-57.351474,363.233461,0.000000
1456,-57.331432,362.993035,0.000000
1457,-57.311477,362.752822,0.000000
1458,-57.291608,362.512823,0.000000
1459,-57.271825,362.273037,0.000000
1460,-57.252125,362.033464,0.000000
1461,-57.232509,361.794103,0.000000
1462,-57.212974,361.554953,0.000000
1463,-57.193520,361.316016,0.000000
1464,-57.174145,361.077289,0.000000
1465,-57.154850,360.838773,0.000000
1466,-57.135632,360.600468,0.000000
1467,-57.116490,360.362373,0.000000
1468,-57.097424,360.124487,0.000000
1469,-57.078433,359.886811,0.000000
1470,-57.059515,359.649344,0.000000
1471,-57.040670,359.412086,0.000000
1472,-57.021897,359.175037,0.000000
1473,-57.003194,358.938195,0.000000
1474,-56.984562,358.701561,0.000000
1475,-56.965998,358.465135,0.000000
1476,-56.947503,358.228915,0.000000
1477,-56.929075,357.992903,0.000000
1478,-56.910713,357.757097,0.000000
1479,-56.892416,357.521497,0.000000
1480,-56.874185,357.286103,0.000000
1481,-56.856017,357.050915,0.000000
1482,-56.837913,356.815931,0.000000
1483,-56.819870,356.581153,0.000000
1484,-56.801890,356.346580,0.000000
1485,-56.783970,356.112210,0.000000
1486,-56.766110,355.878045,0.000000
1487,-56.748309,355.644083,0.000000
1488,-56.730567,355.410325,0.000000
1489,-56.712882,355.176770,0.000000
1490,-56.695255,354.943418,0.000000
1491,-56.677684,354.710269,0.000000
1492,-56.660169,354.477322,0.000000
1493,-56.642708,354.244576,0.000000
1494,-56.625302,354.012033,0.000000
1495,-56.607950,353.779691,0.000000
1496,-56.590651,353.547550,0.000000
1497,-56.573403,353.315610,0.000000
1498,-56.556208,353.083871,0.000000
1499,-56.539064,352.852332,0.000000
1500,-56.521970,352.620993,0.000000
1501,-56.504926,352.389854,0.000000
1502,-56.487931,352.158914,0.000000
1503,-56.470985,351.928174,0.000000
1504,-56.454087,351.697633,0.000000
1505,-56.437237,351.467290,0.000000
1506,-56.420433,351.237146,0.000000
1507,-56.403676,351.007200,0.000000
1508,-56.386965,350.777452,0.000000
1509,-56.370299,350.547902,0.000000
1510,-56.353678,350.318550,0.000000
1511,-56.337101,350.089394,0.000000
1512,-56.320567,349.860436,0.000000
1513,-56.304077,349.631674,0.000000
1514,-56.287630,349.403109,0.000000
1515,-56.271225,349.174740,0.000000
1516,-56.254861,348.946567,0.000000
1517,-56.238538,348.718590,0.000000
1518,-56.222257,348.490808,0.000000
1519,-56.206015,348.263222,0.000000
1520,-56.189814,348.035830,0.000000
1521,-56.173651,347.808634,0.000000
1522,-56.157528,347.581632,0.000000
1523,-56.141443,347.354824,0.000000
1524,-56.125396,347.128210,0.000000
1525,-56.109386,346.901791,0.000000
1526,-56.093414,346.675565,0.000000
1527,-56.077478,346.449532,0.000000
1528,-56.061578,346.223692,0.000000
1529,-56.045714,345.998046,0.000000
1530,-56.029886,345.772592,0.000000
1531,-56.014093,345.547331,0.000000
1532,-55.998334,345.322262,0.000000
1533,-55.982175,345.097385,0.000000
1534,-55.966067,344.872701,0.000000
1535,-55.950011,344.648210,0.000000
1536,-55.934006,344.423911,0.000000
1537,-55.918050,344.199804,0.000000
1538,-55.902143,343.975890,0.000000
1539,-55.886284,343.752167,0.000000
1540,-55.870472,343.528636,0.000000
1541,-55.854705,343.305295,0.000000
1542,-55.838985,343.082146,0.000000
1543,-55.823308,342.859187,0.000000
1544,-55.807676,342.636419,0.000000
1545,-55.792086,342.413841,0.000000
1546,-55.776538,342.191453,0.000000
1547,-55.761032,341.969255,0.000000
1548,-55.745567,341.747246,0.000000
1549,-55.730141,341.525427,0.000000
1550,-55.714755,341.303796,0.000000
1551,-55.699408,341.082354,0.000000
1552,-55.684098,340.861101,0.000000
1553,-55.668825,340.640036,0.000000
1554,-55.653590,340.419160,0.000000
1555,-55.638390,340.198471,0.000000
1556,-55.623225,339.977969,0.000000
1557,-55.608096,339.757656,0.000000
1558,-55.593000,339.537529,0.000000
1559,-55.577938,339.317590,0.000000
1560,-55.562909,339.097837,0.000000
1561,-55.547913,338.878271,0.000000
1562,-55.532948,338.658891,0.000000
1563,-55.518015,338.439697,0.000000
1564,-55.503113,338.220689,0.000000
1565,-55.488241,338.001867,0.000000
1566,-55.473399,337.783231,0.000000
1567,-55.458586,337.564780,0.000000
1568,-55.443802,337.346514,0.000000
1569,-55.429046,337.128433,0.000000
1570,-55.414319,336.910537,0.000000
1571,-55.399618,336.692825,0.000000
1572,-55.384945,336.475297,0.000000
1573,-55.370298,336.257954,0.000000
1574,-55.355677,336.040795,0.000000
1575,-55.341082,335.823819,0.000000
1576,-55.326513,335.607027,0.000000
1577,-55.311968,335.390419,0.000000
1578,-55.297448,335.173993,0.000000
1579,-55.282951,334.957751,0.000000
1580,-55.268479,334.741691,0.000000
1581,-55.254029,334.525814,0.000000
1582,-55.239603,334.310120,0.000000
1583,-55.225199,334.094608,0.000000
1584,-55.210818,333.879277,0.000000
1585,-55.196458,333.664129,0.000000
1586,-55.182120,333.449163,0.000000
1587,-55.167803,333.234378,0.000000
1588,-55.153507,333.019774,0.000000
1589,-55.139231,332.805352,0.000000
1590,-55.124976,332.591110,0.000000
1591,-55.110740,332.377050,0.000000
1592,-55.096524,332.163170,0.000000
1593,-55.082328,331.949470,0.000000
1594,-55.068150,331.735951,0.000000
1595,-55.053991,331.522612,0.000000
1596,-55.039851,331.309454,0.000000
1597,-55.025728,331.096474,0.000000
1598,-55.011624,330.883675,0.000000
1599,-54.997537,330.671055,0.000000
1600,-54.983467,330.458614,0.000000
1601,-54.969415,330.246353,0.000000
1602,-54.955379,330.034270,0.000000
1603,-54.941360,329.822366,0.000000
1604,-54.927357,329.610641,0.000000
1605,-54.913370,329.399095,0.000000
1606,-54.899399,329.187726,0.000000
1607,-54.885444,328.976536,0.000000
1608,-54.871504,328.765524,0.000000
1609,-54.857579,328.554690,0.000000
1610,-54.843669,328.344033,0.000000
1611,-54.829774,328.133554,0.000000
1612,-54.815893,327.923253,0.000000
1613,-54.802027,327.713128,0.000000
1614,-54.788174,327.503181,0.000000
1615,-54.774336,327.293410,0.000000
1616,-54.760511,327.083817,0.000000
1617,-54.746699,326.874400,0.000000
1618,-54.732901,326.665159,0.000000
1619,-54.719115,326.456095,0.000000
1620,-54.705343,326.247206,0.000000
1621,-54.691583,326.038494,0.000000
1622,-54.677836,325.829958,0.000000
1623,-54.664101,325.621597,0.000000
1624,-54.650378,325.413412,0.000000
1625,-54.636667,325.205402,0.000000
1626,-54.622968,324.997567,0.000000
1627,-54.609281,324.789908,0.000000
1628,-54.595605,324.582423,0.000000
1629,-54.581940,324.375113,0.000000
1630,-54.568286,324.167978,0.000000
1631,-54.554644,323.961018,0.000000
1632,-54.541012,323.754231,0.000000
1633,-54.527391,323.547619,0.000000
1634,-54.513780,323.341181,0.000000
1635,-54.500180,323.134917,0.000000
1636,-54.486589,322.928827,0.000000
1637,-54.473009,322.722910,0.000000
1638,-54.459439,322.517167,0.000000
1639,-54.445879,322.311597,0.000000
1640,-54.432328,322.106200,0.000000
1641,-54.418786,321.900977,0.000000
1642,-54.405254,321.695926,0.000000
1643,-54.391731,321.491048,0.000000
1644,-54.378218,321.286343,0.000000
1645,-54.364713,321.081811,0.000000
1646,-54.351217,320.877450,0.000000
1647,-54.337729,320.673262,0.000000
1648,-54.324251,320.469246,0.000000
1649,-54.310780,320.265402,0.000000
1650,-54.297318,320.061730,0.000000
1651,-54.283864,319.858229,0.000000
1652,-54.270418,319.654900,0.000000
1653,-54.256980,319.451743,0.000000
1654,-54.243550,319.248756,0.000000
1655,-54.230127,319.045941,0.000000
1656,-54.216712,318.843297,0.000000
1657,-54.203304,318.640824,0.000000
1658,-54.189904,318.438521,0.000000
1659,-54.176510,318.236389,0.000000
1660,-54.163124,318.034428,0.000000
1661,-54.149745,317.832636,0.000000
1662,-54.136373,317.631015,0.000000
1663,-54.123008,317.429564,0.000000
1664,-54.109649,317.228284,0.000000
1665,-54.096297,317.027172,0.000000
1666,-54.082951,316.826231,0.000000
1667,-54.069611,316.625459,0.000000
1668,-54.056278,316.424857,0.000000
1669,-54.042951,316.224423,0.000000
1670,-54.029630,316.024159,0.000000
1671,-54.016314,315.824064,0.000000
1672,-54.003005,315.624138,0.000000
1673,-53.989701,315.424381,0.000000
1674,-53.975238,315.224792,0.000000
1675,-53.960825,315.025375,0.000000
1676,-53.946462,314.826129,0.000000
1677,-53.932145,314.627055,0.000000
1678,-53.917874,314.428151,0.000000
1679,-53.903649,314.229418,0.000000
1680,-53.889468,314.030856,0.000000
1681,-53.875329,313.832463,0.000000
1682,-53.861231,313.634241,0.000000
1683,-53.847174,313.436188,0.000000
1684,-53.833155,313.238305,0.000000
1685,-53.819174,313.040591,0.000000
1686,-53.805230,312.843046,0.000000
1687,-53.791321,312.645671,0.000000
1688,-53.777448,312.448463,0.000000
1689,-53.763608,312.251425,0.000000
1690,-53.749800,312.054554,0.000000
1691,-53.736025,311.857852,0.000000
1692,-53.722280,311.661317,0.000000
1693,-53.708564,311.464950,0.000000
1694,-53.694878,311.268751,0.000000
1695,-53.681219,311.072719,0.000000
1696,-53.667588,310.876854,0.000000
1697,-53.653984,310.681156,0.000000
1698,-53.640404,310.485625,0.000000
1699,-53.626850,310.290260,0.000000
1700,-53.613319,310.095062,0.000000
1701,-53.599812,309.900030,0.000000
1702,-53.586326,309.705164,0.000000
1703,-53.572863,309.510463,0.000000
1704,-53.559421,309.315929,0.000000
1705,-53.545999,309.121560,0.000000
1706,-53.532596,308.927356,0.000000
1707,-53.519212,308.733318,0.000000
1708,-53.505847,308.539445,0.000000
1709,-53.492499,308.345736,0.000000
1710,-53.479169,308.152192,0.000000
1711,-53.465854,307.958813,0.000000
1712,-53.452556,307.765598,0.000000
1713,-53.439273,307.572548,0.000000
1714,-53.426005,307.379662,0.000000
1715,-53.412750,307.186939,0.000000
1716,-53.399509,306.994381,0.000000
1717,-53.386281,306.801986,0.000000
1718,-53.373065,306.609755,0.000000
1719,-53.359862,306.417687,0.000000
1720,-53.346669,306.225782,0.000000
1721,-53.333488,306.034041,0.000000
1722,-53.320317,305.842462,0.000000
1723,-53.307155,305.651046,0.000000
1724,-53.294003,305.459793,0.000000
1725,-53.280860,305.268703,0.000000
1726,-53.267726,305.077775,0.000000
1727,-53.254600,304.887009,0.000000
1728,-53.241481,304.696406,0.000000
1729,-53.228370,304.505964,0.000000
1730,-53.215266,304.315685,0.000000
1731,-53.202168,304.125567,0.000000
1732,-53.189076,303.935611,0.000000
1733,-53.175989,303.745816,0.000000
1734,-53.162908,303.556183,0.000000
1735,-53.149832,303.366712,0.000000
1736,-53.136760,303.177401,0.000000
1737,-53.123692,302.988252,0.000000
1738,-53.110628,302.799263,0.000000
1739,-53.097568,302.610435,0.000000
1740,-53.084511,302.421768,0.000000
1741,-53.071456,302.233262,0.000000
1742,-53.058404,302.044916,0.000000
1743,-53.045354,301.856730,0.000000
1744,-53.032305,301.668705,0.000000
1745,-53.019258,301.480840,0.000000
1746,-53.006212,301.293135,0.000000
1747,-52.993167,301.105589,0.000000
1748,-52.980122,300.918204,0.000000
1749,-52.967078,300.730978,0.000000
1750,-52.954034,300.543912,0.000000
1751,-52.940990,300.357006,0.000000
1752,-52.927945,300.170258,0.000000
1753,-52.914899,299.983670,0.000000
1754,-52.901851,299.797242,0.000000
1755,-52.888802,299.610972,0.000000
1756,-52.875752,299.424861,0.000000
1757,-52.862699,299.238909,0.000000
1758,-52.849645,299.053116,0.000000
1759,-52.836588,298.867482,0.000000
1760,-52.823528,298.682006,0.000000
1761,-52.810465,298.496689,0.000000
1762,-52.797399,298.311530,0.000000
1763,-52.784330,298.126529,0.000000
1764,-52.771256,297.941687,0.000000
1765,-52.758180,297.757003,0.000000
1766,-52.745098,297.572476,0.000000
1767,-52.732013,297.388108,0.000000
1768,-52.718923,297.203897,0.000000
1769,-52.705827,297.019844,0.000000
1770,-52.692727,296.835949,0.000000
1771,-52.679621,296.652211,0.000000
1772,-52.666510,296.468631,0.000000
1773,-52.653393,296.285208,0.000000
1774,-52.640270,296.101942,0.000000
1775,-52.627141,295.918833,0.000000
1776,-52.614006,295.735882,0.000000
1777,-52.600865,295.553087,0.000000
1778,-52.587716,295.370450,0.000000
1779,-52.574560,295.187969,0.000000
1780,-52.561398,295.005645,0.000000
1781,-52.548227,294.823477,0.000000
1782,-52.535050,294.641467,0.000000
1783,-52.521864,294.459612,0.000000
1784,-52.508671,294.277914,0.000000
1785,-52.495470,294.096373,0.000000
1786,-52.482260,293.914987,0.000000
1787,-52.469042,293.733758,0.000000
1788,-52.455814,293.552685,0.000000
1789,-52.442578,293.371768,0.000000
1790,-52.429334,293.191006,0.000000
1791,-52.416079,293.010401,0.000000
1792,-52.402816,292.829951,0.000000
1793,-52.389542,292.649657,0.000000
1794,-52.376259,292.469519,0.000000
1795,-52.362966,292.289536,0.000000
1796,-52.349662,292.109708,0.000000
1797,-52.336348,291.930036,0.000000
1798,-52.323023,291.750519,0.000000
1799,-52.309687,291.571158,0.000000
1800,-52.296341,291.391951,0.000000
1801,-52.282983,291.212900,0.000000
1802,-52.269614,291.034003,0.000000
1803,-52.256233,290.855262,0.000000
1804,-52.242840,290.676675,0.000000
1805,-52.229435,290.498243,0.000000
1806,-52.216018,290.319966,0.000000
1807,-52.202588,290.141843,0.000000
1808,-52.189147,289.963875,0.000000
1809,-52.175692,289.786062,0.000000
1810,-52.162225,289.608403,0.000000
1811,-52.148745,289.430898,0.000000
1812,-52.135251,289.253547,0.000000
1813,-52.121743,289.076351,0.000000
1814,-52.108222,288.899309,0.000000
1815,-52.094686,288.722421,0.000000
1816,-52.081137,288.545687,0.000000
1817,-52.067573,288.369107,0.000000
1818,-52.053994,288.192681,0.000000
1819,-52.040401,288.016408,0.000000
1820,-52.026793,287.840290,0.000000
1821,-52.013169,287.664325,0.000000
1822,-51.999531,287.488514,0.000000
1823,-51.982652,287.312856,0.000000
1824,-51.965885,287.137360,0.000000
1825,-51.949225,286.962027,0.000000
1826,-51.932667,286.786854,0.000000
1827,-51.916208,286.611842,0.000000
1828,-51.899843,286.436991,0.000000
1829,-51.883568,286.262301,0.000000
1830,-51.867381,286.087770,0.000000
1831,-51.851276,285.913398,0.000000
1832,-51.835251,285.739186,0.000000
1833,-51.819300,285.565133,0.000000
1834,-51.803422,285.391238,0.000000
1835,-51.787614,285.217501,0.000000
1836,-51.771871,285.043923,0.000000
1837,-51.756193,284.870502,0.000000
1838,-51.740573,284.697239,0.000000
1839,-51.725011,284.524132,0.000000
1840,-51.709502,284.351183,0.000000
1841,-51.694045,284.178390,0.000000
1842,-51.678638,284.005754,0.000000
1843,-51.663276,283.833274,0.000000
1844,-51.647958,283.660950,0.000000
1845,-51.632680,283.488781,0.000000
1846,-51.617443,283.316768,0.000000
1847,-51.602241,283.144911,0.000000
1848,-51.587072,282.973208,0.000000
1849,-51.571935,282.801661,0.000000
1850,-51.556828,282.630268,0.000000
1851,-51.541750,282.459030,0.000000
1852,-51.526696,282.287946,0.000000
1853,-51.511666,282.117016,0.000000
1854,-51.496656,281.946240,0.000000
1855,-51.481668,281.775618,0.000000
1856,-51.466698,281.605150,0.000000
1857,-51.451742,281.434836,0.000000
1858,-51.436802,281.264675,0.000000
1859,-51.421872,281.094667,0.000000
1860,-51.406955,280.924812,0.000000
1861,-51.392044,280.755110,0.000000
1862,-51.377141,280.585562,0.000000
1863,-51.362242,280.416166,0.000000
1864,-51.347347,280.246922,0.000000
1865,-51.332455,280.077832,0.000000
1866,-51.317563,279.908893,0.000000
1867,-51.302670,279.740107,0.000000
1868,-51.287775,279.571473,0.000000
1869,-51.272875,279.402992,0.000000
1870,-51.257971,279.234662,0.000000
1871,-51.243058,279.066485,0.000000
1872,-51.228137,278.898459,0.000000
1873,-51.213207,278.730585,0.000000
1874,-51.198266,278.562863,0.000000
1875,-51.183312,278.395292,0.000000
1876,-51.168343,278.227873,0.000000
1877,-51.153359,278.060606,0.000000
1878,-51.138358,277.893490,0.000000
1879,-51.123340,277.726526,0.000000
1880,-51.108301,277.559712,0.000000
1881,-51.093243,277.393051,0.000000
1882,-51.078163,277.226540,0.000000
1883,-51.063057,277.060181,0.000000
1884,-51.047929,276.893972,0.000000
1885,-51.032775,276.727915,0.000000
1886,-51.017594,276.562009,0.000000
1887,-51.002384,276.396255,0.000000
1888,-50.987145,276.230651,0.000000
1889,-50.971876,276.065198,0.000000
1890,-50.956575,275.899896,0.000000
1891,-50.941242,275.734746,0.000000
1892,-50.925875,275.569746,0.000000
1893,-50.910472,275.404897,0.000000
1894,-50.895031,275.240199,0.000000
1895,-50.879553,275.075653,0.000000
1896,-50.864035,274.911257,0.000000
1897,-50.848476,274.747012,0.000000
1898,-50.832877,274.582918,0.000000
1899,-50.817235,274.418975,0.000000
1900,-50.801550,274.255183,0.000000
1901,-50.785818,274.091543,0.000000
1902,-50.770040,273.928053,0.000000
1903,-50.754215,273.764714,0.000000
1904,-50.738341,273.601526,0.000000
1905,-50.722417,273.438490,0.000000
1906,-50.706441,273.275605,0.000000
1907,-50.690413,273.112870,0.000000
1908,-50.674331,272.950288,0.000000
1909,-50.658195,272.787856,0.000000
1910,-50.642003,272.625576,0.000000
1911,-50.625752,272.463447,0.000000
1912,-50.609443,272.301469,0.000000
1913,-50.593074,272.139643,0.000000
1914,-50.576645,271.977968,0.000000
1915,-50.560153,271.816445,0.000000
1916,-50.543596,271.655074,0.000000
1917,-50.526974,271.493855,0.000000
1918,-50.510286,271.332787,0.000000
1919,-50.493529,271.171871,0.000000
1920,-50.476704,271.011107,0.000000
1921,-50.459807,270.850495,0.000000
1922,-50.442839,270.690036,0.000000
1923,-50.425797,270.529728,0.000000
1924,-50.408678,270.369573,0.000000
1925,-50.391483,270.209570,0.000000
1926,-50.374211,270.049720,0.000000
1927,-50.356858,269.890022,0.000000
1928,-50.339425,269.730477,0.000000
1929,-50.321908,269.571085,0.000000
1930,-50.304306,269.411846,0.000000
1931,-50.286619,269.252760,0.000000
1932,-50.268844,269.093828,0.000000
1933,-50.250979,268.935048,0.000000
1934,-50.233022,268.776422,0.000000
1935,-50.214971,268.617950,0.000000
1936,-50.196826,268.459632,0.000000
1937,-50.178586,268.301467,0.000000
1938,-50.160247,268.143457,0.000000
1939,-50.141806,267.985600,0.000000
1940,-50.123264,267.827899,0.000000
1941,-50.104616,267.670351,0.000000
1942,-50.085862,267.512959,0.000000
1943,-50.066998,267.355721,0.000000
1944,-50.048024,267.198639,0.000000
1945,-50.028936,267.041712,0.000000
1946,-50.009732,266.884940,0.000000
1947,-49.990410,266.728325,0.000000
1948,-49.970965,266.571865,0.000000
1949,-49.951397,266.415561,0.000000
1950,-49.931704,266.259414,0.000000
1951,-49.911883,266.103423,0.000000
1952,-49.891930,265.947589,0.000000
1953,-49.871843,265.791912,0.000000
1954,-49.851621,265.636393,0.000000
1955,-49.831259,265.481031,0.000000
1956,-49.810756,265.325827,0.000000
1957,-49.790105,265.170781,0.000000
1958,-49.769304,265.015894,0.000000
1959,-49.748352,264.861165,0.000000
1960,-49.727245,264.706595,0.000000
1961,-49.705979,264.552185,0.000000
1962,-49.684549,264.397935,0.000000
1963,-49.662952,264.243844,0.000000
1964,-49.641184,264.089914,0.000000
1965,-49.619242,263.936144,0.000000
1966,-49.597121,263.782535,0.000000
1967,-49.574815,263.629088,0.000000
1968,-49.552322,263.475802,0.000000
1969,-49.529636,263.322679,0.000000
1970,-49.506752,263.169718,0.000000
1971,-49.483667,263.016921,0.000000
1972,-49.460370,262.864286,0.000000
1973,-49.436861,262.711816,0.000000
1974,-49.413132,262.559510,0.000000
1975,-49.389177,262.407369,0.000000
1976,-49.364993,262.255393,0.000000
1977,-49.340570,262.103582,0.000000
1978,-49.315902,261.951939,0.000000
1979,-49.290983,261.800462,0.000000
1980,-49.265804,261.649152,0.000000
1981,-49.240359,261.498011,0.000000
1982,-49.214641,261.347038,0.000000
1983,-49.188641,261.196234,0.000000
1984,-49.162349,261.045600,0.000000
1985,-49.135758,260.895137,0.000000
1986,-49.108856,260.744845,0.000000
1987,-49.081635,260.594725,0.000000
1988,-49.054085,260.444778,0.000000
1989,-49.026193,260.295004,0.000000
1990,-48.997948,260.145404,0.000000
1991,-48.969336,259.995979,0.000000
1992,-48.940347,259.846730,0.000000
1993,-48.910968,259.697658,0.000000
1994,-48.881185,259.548764,0.000000
1995,-48.850982,259.400048,0.000000
1996,-48.820343,259.251513,0.000000
1997,-48.789254,259.103157,0.000000
1998,-48.757695,258.954984,0.000000
1999,-48.725648,258.806994,0.000000
