0,-58.000000,0.000000,0.000000
1,-57.894817,0.000000,0.000000
2,-57.790150,0.000175,0.000000
3,-57.685996,0.000525,0.000000
4,-57.582352,0.001048,0.000000
5,-57.479215,0.001743,0.000000
6,-57.376582,0.002610,0.000000
7,-57.274451,0.003646,0.000000
8,-57.172817,0.004853,0.000000
9,-57.071679,0.006227,0.000000
10,-56.971032,0.007769,0.000000
11,-56.870875,0.009478,0.000000
12,-56.771203,0.011352,0.000000
13,-56.672015,0.013390,0.000000
14,-56.573306,0.015592,0.000000
15,-56.475073,0.017957,0.000000
16,-56.377314,0.020484,0.000000
17,-56.280025,0.023171,0.000000
18,-56.183204,0.026018,0.000000
19,-56.086846,0.029025,0.000000
20,-55.990950,0.032189,0.000000
21,-55.895511,0.035511,0.000000
22,-55.800527,0.038989,0.000000
23,-55.705994,0.042622,0.000000
24,-55.611908,0.046410,0.000000
25,-55.518268,0.050351,0.000000
26,-55.425068,0.054446,0.000000
27,-55.332307,0.058692,0.000000
28,-55.239980,0.063089,0.000000
29,-55.148084,0.067636,0.000000
30,-55.056615,0.072333,0.000000
31,-54.965571,0.077179,0.000000
32,-54.874948,0.082172,0.000000
33,-54.784741,0.087312,0.000000
34,-54.694947,0.092598,0.000000
35,-54.605563,0.098029,0.000000
36,-54.516584,0.103605,0.000000
37,-54.428007,0.109324,0.000000
38,-54.339828,0.115186,0.000000
39,-54.252044,0.121190,0.000000
40,-54.164652,0.127336,0.000000
41,-54.077646,0.133622,0.000000
42,-53.991022,0.140048,0.000000
43,-53.904778,0.146613,0.000000
44,-53.818908,0.153316,0.000000
45,-53.733409,0.160157,0.000000
46,-53.648275,0.167134,0.000000
47,-53.563504,0.174248,0.000000
48,-53.479091,0.181497,0.000000
49,-53.395031,0.188881,0.000000
50,-53.311319,0.196398,0.000000
51,-53.227953,0.204049,0.000000
52,-53.144925,0.211832,0.000000
53,-53.062233,0.219748,0.000000
54,-52.979870,0.227794,0.000000
55,-52.897833,0.235971,0.000000
56,-52.816115,0.244278,0.000000
57,-52.734712,0.252714,0.000000
58,-52.653617,0.261279,0.000000
59,-52.572827,0.269972,0.000000
60,-52.492334,0.278792,0.000000
61,-52.412133,0.287739,0.000000
62,-52.332220,0.296813,0.000000
63,-52.252591,0.306012,0.000000
64,-52.173239,0.315336,0.000000
65,-52.094156,0.324784,0.000000
66,-52.015338,0.334357,0.000000
67,-51.936778,0.344052,0.000000
68,-51.858469,0.353871,0.000000
69,-51.780406,0.363812,0.000000
70,-51.702580,0.373875,0.000000
71,-51.624986,0.384059,0.000000
72,-51.547616,0.394364,0.000000
73,-51.470464,0.404789,0.000000
74,-51.393522,0.415335,0.000000
75,-51.316782,0.425999,0.000000
76,-51.240237,0.436783,0.000000
77,-51.163879,0.447685,0.000000
78,-51.087699,0.458706,0.000000
79,-51.011690,0.469844,0.000000
80,-50.935841,0.481100,0.000000
81,-50.860144,0.492472,0.000000
82,-50.784589,0.503962,0.000000
83,-50.709166,0.515567,0.000000
84,-50.633865,0.527289,0.000000
85,-50.558675,0.539127,0.000000
86,-50.483586,0.551080,0.000000
87,-50.408583,0.563148,0.000000
88,-50.333664,0.575331,0.000000
89,-50.258818,0.587629,0.000000
90,-50.184030,0.600041,0.000000
91,-50.109289,0.612567,0.000000
92,-50.034581,0.625208,0.000000
93,-49.959892,0.637963,0.000000
94,-49.885209,0.650831,0.000000
95,-49.810517,0.663814,0.000000
96,-49.735803,0.676910,0.000000
97,-49.661051,0.690119,0.000000
98,-49.586246,0.703442,0.000000
99,-49.511371,0.716879,0.000000
100,-49.436408,0.730429,0.000000
101,-49.361342,0.744093,0.000000
102,-49.286152,0.757871,0.000000
103,-49.210819,0.771762,0.000000
104,-49.135323,0.785768,0.000000
105,-49.059643,0.799888,0.000000
106,-48.983754,0.814122,0.000000
107,-48.907633,0.828470,0.000000
108,-48.831255,0.842934,0.000000
109,-48.754592,0.857513,0.000000
110,-48.677615,0.872207,0.000000
111,-48.600295,0.887017,0.000000
112,-48.522599,0.901944,0.000000
113,-48.444492,0.916989,0.000000
114,-48.365945,0.932150,0.000000
115,-48.286935,0.947430,0.000000
116,-48.207420,0.962829,0.000000
117,-48.127358,0.978348,0.000000
118,-48.046704,0.993987,0.000000
119,-47.965412,1.009747,0.000000
120,-47.883433,1.025630,0.000000
121,-47.800715,1.041636,0.000000
122,-47.717202,1.057767,0.000000
123,-47.632836,1.074024,0.000000
124,-47.547553,1.090407,0.000000
125,-47.461286,1.106919,0.000000
126,-47.373960,1.123561,0.000000
127,-47.285496,1.140335,0.000000
128,-47.195807,1.157242,0.000000
129,-47.104798,1.174285,0.000000
130,-47.012364,1.191465,0.000000
131,-46.918391,1.208785,0.000000
132,-46.822753,1.226247,0.000000
133,-46.725311,1.243854,0.000000
134,-46.625907,1.261608,0.000000
135,-46.524370,1.279514,0.000000
136,-46.420504,1.297574,0.000000
137,-46.314133,1.315792,0.000000
138,-46.205055,1.334172,0.000000
139,-46.093002,1.352718,0.000000
140,-45.977680,1.371436,0.000000
141,-45.858758,1.390330,0.000000
142,-45.735863,1.409407,0.000000
143,-45.608571,1.428673,0.000000
144,-45.476394,1.448134,0.000000
145,-45.338765,1.467800,0.000000
146,-45.195016,1.487679,0.000000
147,-45.044355,1.507781,0.000000
148,-44.885825,1.528117,0.000000
149,-44.718265,1.548701,0.000000
150,-44.540236,1.569546,0.000000
151,-44.349931,1.590671,0.000000
152,-44.145303,1.612096,0.000000
153,-43.923599,1.633844,0.000000
154,-43.681122,1.655943,0.000000
155,-43.412996,1.678428,0.000000
156,-43.112514,1.701341,0.000000
157,-42.769998,1.724735,0.000000
158,-42.370662,1.748681,0.000000
159,-41.890876,1.773273,0.000000
160,-41.290713,1.798644,0.000000
161,-40.492225,1.824994,0.000000
162,-39.314031,1.852653,0.000000
163,-37.213195,1.882252,0.000000
164,-31.238229,1.915328,0.000000
165,0.000000,1.958335,1.000000
166,-46.000000,102.053370,0.000000
167,-45.932136,101.988325,0.000000
168,-45.862029,101.923448,0.000000
169,-45.789514,101.858742,0.000000
170,-45.714407,101.794210,0.000000
171,-45.636507,101.729858,0.000000
172,-45.555585,101.665689,0.000000
173,-45.471385,101.601708,0.000000
174,-45.383618,101.537921,0.000000
175,-45.291953,101.474333,0.000000
176,-45.196014,101.410952,0.000000
177,-45.095364,101.347782,0.000000
178,-44.989497,101.284834,0.000000
179,-44.877818,101.222114,0.000000
180,-44.759627,101.159632,0.000000
181,-44.634083,101.097400,0.000000
182,-44.500173,101.035429,0.000000
183,-44.356660,100.973732,0.000000
184,-44.202253,100.912326,0.000000
185,-44.035151,100.851229,0.000000
186,-43.853045,100.790461,0.000000
187,-43.653009,100.730047,0.000000
188,-43.431232,100.670017,0.000000
189,-43.182592,100.610407,0.000000
190,-42.899936,100.551260,0.000000
191,-42.572809,100.492635,0.000000
192,-42.185047,100.434603,0.000000
193,-41.711586,100.377265,0.000000
194,-41.107594,100.320765,0.000000
195,-40.284834,100.265318,0.000000
196,-39.031195,100.211289,0.000000
197,-36.663951,100.159395,0.000000
198,-28.848050,100.111489,0.000000
199,0.000000,100.076649,1.000000
200,-46.000000,200.089918,0.000000
201,-45.981154,199.943177,0.000000
202,-45.961630,199.796589,0.000000
203,-45.941398,199.650156,0.000000
204,-45.920429,199.503878,0.000000
205,-45.898689,199.357758,0.000000
206,-45.876145,199.211795,0.000000
207,-45.852760,199.065992,0.000000
208,-45.828495,198.920349,0.000000
209,-45.803308,198.774868,0.000000
210,-45.777154,198.629550,0.000000
211,-45.749987,198.484397,0.000000
212,-45.721754,198.339410,0.000000
213,-45.692402,198.194591,0.000000
214,-45.661870,198.049941,0.000000
215,-45.630096,197.905463,0.000000
216,-45.597010,197.761158,0.000000
217,-45.562537,197.617029,0.000000
218,-45.526598,197.473077,0.000000
219,-45.489103,197.329305,0.000000
220,-45.449957,197.185716,0.000000
221,-45.409055,197.042311,0.000000
222,-45.366283,196.899094,0.000000
223,-45.321513,196.756068,0.000000
224,-45.274606,196.613235,0.000000
225,-45.225409,196.470600,0.000000
226,-45.173749,196.328165,0.000000
227,-45.119435,196.185936,0.000000
228,-45.062254,196.043915,0.000000
229,-45.001964,195.902108,0.000000
230,-44.938293,195.760520,0.000000
231,-44.870931,195.619155,0.000000
232,-44.799525,195.478021,0.000000
233,-44.723667,195.337124,0.000000
234,-44.642885,195.196470,0.000000
235,-44.556629,195.056068,0.000000
236,-44.464251,194.915927,0.000000
237,-44.364995,194.776057,0.000000
238,-44.258142,194.636468,0.000000
239,-44.142613,194.497174,0.000000
240,-44.017114,194.358189,0.000000
241,-43.880063,194.219529,0.000000
242,-43.729506,194.081212,0.000000
243,-43.562972,193.943262,0.000000
244,-43.377276,193.805705,0.000000
245,-43.168198,193.668571,0.000000
246,-42.929966,193.531900,0.000000
247,-42.654374,193.395740,0.000000
248,-42.329196,193.260153,0.000000
249,-41.935931,193.125221,0.000000
250,-41.444060,192.991057,0.000000
251,-40.797672,192.857824,0.000000
252,-39.879621,192.725780,0.000000
253,-38.385395,192.595376,0.000000
254,-35.145976,192.467571,0.000000
255,-18.455989,192.345271,0.000000
256,0.000000,192.250890,1.000000
257,-46.000000,292.187348,0.000000
258,-46.027203,291.963858,0.000000
259,-46.055157,291.740510,0.000000
260,-46.083870,291.517301,0.000000
261,-46.113353,291.294230,0.000000
262,-46.143614,291.071296,0.000000
263,-46.174660,290.848497,0.000000
264,-46.206497,290.625832,0.000000
265,-46.239131,290.403300,0.000000
266,-46.272567,290.180899,0.000000
267,-46.306809,289.958627,0.000000
268,-46.341858,289.736484,0.000000
269,-46.377716,289.514467,0.000000
270,-46.414383,289.292575,0.000000
271,-46.451858,289.070808,0.000000
272,-46.490137,288.849162,0.000000
273,-46.529217,288.627638,0.000000
274,-46.569140,288.406233,0.000000
275,-46.609888,288.184946,0.000000
276,-46.651454,287.963775,0.000000
277,-46.693831,287.742719,0.000000
278,-46.737014,287.521777,0.000000
279,-46.780992,287.300948,0.000000
280,-46.825758,287.080229,0.000000
281,-46.871301,286.859619,0.000000
282,-46.917610,286.639117,0.000000
283,-46.964673,286.418722,0.000000
284,-47.012477,286.198432,0.000000
285,-47.061010,285.978246,0.000000
286,-47.110257,285.758162,0.000000
287,-47.160204,285.538180,0.000000
288,-47.210835,285.318298,0.000000
289,-47.262134,285.098514,0.000000
290,-47.314085,284.878829,0.000000
291,-47.366672,284.659240,0.000000
292,-47.419877,284.439746,0.000000
293,-47.473683,284.220346,0.000000
294,-47.528071,284.001040,0.000000
295,-47.583023,283.781826,0.000000
296,-47.638522,283.562702,0.000000
297,-47.694547,283.343669,0.000000
298,-47.751081,283.124725,0.000000
299,-47.808105,282.905870,0.000000
300,-47.865598,282.687101,0.000000
301,-47.923541,282.468419,0.000000
302,-47.981916,282.249823,0.000000
303,-48.040701,282.031312,0.000000
304,-48.099878,281.812885,0.000000
305,-48.159426,281.594541,0.000000
306,-48.219326,281.376280,0.000000
307,-48.279556,281.158101,0.000000
308,-48.340097,280.940003,0.000000
309,-48.400927,280.721986,0.000000
310,-48.462026,280.504050,0.000000
311,-48.523373,280.286193,0.000000
312,-48.584962,280.068415,0.000000
313,-48.646777,279.850717,0.000000
314,-48.708796,279.633097,0.000000
315,-48.771003,279.415554,0.000000
316,-48.833376,279.198090,0.000000
317,-48.895899,278.980702,0.000000
318,-48.958554,278.763392,0.000000
319,-49.021323,278.546158,0.000000
320,-49.084190,278.329001,0.000000
321,-49.147138,278.111920,0.000000
322,-49.210151,277.894915,0.000000
323,-49.273215,277.677985,0.000000
324,-49.336315,277.461132,0.000000
325,-49.399436,277.244354,0.000000
326,-49.462564,277.027651,0.000000
327,-49.525687,276.811024,0.000000
328,-49.588791,276.594472,0.000000
329,-49.651864,276.377995,0.000000
330,-49.714894,276.161594,0.000000
331,-49.777869,275.945268,0.000000
332,-49.840779,275.729017,0.000000
333,-49.903611,275.512841,0.000000
334,-49.966355,275.296741,0.000000
335,-50.029002,275.080717,0.000000
336,-50.091541,274.864768,0.000000
337,-50.153963,274.648895,0.000000
338,-50.216259,274.433097,0.000000
339,-50.278418,274.217376,0.000000
340,-50.340433,274.001731,0.000000
341,-50.402294,273.786162,0.000000
342,-50.463993,273.570670,0.000000
343,-50.525522,273.355254,0.000000
344,-50.586878,273.139916,0.000000
345,-50.648055,272.924654,0.000000
346,-50.709045,272.709470,0.000000
347,-50.769841,272.494364,0.000000
348,-50.830437,272.279336,0.000000
349,-50.890826,272.064386,0.000000
350,-50.951003,271.849514,0.000000
351,-51.010962,271.634721,0.000000
352,-51.070697,271.420007,0.000000
353,-51.130203,271.205373,0.000000
354,-51.189476,270.990818,0.000000
355,-51.248511,270.776343,0.000000
356,-51.307303,270.561949,0.000000
357,-51.365849,270.347635,0.000000
358,-51.424145,270.133402,0.000000
359,-51.482186,269.919251,0.000000
360,-51.539971,269.705181,0.000000
361,-51.597494,269.491194,0.000000
362,-51.654755,269.277288,0.000000
363,-51.711748,269.063466,0.000000
364,-51.768472,268.849727,0.000000
365,-51.824925,268.636071,0.000000
366,-51.881103,268.422500,0.000000
367,-51.937004,268.209013,0.000000
368,-51.992627,267.995610,0.000000
369,-52.047970,267.782293,0.000000
370,-52.103029,267.569061,0.000000
371,-52.157805,267.355915,0.000000
372,-52.212294,267.142856,0.000000
373,-52.266495,266.929883,0.000000
374,-52.320407,266.716997,0.000000
375,-52.374029,266.504199,0.000000
376,-52.427358,266.291489,0.000000
377,-52.480394,266.078867,0.000000
378,-52.533135,265.866334,0.000000
379,-52.585583,265.653890,0.000000
380,-52.637736,265.441536,0.000000
381,-52.689594,265.229272,0.000000
382,-52.741155,265.017098,0.000000
383,-52.792419,264.805015,0.000000
384,-52.843386,264.593024,0.000000
385,-52.894053,264.381124,0.000000
386,-52.944423,264.169316,0.000000
387,-52.994493,263.957601,0.000000
388,-53.044263,263.745979,0.000000
389,-53.093734,263.534450,0.000000
390,-53.142905,263.323015,0.000000
391,-53.191776,263.111675,0.000000
392,-53.240347,262.900429,0.000000
393,-53.288618,262.689278,0.000000
394,-53.336590,262.478222,0.000000
395,-53.384261,262.267263,0.000000
396,-53.431633,262.056400,0.000000
397,-53.478706,261.845633,0.000000
398,-53.525479,261.634964,0.000000
399,-53.571954,261.424393,0.000000
400,-53.618130,261.213919,0.000000
401,-53.664009,261.003544,0.000000
402,-53.709590,260.793268,0.000000
403,-53.754874,260.583091,0.000000
404,-53.799861,260.373013,0.000000
405,-53.844553,260.163036,0.000000
406,-53.888949,259.953159,0.000000
407,-53.933050,259.743383,0.000000
408,-53.976857,259.533709,0.000000
409,-54.020370,259.324136,0.000000
410,-54.063591,259.114665,0.000000
411,-54.106519,258.905297,0.000000
412,-54.149156,258.696032,0.000000
413,-54.191502,258.486870,0.000000
414,-54.233558,258.277812,0.000000
415,-54.275325,258.068858,0.000000
416,-54.316803,257.860008,0.000000
417,-54.357994,257.651263,0.000000
418,-54.398898,257.442624,0.000000
419,-54.439515,257.234090,0.000000
420,-54.479848,257.025663,0.000000
421,-54.519895,256.817342,0.000000
422,-54.559660,256.609128,0.000000
423,-54.599143,256.401021,0.000000
424,-54.638345,256.193021,0.000000
425,-54.677266,255.985130,0.000000
426,-54.715908,255.777347,0.000000
427,-54.754271,255.569672,0.000000
428,-54.792357,255.362107,0.000000
429,-54.830166,255.154652,0.000000
430,-54.867699,254.947306,0.000000
431,-54.904958,254.740070,0.000000
432,-54.941943,254.532945,0.000000
433,-54.978655,254.325931,0.000000
434,-55.015096,254.119029,0.000000
435,-55.051266,253.912238,0.000000
436,-55.087166,253.705559,0.000000
437,-55.122798,253.498992,0.000000
438,-55.158162,253.292538,0.000000
439,-55.193259,253.086198,0.000000
440,-55.228092,252.879970,0.000000
441,-55.262659,252.673857,0.000000
442,-55.296963,252.467858,0.000000
443,-55.331005,252.261973,0.000000
444,-55.364786,252.056203,0.000000
445,-55.398307,251.850548,0.000000
446,-55.431568,251.645009,0.000000
447,-55.464571,251.439585,0.000000
448,-55.497318,251.234278,0.000000
449,-55.529808,251.029087,0.000000
450,-55.562044,250.824014,0.000000
451,-55.594026,250.619057,0.000000
452,-55.625756,250.414218,0.000000
453,-55.657234,250.209496,0.000000
454,-55.688462,250.004893,0.000000
455,-55.719440,249.800408,0.000000
456,-55.750170,249.596042,0.000000
457,-55.780653,249.391795,0.000000
458,-55.810890,249.187667,0.000000
459,-55.840883,248.983660,0.000000
460,-55.870631,248.779772,0.000000
461,-55.900137,248.576004,0.000000
462,-55.929400,248.372357,0.000000
463,-55.958424,248.168831,0.000000
464,-55.987208,247.965427,0.000000
465,-56.015753,247.762144,0.000000
466,-56.044062,247.558982,0.000000
467,-56.072134,247.355943,0.000000
468,-56.099971,247.153026,0.000000
469,-56.127574,246.950232,0.000000
470,-56.154944,246.747561,0.000000
471,-56.182082,246.545013,0.000000
472,-56.208990,246.342589,0.000000
473,-56.235668,246.140288,0.000000
474,-56.262117,245.938112,0.000000
475,-56.288339,245.736060,0.000000
476,-56.314334,245.534133,0.000000
477,-56.340104,245.332331,0.000000
478,-56.365649,245.130653,0.000000
479,-56.390971,244.929102,0.000000
480,-56.416071,244.727676,0.000000
481,-56.440950,244.526376,0.000000
482,-56.465609,244.325203,0.000000
483,-56.490049,244.124156,0.000000
484,-56.514271,243.923235,0.000000
485,-56.538276,243.722442,0.000000
486,-56.562065,243.521777,0.000000
487,-56.585639,243.321238,0.000000
488,-56.609000,243.120828,0.000000
489,-56.632148,242.920546,0.000000
490,-56.655085,242.720392,0.000000
491,-56.677811,242.520366,0.000000
492,-56.700327,242.320469,0.000000
493,-56.722635,242.120702,0.000000
494,-56.744736,241.921064,0.000000
495,-56.766629,241.721555,0.000000
496,-56.788318,241.522176,0.000000
497,-56.809802,241.322927,0.000000
498,-56.831082,241.123808,0.000000
499,-56.852160,240.924820,0.000000
500,-56.873037,240.725962,0.000000
501,-56.893713,240.527236,0.000000
502,-56.914190,240.328640,0.000000
503,-56.934469,240.130176,0.000000
504,-56.954549,239.931843,0.000000
505,-56.974434,239.733643,0.000000
506,-56.994123,239.535574,0.000000
507,-57.013617,239.337637,0.000000
508,-57.032918,239.139833,0.000000
509,-57.052027,238.942162,0.000000
510,-57.070944,238.744623,0.000000
511,-57.089670,238.547218,0.000000
512,-57.108207,238.349946,0.000000
513,-57.126555,238.152807,0.000000
514,-57.144715,237.955802,0.000000
515,-57.162689,237.758931,0.000000
516,-57.180477,237.562195,0.000000
517,-57.198080,237.365592,0.000000
518,-57.215499,237.169124,0.000000
519,-57.232735,236.972790,0.000000
520,-57.249789,236.776592,0.000000
521,-57.266662,236.580528,0.000000
522,-57.283355,236.384600,0.000000
523,-57.299869,236.188808,0.000000
524,-57.316204,235.993150,0.000000
525,-57.332362,235.797629,0.000000
526,-57.348343,235.602244,0.000000
527,-57.364149,235.406995,0.000000
528,-57.379780,235.211882,0.000000
529,-57.395238,235.016906,0.000000
530,-57.410522,234.822066,0.000000
531,-57.425635,234.627364,0.000000
532,-57.440576,234.432798,0.000000
533,-57.455348,234.238370,0.000000
534,-57.469950,234.044079,0.000000
535,-57.484383,233.849926,0.000000
536,-57.498649,233.655910,0.000000
537,-57.512749,233.462033,0.000000
538,-57.526682,233.268293,0.000000
539,-57.540451,233.074692,0.000000
540,-57.554056,232.881229,0.000000
541,-57.567497,232.687904,0.000000
542,-57.580776,232.494719,0.000000
543,-57.593894,232.301672,0.000000
544,-57.606851,232.108764,0.000000
545,-57.619648,231.915995,0.000000
546,-57.632287,231.723366,0.000000
547,-57.644767,231.530876,0.000000
548,-57.657090,231.338526,0.000000
549,-57.669256,231.146315,0.000000
550,-57.681267,230.954244,0.000000
551,-57.693123,230.762314,0.000000
552,-57.704825,230.570523,0.000000
553,-57.716374,230.378873,0.000000
554,-57.727770,230.187364,0.000000
555,-57.739015,229.995994,0.000000
556,-57.750109,229.804766,0.000000
557,-57.761054,229.613679,0.000000
558,-57.771849,229.422732,0.000000
559,-57.782496,229.231927,0.000000
560,-57.792995,229.041263,0.000000
561,-57.803348,228.850740,0.000000
562,-57.813554,228.660359,0.000000
563,-57.823616,228.470119,0.000000
564,-57.833532,228.280022,0.000000
565,-57.843306,228.090066,0.000000
566,-57.852936,227.900252,0.000000
567,-57.862425,227.710580,0.000000
568,-57.871771,227.521051,0.000000
569,-57.880978,227.331663,0.000000
570,-57.890044,227.142419,0.000000
571,-57.898972,226.953317,0.000000
572,-57.907761,226.764357,0.000000
573,-57.916413,226.575541,0.000000
574,-57.924927,226.386867,0.000000
575,-57.933306,226.198337,0.000000
576,-57.941549,226.009949,0.000000
577,-57.949658,225.821705,0.000000
578,-57.957633,225.633604,0.000000
579,-57.965474,225.445647,0.000000
580,-57.973183,225.257833,0.000000
581,-57.980761,225.070163,0.000000
582,-57.988207,224.882637,0.000000
583,-57.995523,224.695254,0.000000
584,-58.002709,224.508015,0.000000
585,-58.009767,224.320921,0.000000
586,-58.016696,224.133971,0.000000
587,-58.023498,223.947164,0.000000
588,-58.030173,223.760503,0.000000
589,-58.036722,223.573985,0.000000
590,-58.043146,223.387612,0.000000
591,-58.049445,223.201384,0.000000
592,-58.055619,223.015301,0.000000
593,-58.061671,222.829362,0.000000
594,-58.067600,222.643568,0.000000
595,-58.073406,222.457919,0.000000
596,-58.079092,222.272415,0.000000
597,-58.084656,222.087056,0.000000
598,-58.090101,221.901843,0.000000
599,-58.095426,221.716774,0.000000
600,-58.100633,221.531851,0.000000
601,-58.105722,221.347074,0.000000
602,-58.110693,221.162442,0.000000
603,-58.115547,220.977955,0.000000
604,-58.120286,220.793614,0.000000
605,-58.124909,220.609419,0.000000
606,-58.129417,220.425370,0.000000
607,-58.133811,220.241466,0.000000
608,-58.138091,220.057709,0.000000
609,-58.142258,219.874097,0.000000
610,-58.146314,219.690632,0.000000
611,-58.150257,219.507313,0.000000
612,-58.154090,219.324139,0.000000
613,-58.157812,219.141112,0.000000
614,-58.161424,218.958232,0.000000
615,-58.164927,218.775498,0.000000
616,-58.168321,218.592910,0.000000
617,-58.171608,218.410469,0.000000
618,-58.174787,218.228174,0.000000
619,-58.177859,218.046026,0.000000
620,-58.180825,217.864024,0.000000
621,-58.183686,217.682170,0.000000
622,-58.186441,217.500462,0.000000
623,-58.189093,217.318901,0.000000
624,-58.191640,217.137486,0.000000
625,-58.194084,216.956219,0.000000
626,-58.196425,216.775099,0.000000
627,-58.198665,216.594126,0.000000
628,-58.200803,216.413299,0.000000
629,-58.202840,216.232620,0.000000
630,-58.204776,216.052088,0.000000
631,-58.206613,215.871704,0.000000
632,-58.208351,215.691466,0.000000
633,-58.209990,215.511376,0.000000
634,-58.211531,215.331433,0.000000
635,-58.212974,215.151638,0.000000
636,-58.214320,214.971990,0.000000
637,-58.215570,214.792490,0.000000
638,-58.216724,214.613137,0.000000
639,-58.217782,214.433931,0.000000
640,-58.218746,214.254873,0.000000
641,-58.219616,214.075963,0.000000
642,-58.220392,213.897200,0.000000
643,-58.221074,213.718585,0.000000
644,-58.221664,213.540118,0.000000
645,-58.222162,213.361799,0.000000
646,-58.222568,213.183627,0.000000
647,-58.222883,213.005603,0.000000
648,-58.223108,212.827727,0.000000
649,-58.223242,212.649998,0.000000
650,-58.223287,212.472418,0.000000
651,-58.223243,212.294986,0.000000
652,-58.223110,212.117701,0.000000
653,-58.222890,211.940564,0.000000
654,-58.222582,211.763576,0.000000
655,-58.222187,211.586735,0.000000
656,-58.221705,211.410043,0.000000
657,-58.221138,211.233498,0.000000
658,-58.220485,211.057102,0.000000
659,-58.219747,210.880853,0.000000
660,-58.218925,210.704753,0.000000
661,-58.218018,210.528801,0.000000
662,-58.217028,210.352997,0.000000
663,-58.215955,210.177341,0.000000
664,-58.214800,210.001833,0.000000
665,-58.213562,209.826474,0.000000
666,-58.212243,209.651263,0.000000
667,-58.210843,209.476199,0.000000
668,-58.209362,209.301285,0.000000
669,-58.207801,209.126518,0.000000
670,-58.206160,208.951900,0.000000
671,-58.204440,208.777429,0.000000
672,-58.202641,208.603107,0.000000
673,-58.200764,208.428934,0.000000
674,-58.198809,208.254908,0.000000
675,-58.196776,208.081031,0.000000
676,-58.194667,207.907303,0.000000
677,-58.192481,207.733722,0.000000
678,-58.190219,207.560290,0.000000
679,-58.187882,207.387006,0.000000
680,-58.185469,207.213870,0.000000
681,-58.182982,207.040883,0.000000
682,-58.180420,206.868044,0.000000
683,-58.177785,206.695353,0.000000
684,-58.175076,206.522811,0.000000
685,-58.172294,206.350417,0.000000
686,-58.169440,206.178171,0.000000
687,-58.166513,206.006073,0.000000
688,-58.163515,205.834124,0.000000
689,-58.160446,205.662323,0.000000
690,-58.157306,205.490671,0.000000
691,-58.154095,205.319166,0.000000
692,-58.150815,205.147810,0.000000
693,-58.147465,204.976602,0.000000
694,-58.144046,204.805543,0.000000
695,-58.140558,204.634631,0.000000
696,-58.137002,204.463868,0.000000
697,-58.133377,204.293253,0.000000
698,-58.129686,204.122787,0.000000
699,-58.125927,203.952468,0.000000
700,-58.122102,203.782298,0.000000
701,-58.118210,203.612276,0.000000
702,-58.114253,203.442402,0.000000
703,-58.110230,203.272676,0.000000
704,-58.106141,203.103099,0.000000
705,-58.101989,202.933669,0.000000
706,-58.097771,202.764388,0.000000
707,-58.093490,202.595255,0.000000
708,-58.089146,202.426269,0.000000
709,-58.084738,202.257432,0.000000
710,-58.080267,202.088743,0.000000
711,-58.075734,201.920202,0.000000
712,-58.071140,201.751809,0.000000
713,-58.066483,201.583564,0.000000
714,-58.061765,201.415467,0.000000
715,-58.056987,201.247518,0.000000
716,-58.052147,201.079717,0.000000
717,-58.047248,200.912063,0.000000
718,-58.042289,200.744558,0.000000
719,-58.037270,200.577200,0.000000
720,-58.032193,200.409991,0.000000
721,-58.027057,200.242929,0.000000
722,-58.021862,200.076014,0.000000
723,-58.016610,199.909248,0.000000
724,-58.011300,199.742629,0.000000
725,-58.005932,199.576158,0.000000
726,-58.000508,199.409835,0.000000
727,-57.995027,199.243659,0.000000
728,-57.989491,199.077631,0.000000
729,-57.983898,198.911751,0.000000
730,-57.978250,198.746018,0.000000
731,-57.972546,198.580432,0.000000
732,-57.966788,198.414994,0.000000
733,-57.960975,198.249704,0.000000
734,-57.955109,198.084561,0.000000
735,-57.949188,197.919565,0.000000
736,-57.943214,197.754717,0.000000
737,-57.937187,197.590016,0.000000
738,-57.931107,197.425463,0.000000
739,-57.924974,197.261056,0.000000
740,-57.918790,197.096797,0.000000
741,-57.912554,196.932685,0.000000
742,-57.906266,196.768720,0.000000
743,-57.899927,196.604903,0.000000
744,-57.893537,196.441232,0.000000
745,-57.887097,196.277708,0.000000
746,-57.880607,196.114332,0.000000
747,-57.874066,195.951102,0.000000
748,-57.867476,195.788020,0.000000
749,-57.860837,195.625084,0.000000
750,-57.854149,195.462295,0.000000
751,-57.847413,195.299653,0.000000
752,-57.840628,195.137157,0.000000
753,-57.833795,194.974809,0.000000
754,-57.826914,194.812607,0.000000
755,-57.819986,194.650551,0.000000
756,-57.813011,194.488643,0.000000
757,-57.805990,194.326880,0.000000
758,-57.798921,194.165265,0.000000
759,-57.791807,194.003795,0.000000
760,-57.784646,193.842473,0.000000
761,-57.777440,193.681296,0.000000
762,-57.770189,193.520266,0.000000
763,-57.762893,193.359382,0.000000
764,-57.755552,193.198645,0.000000
765,-57.748167,193.038053,0.000000
766,-57.740737,192.877608,0.000000
767,-57.733264,192.717309,0.000000
768,-57.725747,192.557155,0.000000
769,-57.718186,192.397148,0.000000
770,-57.710583,192.237287,0.000000
771,-57.702937,192.077572,0.000000
772,-57.695249,191.918002,0.000000
773,-57.687518,191.758578,0.000000
774,-57.679746,191.599300,0.000000
775,-57.671932,191.440168,0.000000
776,-57.664077,191.281181,0.000000
777,-57.656180,191.122340,0.000000
778,-57.648243,190.963645,0.000000
779,-57.640265,190.805095,0.000000
780,-57.632247,190.646690,0.000000
781,-57.624189,190.488431,0.000000
782,-57.616092,190.330317,0.000000
783,-57.607954,190.172348,0.000000
784,-57.599778,190.014524,0.000000
785,-57.591563,189.856846,0.000000
786,-57.583309,189.699313,0.000000
787,-57.575016,189.541924,0.000000
788,-57.566686,189.384681,0.000000
789,-57.558317,189.227583,0.000000
790,-57.549911,189.070629,0.000000
791,-57.541468,188.913821,0.000000
792,-57.532987,188.757157,0.000000
793,-57.524469,188.600637,0.000000
794,-57.515915,188.444263,0.000000
795,-57.507324,188.288033,0.000000
796,-57.498697,188.131947,0.000000
797,-57.490035,187.976006,0.000000
798,-57.481336,187.820209,0.000000
799,-57.472602,187.664557,0.000000
800,-57.463833,187.509049,0.000000
801,-57.455029,187.353685,0.000000
802,-57.446190,187.198465,0.000000
803,-57.437317,187.043390,0.000000
804,-57.428410,186.888458,0.000000
805,-57.419468,186.733670,0.000000
806,-57.410493,186.579026,0.000000
807,-57.401484,186.424526,0.000000
808,-57.392442,186.270170,0.000000
809,-57.383367,186.115958,0.000000
810,-57.374259,185.961889,0.000000
811,-57.365118,185.807963,0.000000
812,-57.355945,185.654182,0.000000
813,-57.346740,185.500543,0.000000
814,-57.337503,185.347048,0.000000
815,-57.328234,185.193697,0.000000
816,-57.318933,185.040488,0.000000
817,-57.309602,184.887423,0.000000
818,-57.300239,184.734501,0.000000
819,-57.290845,184.581721,0.000000
820,-57.281421,184.429085,0.000000
821,-57.271966,184.276592,0.000000
822,-57.262481,184.124242,0.000000
823,-57.252966,183.972034,0.000000
824,-57.243422,183.819969,0.000000
825,-57.233847,183.668047,0.000000
826,-57.224244,183.516267,0.000000
827,-57.214611,183.364630,0.000000
828,-57.204949,183.213135,0.000000
829,-57.195258,183.061782,0.000000
830,-57.185539,182.910572,0.000000
831,-57.175792,182.759504,0.000000
832,-57.166016,182.608578,0.000000
833,-57.156213,182.457794,0.000000
834,-57.146381,182.307153,0.000000
835,-57.136523,182.156653,0.000000
836,-57.126637,182.006295,0.000000
837,-57.116723,181.856078,0.000000
838,-57.106783,181.706004,0.000000
839,-57.096816,181.556071,0.000000
840,-57.086823,181.406279,0.000000
841,-57.076803,181.256629,0.000000
842,-57.066757,181.107121,0.000000
843,-57.056685,180.957754,0.000000
844,-57.046587,180.808528,0.000000
845,-57.036463,180.659443,0.000000
846,-57.026314,180.510499,0.000000
847,-57.016140,180.361697,0.000000
848,-57.005941,180.213035,0.000000
849,-56.995717,180.064514,0.000000
850,-56.985468,179.916135,0.000000
851,-56.975195,179.767895,0.000000
852,-56.964898,179.619797,0.000000
853,-56.954576,179.471839,0.000000
854,-56.944230,179.324021,0.000000
855,-56.933861,179.176344,0.000000
856,-56.923468,179.028808,0.000000
857,-56.913051,178.881411,0.000000
858,-56.902612,178.734155,0.000000
859,-56.892149,178.587039,0.000000
860,-56.881663,178.440063,0.000000
861,-56.871155,178.293227,0.000000
862,-56.860624,178.146530,0.000000
863,-56.850070,177.999974,0.000000
864,-56.839495,177.853557,0.000000
865,-56.828897,177.707280,0.000000
866,-56.818277,177.561142,0.000000
867,-56.807636,177.415144,0.000000
868,-56.796973,177.269286,0.000000
869,-56.786289,177.123566,0.000000
870,-56.775583,176.977986,0.000000
871,-56.764857,176.832545,0.000000
872,-56.754109,176.687243,0.000000
873,-56.743341,176.542081,0.000000
874,-56.732552,176.397057,0.000000
875,-56.721743,176.252172,0.000000
876,-56.710913,176.107425,0.000000
877,-56.700064,175.962817,0.000000
878,-56.689194,175.818348,0.000000
879,-56.678304,175.674018,0.000000
880,-56.667395,175.529826,0.000000
881,-56.656467,175.385772,0.000000
882,-56.645519,175.241856,0.000000
883,-56.634552,175.098079,0.000000
884,-56.623565,174.954440,0.000000
885,-56.612560,174.810938,0.000000
886,-56.601536,174.667575,0.000000
887,-56.590494,174.524349,0.000000
888,-56.579433,174.381262,0.000000
889,-56.568353,174.238311,0.000000
890,-56.557256,174.095499,0.000000
891,-56.546141,173.952824,0.000000
892,-56.535007,173.810286,0.000000
893,-56.523856,173.667886,0.000000
894,-56.512687,173.525623,0.000000
895,-56.501501,173.383497,0.000000
896,-56.490298,173.241509,0.000000
897,-56.479077,173.099657,0.000000
898,-56.467839,172.957942,0.000000
899,-56.456585,172.816364,0.000000
900,-56.445313,172.674923,0.000000
901,-56.434025,172.533618,0.000000
902,-56.422721,172.392450,0.000000
903,-56.411400,172.251419,0.000000
904,-56.400063,172.110523,0.000000
905,-56.388711,171.969765,0.000000
906,-56.377342,171.829142,0.000000
907,-56.365957,171.688655,0.000000
908,-56.354557,171.548305,0.000000
909,-56.343141,171.408091,0.000000
910,-56.331710,171.268012,0.000000
911,-56.320264,171.128069,0.000000
912,-56.308802,170.988262,0.000000
913,-56.297325,170.848590,0.000000
914,-56.285834,170.709054,0.000000
915,-56.274328,170.569654,0.000000
916,-56.262807,170.430389,0.000000
917,-56.251271,170.291259,0.000000
918,-56.239721,170.152264,0.000000
919,-56.228157,170.013404,0.000000
920,-56.216579,169.874679,0.000000
921,-56.204987,169.736089,0.000000
922,-56.193380,169.597634,0.000000
923,-56.181760,169.459314,0.000000
924,-56.170126,169.321128,0.000000
925,-56.158479,169.183077,0.000000
926,-56.146818,169.045161,0.000000
927,-56.135144,168.907378,0.000000
928,-56.123457,168.769730,0.000000
929,-56.111756,168.632216,0.000000
930,-56.100043,168.494837,0.000000
931,-56.088316,168.357591,0.000000
932,-56.076577,168.220479,0.000000
933,-56.064825,168.083501,0.000000
934,-56.053061,167.946657,0.000000
935,-56.041284,167.809946,0.000000
936,-56.029495,167.673369,0.000000
937,-56.017694,167.536925,0.000000
938,-56.005880,167.400615,0.000000
939,-55.994055,167.264438,0.000000
940,-55.982217,167.128394,0.000000
941,-55.970368,166.992484,0.000000
942,-55.958507,166.856706,0.000000
943,-55.946635,166.721061,0.000000
944,-55.934751,166.585549,0.000000
945,-55.922855,166.450170,0.000000
946,-55.910949,166.314924,0.000000
947,-55.899031,166.179810,0.000000
948,-55.887102,166.044828,0.000000
949,-55.875162,165.909979,0.000000
950,-55.863211,165.775262,0.000000
951,-55.851250,165.640677,0.000000
952,-55.839278,165.506225,0.000000
953,-55.827295,165.371904,0.000000
954,-55.815302,165.237715,0.000000
955,-55.803298,165.103658,0.000000
956,-55.791284,164.969733,0.000000
957,-55.779260,164.835940,0.000000
958,-55.767226,164.702278,0.000000
959,-55.755181,164.568747,0.000000
960,-55.743127,164.435348,0.000000
961,-55.731063,164.302080,0.000000
962,-55.718989,164.168943,0.000000
963,-55.706906,164.035937,0.000000
964,-55.694813,163.903062,0.000000
965,-55.682711,163.770319,0.000000
966,-55.670599,163.637705,0.000000
967,-55.658478,163.505223,0.000000
968,-55.646347,163.372871,0.000000
969,-55.634208,163.240650,0.000000
970,-55.622060,163.108559,0.000000
971,-55.609902,162.976599,0.000000
972,-55.597736,162.844768,0.000000
973,-55.585561,162.713068,0.000000
974,-55.573377,162.581498,0.000000
975,-55.561185,162.450058,0.000000
976,-55.548984,162.318747,0.000000
977,-55.536775,162.187567,0.000000
978,-55.524558,162.056516,0.000000
979,-55.512332,161.925595,0.000000
980,-55.500098,161.794803,0.000000
981,-55.487856,161.664140,0.000000
982,-55.475606,161.533607,0.000000
983,-55.463347,161.403203,0.000000
984,-55.451081,161.272928,0.000000
985,-55.438808,161.142782,0.000000
986,-55.426526,161.012765,0.000000
987,-55.414237,160.882877,0.000000
988,-55.401940,160.753118,0.000000
989,-55.389636,160.623487,0.000000
990,-55.377324,160.493984,0.000000
991,-55.365005,160.364611,0.000000
992,-55.352679,160.235365,0.000000
993,-55.340345,160.106248,0.000000
994,-55.328005,159.977259,0.000000
995,-55.315657,159.848398,0.000000
996,-55.303302,159.719665,0.000000
997,-55.290941,159.591059,0.000000
998,-55.278572,159.462582,0.000000
999,-55.266197,159.334232,0.000000
1000,-55.253815,159.206010,0.000000
1001,-55.241426,159.077915,0.000000
1002,-55.229031,158.949948,0.000000
1003,-55.216629,158.822108,0.000000
1004,-55.204221,158.694395,0.000000
1005,-55.191807,158.566810,0.000000
1006,-55.179386,158.439351,0.000000
1007,-55.166959,158.312019,0.000000
1008,-55.154525,158.184814,0.000000
1009,-55.142086,158.057736,0.000000
1010,-55.129640,157.930785,0.000000
1011,-55.117189,157.803959,0.000000
1012,-55.104731,157.677261,0.000000
1013,-55.092268,157.550689,0.000000
1014,-55.079799,157.424243,0.000000
1015,-55.067324,157.297923,0.000000
1016,-55.054843,157.171729,0.000000
1017,-55.042356,157.045661,0.000000
1018,-55.029865,156.919719,0.000000
1019,-55.017367,156.793903,0.000000
1020,-55.004864,156.668212,0.000000
1021,-54.992356,156.542648,0.000000
1022,-54.979842,156.417208,0.000000
1023,-54.967323,156.291894,0.000000
1024,-54.954798,156.166705,0.000000
1025,-54.942269,156.041642,0.000000
1026,-54.929734,155.916703,0.000000
1027,-54.917194,155.791890,0.000000
1028,-54.904649,155.667201,0.000000
1029,-54.892099,155.542638,0.000000
1030,-54.879544,155.418198,0.000000
1031,-54.866984,155.293884,0.000000
1032,-54.854419,155.169694,0.000000
1033,-54.841850,155.045629,0.000000
1034,-54.829276,154.921688,0.000000
1035,-54.816697,154.797871,0.000000
1036,-54.804113,154.674178,0.000000
1037,-54.791525,154.550610,0.000000
1038,-54.778932,154.427165,0.000000
1039,-54.766334,154.303844,0.000000
1040,-54.753732,154.180647,0.000000
1041,-54.741126,154.057573,0.000000
1042,-54.728515,153.934624,0.000000
1043,-54.715900,153.811797,0.000000
1044,-54.703281,153.689094,0.000000
1045,-54.690657,153.566515,0.000000
1046,-54.678029,153.444058,0.000000
1047,-54.665397,153.321725,0.000000
1048,-54.652760,153.199514,0.000000
1049,-54.640120,153.077427,0.000000
1050,-54.627475,152.955462,0.000000
1051,-54.614827,152.833620,0.000000
1052,-54.602174,152.711901,0.000000
1053,-54.589517,152.590304,0.000000
1054,-54.576857,152.468829,0.000000
1055,-54.564193,152.347477,0.000000
1056,-54.551524,152.226247,0.000000
1057,-54.538852,152.105140,0.000000
1058,-54.526176,151.984154,0.000000
1059,-54.513496,151.863290,0.000000
1060,-54.500813,151.742548,0.000000
1061,-54.488126,151.621928,0.000000
1062,-54.475435,151.501430,0.000000
1063,-54.462740,151.381053,0.000000
1064,-54.450042,151.260797,0.000000
1065,-54.437341,151.140663,0.000000
1066,-54.424636,151.020651,0.000000
1067,-54.411928,150.900759,0.000000
1068,-54.399217,150.780989,0.000000
1069,-54.386502,150.661339,0.000000
1070,-54.373784,150.541810,0.000000
1071,-54.361063,150.422403,0.000000
1072,-54.348339,150.303116,0.000000
1073,-54.335611,150.183949,0.000000
1074,-54.322881,150.064903,0.000000
1075,-54.310147,149.945978,0.000000
1076,-54.297410,149.827172,0.000000
1077,-54.284670,149.708487,0.000000
1078,-54.271927,149.589923,0.000000
1079,-54.259180,149.471478,0.000000
1080,-54.246431,149.353153,0.000000
1081,-54.233679,149.234948,0.000000
1082,-54.220924,149.116863,0.000000
1083,-54.208166,148.998897,0.000000
1084,-54.195405,148.881051,0.000000
1085,-54.182641,148.763324,0.000000
1086,-54.169874,148.645717,0.000000
1087,-54.157104,148.528229,0.000000
1088,-54.144332,148.410861,0.000000
1089,-54.131556,148.293611,0.000000
1090,-54.118778,148.176481,0.000000
1091,-54.105997,148.059469,0.000000
1092,-54.093214,147.942576,0.000000
1093,-54.080427,147.825802,0.000000
1094,-54.067638,147.709146,0.000000
1095,-54.054846,147.592609,0.000000
1096,-54.042051,147.476191,0.000000
1097,-54.029254,147.359891,0.000000
1098,-54.016454,147.243709,0.000000
1099,-54.003651,147.127645,0.000000
1100,-53.990846,147.011699,0.000000
1101,-53.978038,146.895871,0.000000
1102,-53.965227,146.780161,0.000000
1103,-53.952414,146.664569,0.000000
1104,-53.939598,146.549095,0.000000
1105,-53.926780,146.433738,0.000000
1106,-53.913959,146.318498,0.000000
1107,-53.901136,146.203376,0.000000
1108,-53.888310,146.088372,0.000000
1109,-53.875482,145.973484,0.000000
1110,-53.862651,145.858714,0.000000
1111,-53.849817,145.744060,0.000000
1112,-53.836981,145.629524,0.000000
1113,-53.824143,145.515104,0.000000
1114,-53.811302,145.400802,0.000000
1115,-53.798459,145.286615,0.000000
1116,-53.785613,145.172546,0.000000
1117,-53.772765,145.058593,0.000000
1118,-53.759914,144.944756,0.000000
1119,-53.747061,144.831036,0.000000
1120,-53.734206,144.717431,0.000000
1121,-53.721348,144.603943,0.000000
1122,-53.708487,144.490571,0.000000
1123,-53.695625,144.377315,0.000000
1124,-53.682759,144.264174,0.000000
1125,-53.669892,144.151149,0.000000
1126,-53.657022,144.038240,0.000000
1127,-53.644150,143.925447,0.000000
1128,-53.631275,143.812769,0.000000
1129,-53.618398,143.700206,0.000000
1130,-53.605518,143.587758,0.000000
1131,-53.592637,143.475426,0.000000
1132,-53.579752,143.363209,0.000000
1133,-53.566866,143.251107,0.000000
1134,-53.553977,143.139119,0.000000
1135,-53.541085,143.027247,0.000000
1136,-53.528192,142.915489,0.000000
1137,-53.515296,142.803846,0.000000
1138,-53.502397,142.692317,0.000000
1139,-53.489496,142.580903,0.000000
1140,-53.476593,142.469603,0.000000
1141,-53.463687,142.358417,0.000000
1142,-53.450779,142.247346,0.000000
1143,-53.437868,142.136388,0.000000
1144,-53.424955,142.025545,0.000000
1145,-53.412040,141.914815,0.000000
1146,-53.399122,141.804200,0.000000
1147,-53.386201,141.693698,0.000000
1148,-53.373279,141.583309,0.000000
1149,-53.360353,141.473034,0.000000
1150,-53.347426,141.362873,0.000000
1151,-53.334495,141.252825,0.000000
1152,-53.321563,141.142890,0.000000
1153,-53.308628,141.033068,0.000000
1154,-53.295690,140.923360,0.000000
1155,-53.282749,140.813764,0.000000
1156,-53.269807,140.704281,0.000000
1157,-53.256861,140.594912,0.000000
1158,-53.243913,140.485654,0.000000
1159,-53.230963,140.376510,0.000000
1160,-53.218009,140.267478,0.000000
1161,-53.205054,140.158558,0.000000
1162,-53.192095,140.049751,0.000000
1163,-53.179134,139.941056,0.000000
1164,-53.166170,139.832473,0.000000
1165,-53.153204,139.724003,0.000000
1166,-53.140234,139.615644,0.000000
1167,-53.127262,139.507397,0.000000
1168,-53.114288,139.399262,0.000000
1169,-53.101310,139.291239,0.000000
1170,-53.088330,139.183328,0.000000
1171,-53.075346,139.075528,0.000000
1172,-53.062360,138.967839,0.000000
1173,-53.049371,138.860262,0.000000
1174,-53.036379,138.752796,0.000000
1175,-53.023384,138.645442,0.000000
1176,-53.010386,138.538198,0.000000
1177,-52.997386,138.431066,0.000000
1178,-52.984382,138.324044,0.000000
1179,-52.971375,138.217133,0.000000
1180,-52.958365,138.110334,0.000000
1181,-52.945351,138.003644,0.000000
1182,-52.932335,137.897066,0.000000
1183,-52.919316,137.790598,0.000000
1184,-52.906293,137.684240,0.000000
1185,-52.893267,137.577993,0.000000
1186,-52.880237,137.471856,0.000000
1187,-52.867205,137.365829,0.000000
1188,-52.854169,137.259912,0.000000
1189,-52.841129,137.154105,0.000000
1190,-52.828086,137.048408,0.000000
1191,-52.815040,136.942821,0.000000
1192,-52.801990,136.837343,0.000000
1193,-52.788936,136.731976,0.000000
1194,-52.775879,136.626717,0.000000
1195,-52.762819,136.521569,0.000000
1196,-52.749754,136.416529,0.000000
1197,-52.736686,136.311599,0.000000
1198,-52.723614,136.206779,0.000000
1199,-52.710538,136.102067,0.000000
1200,-52.697458,135.997464,0.000000
1201,-52.684375,135.892971,0.000000
1202,-52.671287,135.788586,0.000000
1203,-52.658195,135.684310,0.000000
1204,-52.645099,135.580143,0.000000
1205,-52.631999,135.476084,0.000000
1206,-52.618895,135.372134,0.000000
1207,-52.605787,135.268292,0.000000
1208,-52.592674,135.164559,0.000000
1209,-52.579557,135.060934,0.000000
1210,-52.566436,134.957418,0.000000
1211,-52.553310,134.854009,0.000000
1212,-52.540179,134.750709,0.000000
1213,-52.527044,134.647516,0.000000
1214,-52.513905,134.544431,0.000000
1215,-52.500760,134.441455,0.000000
1216,-52.487611,134.338585,0.000000
1217,-52.474456,134.235824,0.000000
1218,-52.461297,134.133170,0.000000
1219,-52.448134,134.030624,0.000000
1220,-52.434966,133.928184,0.000000
1221,-52.421793,133.825853,0.000000
1222,-52.408616,133.723628,0.000000
1223,-52.395434,133.621511,0.000000
1224,-52.382247,133.519501,0.000000
1225,-52.369055,133.417597,0.000000
1226,-52.355859,133.315801,0.000000
1227,-52.342657,133.214111,0.000000
1228,-52.329450,133.112528,0.000000
1229,-52.316238,133.011052,0.000000
1230,-52.303021,132.909683,0.000000
1231,-52.289799,132.808419,0.000000
1232,-52.276571,132.707263,0.000000
1233,-52.263337,132.606212,0.000000
1234,-52.250098,132.505268,0.000000
1235,-52.236854,132.404431,0.000000
1236,-52.223604,132.303699,0.000000
1237,-52.210348,132.203073,0.000000
1238,-52.197086,132.102553,0.000000
1239,-52.183818,132.002139,0.000000
1240,-52.170544,131.901831,0.000000
1241,-52.157264,131.801629,0.000000
1242,-52.143978,131.701532,0.000000
1243,-52.130685,131.601541,0.000000
1244,-52.117386,131.501655,0.000000
1245,-52.104081,131.401875,0.000000
1246,-52.090769,131.302200,0.000000
1247,-52.077451,131.202630,0.000000
1248,-52.064126,131.103165,0.000000
1249,-52.050794,131.003806,0.000000
1250,-52.037456,130.904551,0.000000
1251,-52.024110,130.805402,0.000000
1252,-52.010758,130.706357,0.000000
1253,-51.997398,130.607417,0.000000
1254,-51.984031,130.508582,0.000000
1255,-51.970657,130.409852,0.000000
1256,-51.957275,130.311226,0.000000
1257,-51.943886,130.212704,0.000000
1258,-51.930490,130.114287,0.000000
1259,-51.917086,130.015974,0.000000
1260,-51.903674,129.917766,0.000000
1261,-51.890254,129.819662,0.000000
1262,-51.876826,129.721662,0.000000
1263,-51.863391,129.623765,0.000000
1264,-51.849947,129.525973,0.000000
1265,-51.836495,129.428285,0.000000
1266,-51.823034,129.330701,0.000000
1267,-51.809565,129.233220,0.000000
1268,-51.796088,129.135843,0.000000
1269,-51.782602,129.038570,0.000000
1270,-51.769107,128.941400,0.000000
1271,-51.755603,128.844334,0.000000
1272,-51.742091,128.747371,0.000000
1273,-51.728569,128.650511,0.000000
1274,-51.715038,128.553755,0.000000
1275,-51.701498,128.457102,0.000000
1276,-51.687949,128.360552,0.000000
1277,-51.674390,128.264105,0.000000
1278,-51.660821,128.167760,0.000000
1279,-51.647243,128.071519,0.000000
1280,-51.633655,127.975381,0.000000
1281,-51.620056,127.879345,0.000000
1282,-51.606448,127.783413,0.000000
1283,-51.592829,127.687582,0.000000
1284,-51.579201,127.591855,0.000000
1285,-51.565561,127.496229,0.000000
1286,-51.551911,127.400707,0.000000
1287,-51.538250,127.305286,0.000000
1288,-51.524579,127.209968,0.000000
1289,-51.510896,127.114752,0.000000
1290,-51.497203,127.019638,0.000000
1291,-51.483498,126.924627,0.000000
1292,-51.469781,126.829717,0.000000
1293,-51.456053,126.734909,0.000000
1294,-51.442314,126.640203,0.000000
1295,-51.428562,126.545599,0.000000
1296,-51.414799,126.451097,0.000000
1297,-51.401023,126.356697,0.000000
1298,-51.387235,126.262398,0.000000
1299,-51.373435,126.168200,0.000000
1300,-51.359622,126.074104,0.000000
1301,-51.345796,125.980110,0.000000
1302,-51.331958,125.886217,0.000000
1303,-51.318106,125.792425,0.000000
1304,-51.304241,125.698735,0.000000
1305,-51.290363,125.605145,0.000000
1306,-51.276471,125.511657,0.000000
1307,-51.262566,125.418270,0.000000
1308,-51.248646,125.324984,0.000000
1309,-51.234712,125.231799,0.000000
1310,-51.220765,125.138714,0.000000
1311,-51.206802,125.045731,0.000000
1312,-51.192825,124.952848,0.000000
1313,-51.178834,124.860066,0.000000
1314,-51.164827,124.767384,0.000000
1315,-51.150805,124.674804,0.000000
1316,-51.136768,124.582323,0.000000
1317,-51.122715,124.489943,0.000000
1318,-51.108646,124.397664,0.000000
1319,-51.094562,124.305485,0.000000
1320,-51.080461,124.213406,0.000000
1321,-51.066343,124.121427,0.000000
1322,-51.052209,124.029549,0.000000
1323,-51.038059,123.937771,0.000000
1324,-51.023891,123.846092,0.000000
1325,-51.009706,123.754514,0.000000
1326,-50.995503,123.663036,0.000000
1327,-50.981283,123.571658,0.000000
1328,-50.967045,123.480379,0.000000
1329,-50.952788,123.389200,0.000000
1330,-50.938513,123.298121,0.000000
1331,-50.924220,123.207142,0.000000
1332,-50.909907,123.116262,0.000000
1333,-50.895575,123.025482,0.000000
1334,-50.881224,122.934802,0.000000
1335,-50.866853,122.844221,0.000000
1336,-50.852463,122.753739,0.000000
1337,-50.838052,122.663357,0.000000
1338,-50.823620,122.573074,0.000000
1339,-50.809168,122.482891,0.000000
1340,-50.794694,122.392806,0.000000
1341,-50.780200,122.302821,0.000000
1342,-50.765683,122.212935,0.000000
1343,-50.751145,122.123148,0.000000
1344,-50.736585,122.033460,0.000000
1345,-50.722002,121.943871,0.000000
1346,-50.707396,121.854382,0.000000
1347,-50.692767,121.764991,0.000000
1348,-50.678115,121.675699,0.000000
1349,-50.663439,121.586505,0.000000
1350,-50.648739,121.497411,0.000000
1351,-50.634014,121.408415,0.000000
1352,-50.619265,121.319518,0.000000
1353,-50.604490,121.230720,0.000000
1354,-50.589690,121.142020,0.000000
1355,-50.574865,121.053419,0.000000
1356,-50.560013,120.964916,0.000000
1357,-50.545135,120.876512,0.000000
1358,-50.530229,120.788206,0.000000
1359,-50.515297,120.699999,0.000000
1360,-50.500336,120.611890,0.000000
1361,-50.485348,120.523880,0.000000
1362,-50.470330,120.435968,0.000000
1363,-50.455284,120.348154,0.000000
1364,-50.440211,120.260438,0.000000
1365,-50.425110,120.172821,0.000000
1366,-50.409980,120.085302,0.000000
1367,-50.394821,119.997881,0.000000
1368,-50.379633,119.910558,0.000000
1369,-50.364416,119.823333,0.000000
1370,-50.349168,119.736206,0.000000
1371,-50.333889,119.649177,0.000000
1372,-50.318579,119.562247,0.000000
1373,-50.303238,119.475414,0.000000
1374,-50.287864,119.388679,0.000000
1375,-50.272458,119.302042,0.000000
1376,-50.257019,119.215503,0.000000
1377,-50.241547,119.129062,0.000000
1378,-50.226041,119.042718,0.000000
1379,-50.210500,118.956472,0.000000
1380,-50.194924,118.870325,0.000000
1381,-50.179313,118.784274,0.000000
1382,-50.163665,118.698322,0.000000
1383,-50.147982,118.612467,0.000000
1384,-50.132261,118.526710,0.000000
1385,-50.116503,118.441051,0.000000
1386,-50.100707,118.355489,0.000000
1387,-50.084872,118.270025,0.000000
1388,-50.068998,118.184659,0.000000
1389,-50.053084,118.099390,0.000000
1390,-50.037131,118.014219,0.000000
1391,-50.021136,117.929145,0.000000
1392,-50.005100,117.844169,0.000000
1393,-49.989022,117.759290,0.000000
1394,-49.972902,117.674509,0.000000
1395,-49.956738,117.589825,0.000000
1396,-49.940531,117.505239,0.000000
1397,-49.924279,117.420751,0.000000
1398,-49.907982,117.336360,0.000000
1399,-49.891639,117.252066,0.000000
1400,-49.875250,117.167870,0.000000
1401,-49.858815,117.083771,0.000000
1402,-49.842331,116.999770,0.000000
1403,-49.825799,116.915866,0.000000
1404,-49.809218,116.832060,0.000000
1405,-49.792588,116.748352,0.000000
1406,-49.775907,116.664740,0.000000
1407,-49.759174,116.581226,0.000000
1408,-49.742390,116.497810,0.000000
1409,-49.725553,116.414491,0.000000
1410,-49.708663,116.331270,0.000000
1411,-49.691718,116.248146,0.000000
1412,-49.674718,116.165120,0.000000
1413,-49.657662,116.082191,0.000000
1414,-49.640549,115.999360,0.000000
1415,-49.623379,115.916626,0.000000
1416,-49.606150,115.833990,0.000000
1417,-49.588862,115.751451,0.000000
1418,-49.571514,115.669010,0.000000
1419,-49.554104,115.586667,0.000000
1420,-49.536633,115.504421,0.000000
1421,-49.519098,115.422273,0.000000
1422,-49.501499,115.340223,0.000000
1423,-49.483835,115.258270,0.000000
1424,-49.466105,115.176415,0.000000
1425,-49.448307,115.094658,0.000000
1426,-49.430441,115.012999,0.000000
1427,-49.412506,114.931437,0.000000
1428,-49.394501,114.849974,0.000000
1429,-49.376424,114.768608,0.000000
1430,-49.358274,114.687340,0.000000
1431,-49.340050,114.606170,0.000000
1432,-49.321750,114.525098,0.000000
1433,-49.303375,114.444124,0.000000
1434,-49.284921,114.363249,0.000000
1435,-49.266389,114.282471,0.000000
1436,-49.247776,114.201792,0.000000
1437,-49.229081,114.121211,0.000000
1438,-49.210303,114.040728,0.000000
1439,-49.191440,113.960343,0.000000
1440,-49.172491,113.880057,0.000000
1441,-49.153455,113.799870,0.000000
1442,-49.134329,113.719781,0.000000
1443,-49.115113,113.639790,0.000000
1444,-49.095804,113.559899,0.000000
1445,-49.076400,113.480106,0.000000
1446,-49.056901,113.400412,0.000000
1447,-49.037305,113.320817,0.000000
1448,-49.017608,113.241320,0.000000
1449,-48.997811,113.161923,0.000000
1450,-48.977910,113.082625,0.000000
1451,-48.957904,113.003427,0.000000
1452,-48.937791,112.924327,0.000000
1453,-48.917568,112.845327,0.000000
1454,-48.897235,112.766427,0.000000
1455,-48.876787,112.687626,0.000000
1456,-48.856224,112.608925,0.000000
1457,-48.835542,112.530324,0.000000
1458,-48.814740,112.451823,0.000000
1459,-48.793815,112.373422,0.000000
1460,-48.772764,112.295121,0.000000
1461,-48.751585,112.216921,0.000000
1462,-48.730275,112.138820,0.000000
1463,-48.708832,112.060821,0.000000
1464,-48.687252,111.982922,0.000000
1465,-48.665533,111.905124,0.000000
1466,-48.643671,111.827428,0.000000
1467,-48.621664,111.749832,0.000000
1468,-48.599509,111.672338,0.000000
1469,-48.577201,111.594945,0.000000
1470,-48.554738,111.517654,0.000000
1471,-48.532116,111.440465,0.000000
1472,-48.509331,111.363377,0.000000
1473,-48.486380,111.286392,0.000000
1474,-48.463254,111.209510,0.000000
1475,-48.439960,111.132730,0.000000
1476,-48.416495,111.056052,0.000000
1477,-48.392854,110.979478,0.000000
1478,-48.369033,110.903007,0.000000
1479,-48.345028,110.826640,0.000000
1480,-48.320833,110.750376,0.000000
1481,-48.296444,110.674216,0.000000
1482,-48.271856,110.598160,0.000000
1483,-48.247064,110.522208,0.000000
1484,-48.222063,110.446361,0.000000
1485,-48.196848,110.370619,0.000000
1486,-48.171413,110.294982,0.000000
1487,-48.145753,110.219451,0.000000
1488,-48.119861,110.144025,0.000000
1489,-48.093732,110.068705,0.000000
1490,-48.067359,109.993492,0.000000
1491,-48.040737,109.918385,0.000000
1492,-48.013857,109.843385,0.000000
1493,-47.986715,109.768493,0.000000
1494,-47.959301,109.693708,0.000000
1495,-47.931610,109.619031,0.000000
1496,-47.903633,109.544462,0.000000
1497,-47.875363,109.470002,0.000000
1498,-47.846790,109.395652,0.000000
1499,-47.817908,109.321411,0.000000
1500,-47.788706,109.247280,0.000000
1501,-47.759175,109.173259,0.000000
1502,-47.729306,109.099350,0.000000
1503,-47.699089,109.025551,0.000000
1504,-47.668513,108.951865,0.000000
1505,-47.637567,108.878291,0.000000
1506,-47.606240,108.804830,0.000000
1507,-47.574519,108.731482,0.000000
1508,-47.542393,108.658248,0.000000
1509,-47.509847,108.585129,0.000000
1510,-47.476869,108.512125,0.000000
1511,-47.443443,108.439237,0.000000
1512,-47.409555,108.366465,0.000000
1513,-47.375188,108.293810,0.000000
1514,-47.340326,108.221274,0.000000
1515,-47.304950,108.148855,0.000000
1516,-47.269043,108.076556,0.000000
1517,-47.232584,108.004377,0.000000
1518,-47.195553,107.932320,0.000000
1519,-47.157927,107.860383,0.000000
1520,-47.119683,107.788570,0.000000
1521,-47.080797,107.716880,0.000000
1522,-47.041242,107.645315,0.000000
1523,-47.000990,107.573875,0.000000
1524,-46.960012,107.502561,0.000000
1525,-46.918275,107.431376,0.000000
1526,-46.875746,107.360319,0.000000
1527,-46.832390,107.289393,0.000000
1528,-46.788166,107.218598,0.000000
1529,-46.743035,107.147935,0.000000
1530,-46.696951,107.077407,0.000000
1531,-46.649867,107.007014,0.000000
1532,-46.601732,106.936759,0.000000
1533,-46.552490,106.866642,0.000000
1534,-46.502080,106.796665,0.000000
1535,-46.450440,106.726831,0.000000
1536,-46.397513,106.657142,0.000000
1537,-46.343250,106.587598,0.000000
1538,-46.287570,106.518203,0.000000
1539,-46.230385,106.448959,0.000000
1540,-46.171601,106.379867,0.000000
1541,-46.111116,106.310931,0.000000
1542,-46.048818,106.242154,0.000000
1543,-45.984586,106.173537,0.000000
1544,-45.918288,106.105085,0.000000
1545,-45.849777,106.036800,0.000000
1546,-45.778893,105.968687,0.000000
1547,-45.705459,105.900748,0.000000
1548,-45.629275,105.832988,0.000000
1549,-45.550120,105.765412,0.000000
1550,-45.467745,105.698024,0.000000
1551,-45.381870,105.630829,0.000000
1552,-45.292173,105.563834,0.000000
1553,-45.198288,105.497044,0.000000
1554,-45.099795,105.430466,0.000000
1555,-44.996204,105.364107,0.000000
1556,-44.886942,105.297977,0.000000
1557,-44.771333,105.232084,0.000000
1558,-44.648573,105.166438,0.000000
1559,-44.517690,105.101052,0.000000
1560,-44.377504,105.035938,0.000000
1561,-44.226754,104.971112,0.000000
1562,-44.063765,104.906592,0.000000
1563,-43.886347,104.842397,0.000000
1564,-43.691738,104.778551,0.000000
1565,-43.476365,104.715083,0.000000
1566,-43.235460,104.652026,0.000000
1567,-42.962425,104.589424,0.000000
1568,-42.647725,104.527328,0.000000
1569,-42.276825,104.465809,0.000000
1570,-41.827192,104.404960,0.000000
1571,-41.260017,104.344910,0.000000
1572,-40.500954,104.285856,0.000000
1573,-39.379439,104.228117,0.000000
1574,-37.396540,104.172294,0.000000
1575,-31.993938,104.119823,0.000000
1576,0.000000,104.076400,1.000000
1577,-46.000000,204.086336,0.000000
1578,-45.983153,203.936264,0.000000
1579,-45.965689,203.786345,0.000000
1580,-45.947585,203.636581,0.000000
1581,-45.928813,203.486971,0.000000
1582,-45.909344,203.337517,0.000000
1583,-45.889150,203.188220,0.000000
1584,-45.868197,203.039082,0.000000
1585,-45.846452,202.890102,0.000000
1586,-45.823879,202.741283,0.000000
1587,-45.800440,202.592625,0.000000
1588,-45.776093,202.444131,0.000000
1589,-45.750794,202.295800,0.000000
1590,-45.724497,202.147636,0.000000
1591,-45.697152,201.999639,0.000000
1592,-45.668703,201.851811,0.000000
1593,-45.639093,201.704153,0.000000
1594,-45.608259,201.556668,0.000000
1595,-45.576134,201.409357,0.000000
1596,-45.542644,201.262222,0.000000
1597,-45.507710,201.115266,0.000000
1598,-45.471245,200.968490,0.000000
1599,-45.433155,200.821898,0.000000
1600,-45.393337,200.675491,0.000000
1601,-45.351678,200.529272,0.000000
1602,-45.308056,200.383245,0.000000
1603,-45.262332,200.237413,0.000000
1604,-45.214356,200.091777,0.000000
1605,-45.163960,199.946344,0.000000
1606,-45.110958,199.801115,0.000000
1607,-45.055140,199.656096,0.000000
1608,-44.996272,199.511291,0.000000
1609,-44.934087,199.366704,0.000000
1610,-44.868285,199.222342,0.000000
1611,-44.798521,199.078209,0.000000
1612,-44.724399,198.934313,0.000000
1613,-44.645464,198.790661,0.000000
1614,-44.561181,198.647260,0.000000
1615,-44.470926,198.504118,0.000000
1616,-44.373955,198.361247,0.000000
1617,-44.269592,198.218656,0.000000
1618,-44.156802,198.076357,0.000000
1619,-44.034342,197.934366,0.000000
1620,-43.900702,197.792697,0.000000
1621,-43.754016,197.651368,0.000000
1622,-43.591942,197.510402,0.000000
1623,-43.411470,197.369824,0.000000
1624,-43.208636,197.229663,0.000000
1625,-42.978061,197.089957,0.000000
1626,-42.712161,196.950752,0.000000
1627,-42.399765,196.812106,0.000000
1628,-42.023866,196.674097,0.000000
1629,-41.557579,196.536828,0.000000
1630,-40.952062,196.400452,0.000000
1631,-40.109176,196.265198,0.000000
1632,-38.786465,196.131462,0.000000
1633,-36.154295,196.000041,0.000000
1634,-26.104172,195.873118,0.000000
1635,0.000000,195.763050,1.000000
1636,-46.000000,295.696580,0.000000
1637,-46.028958,295.470167,0.000000
1638,-46.058720,295.243893,0.000000
1639,-46.089295,295.017759,0.000000
1640,-46.120693,294.791762,0.000000
1641,-46.152921,294.565901,0.000000
1642,-46.185987,294.340175,0.000000
1643,-46.219895,294.114581,0.000000
1644,-46.254651,293.889119,0.000000
1645,-46.290258,293.663787,0.000000
1646,-46.326718,293.438584,0.000000
1647,-46.364032,293.213507,0.000000
1648,-46.402200,292.988556,0.000000
1649,-46.441220,292.763728,0.000000
1650,-46.481088,292.539023,0.000000
1651,-46.521800,292.314439,0.000000
1652,-46.563391,292.089974,0.000000
1653,-46.605847,291.865627,0.000000
1654,-46.649162,291.641396,0.000000
1655,-46.693328,291.417279,0.000000
1656,-46.738337,291.193276,0.000000
1657,-46.784179,290.969384,0.000000
1658,-46.830843,290.745603,0.000000
1659,-46.878318,290.521930,0.000000
1660,-46.926590,290.298365,0.000000
1661,-46.975647,290.074905,0.000000
1662,-47.025475,289.851550,0.000000
1663,-47.076058,289.628298,0.000000
1664,-47.127380,289.405148,0.000000
1665,-47.179425,289.182098,0.000000
1666,-47.232177,288.959147,0.000000
1667,-47.285617,288.736294,0.000000
1668,-47.339727,288.513538,0.000000
1669,-47.394490,288.290877,0.000000
1670,-47.449885,288.068310,0.000000
1671,-47.505894,287.845837,0.000000
1672,-47.562497,287.623456,0.000000
1673,-47.619675,287.401165,0.000000
1674,-47.677406,287.178965,0.000000
1675,-47.735671,286.956854,0.000000
1676,-47.794450,286.734830,0.000000
1677,-47.853721,286.512894,0.000000
1678,-47.913464,286.291043,0.000000
1679,-47.973657,286.069278,0.000000
1680,-48.034280,285.847598,0.000000
1681,-48.095312,285.626001,0.000000
1682,-48.156730,285.404487,0.000000
1683,-48.218514,285.183056,0.000000
1684,-48.280642,284.961706,0.000000
1685,-48.343092,284.740437,0.000000
1686,-48.405841,284.519248,0.000000
1687,-48.468869,284.298139,0.000000
1688,-48.532151,284.077109,0.000000
1689,-48.595685,283.856158,0.000000
1690,-48.659449,283.635285,0.000000
1691,-48.723423,283.414490,0.000000
1692,-48.787587,283.193772,0.000000
1693,-48.851920,282.973131,0.000000
1694,-48.916404,282.752567,0.000000
1695,-48.981019,282.532079,0.000000
1696,-49.045748,282.311668,0.000000
1697,-49.110573,282.091332,0.000000
1698,-49.175477,281.871071,0.000000
1699,-49.240444,281.650886,0.000000
1700,-49.305457,281.430776,0.000000
1701,-49.370501,281.210742,0.000000
1702,-49.435561,280.990782,0.000000
1703,-49.500624,280.770897,0.000000
1704,-49.565674,280.551087,0.000000
1705,-49.630698,280.331352,0.000000
1706,-49.695684,280.111691,0.000000
1707,-49.760619,279.892105,0.000000
1708,-49.825491,279.672594,0.000000
1709,-49.890289,279.453158,0.000000
1710,-49.955000,279.233796,0.000000
1711,-50.019614,279.014510,0.000000
1712,-50.084121,278.795298,0.000000
1713,-50.148510,278.576162,0.000000
1714,-50.212771,278.357101,0.000000
1715,-50.276894,278.138116,0.000000
1716,-50.340870,277.919206,0.000000
1717,-50.404690,277.700372,0.000000
1718,-50.468344,277.481614,0.000000
1719,-50.531823,277.262932,0.000000
1720,-50.595126,277.044326,0.000000
1721,-50.658245,276.825798,0.000000
1722,-50.721171,276.607346,0.000000
1723,-50.783899,276.388971,0.000000
1724,-50.846419,276.170674,0.000000
1725,-50.908727,275.952454,0.000000
1726,-50.970816,275.734313,0.000000
1727,-51.032679,275.516249,0.000000
1728,-51.094311,275.298265,0.000000
1729,-51.155707,275.080359,0.000000
1730,-51.216862,274.862532,0.000000
1731,-51.277770,274.644786,0.000000
1732,-51.338428,274.427119,0.000000
1733,-51.398831,274.209532,0.000000
1734,-51.458975,273.992026,0.000000
1735,-51.518857,273.774601,0.000000
1736,-51.578472,273.557258,0.000000
1737,-51.637817,273.339996,0.000000
1738,-51.696889,273.122816,0.000000
1739,-51.755686,272.905719,0.000000
1740,-51.814204,272.688705,0.000000
1741,-51.872440,272.471774,0.000000
1742,-51.930393,272.254927,0.000000
1743,-51.988059,272.038164,0.000000
1744,-52.045437,271.821485,0.000000
1745,-52.102525,271.604891,0.000000
1746,-52.159319,271.388383,0.000000
1747,-52.215820,271.171961,0.000000
1748,-52.272024,270.955624,0.000000
1749,-52.327930,270.739375,0.000000
1750,-52.383537,270.523212,0.000000
1751,-52.438843,270.307137,0.000000
1752,-52.493846,270.091149,0.000000
1753,-52.548545,269.875250,0.000000
1754,-52.602942,269.659440,0.000000
1755,-52.657035,269.443719,0.000000
1756,-52.710823,269.228088,0.000000
1757,-52.764306,269.012546,0.000000
1758,-52.817481,268.797095,0.000000
1759,-52.870349,268.581735,0.000000
1760,-52.922909,268.366467,0.000000
1761,-52.975160,268.151290,0.000000
1762,-53.027103,267.936205,0.000000
1763,-53.078736,267.721213,0.000000
1764,-53.130059,267.506314,0.000000
1765,-53.181073,267.291509,0.000000
1766,-53.231776,267.076798,0.000000
1767,-53.282170,266.862181,0.000000
1768,-53.332254,266.647659,0.000000
1769,-53.382027,266.433232,0.000000
1770,-53.431491,266.218901,0.000000
1771,-53.480646,266.004666,0.000000
1772,-53.529491,265.790528,0.000000
1773,-53.578027,265.576486,0.000000
1774,-53.626254,265.362543,0.000000
1775,-53.674173,265.148697,0.000000
1776,-53.721784,264.934949,0.000000
1777,-53.769087,264.721300,0.000000
1778,-53.816083,264.507751,0.000000
1779,-53.862773,264.294301,0.000000
1780,-53.909157,264.080951,0.000000
1781,-53.955235,263.867702,0.000000
1782,-54.001009,263.654553,0.000000
1783,-54.046479,263.441506,0.000000
1784,-54.091645,263.228561,0.000000
1785,-54.136508,263.015718,0.000000
1786,-54.181069,262.802977,0.000000
1787,-54.225329,262.590340,0.000000
1788,-54.269288,262.377805,0.000000
1789,-54.312948,262.165375,0.000000
1790,-54.356308,261.953049,0.000000
1791,-54.399370,261.740828,0.000000
1792,-54.442135,261.528711,0.000000
1793,-54.484603,261.316701,0.000000
1794,-54.526775,261.104796,0.000000
1795,-54.568653,260.892997,0.000000
1796,-54.610237,260.681305,0.000000
1797,-54.651529,260.469721,0.000000
1798,-54.692529,260.258243,0.000000
1799,-54.733238,260.046874,0.000000
1800,-54.773658,259.835613,0.000000
1801,-54.813789,259.624460,0.000000
1802,-54.853631,259.413417,0.000000
1803,-54.893187,259.202483,0.000000
1804,-54.932457,258.991659,0.000000
1805,-54.971442,258.780945,0.000000
1806,-55.010144,258.570342,0.000000
1807,-55.048562,258.359850,0.000000
1808,-55.086699,258.149469,0.000000
1809,-55.124554,257.939200,0.000000
1810,-55.162131,257.729043,0.000000
1811,-55.199428,257.518999,0.000000
1812,-55.236448,257.309067,0.000000
1813,-55.273191,257.099249,0.000000
1814,-55.309659,256.889544,0.000000
1815,-55.345853,256.679954,0.000000
1816,-55.381774,256.470477,0.000000
1817,-55.417422,256.261116,0.000000
1818,-55.452800,256.051869,0.000000
1819,-55.487907,255.842738,0.000000
1820,-55.522746,255.633722,0.000000
1821,-55.557317,255.424823,0.000000
1822,-55.591622,255.216040,0.000000
1823,-55.625661,255.007374,0.000000
1824,-55.659437,254.798825,0.000000
1825,-55.692949,254.590394,0.000000
1826,-55.726199,254.382080,0.000000
1827,-55.759188,254.173885,0.000000
1828,-55.791917,253.965808,0.000000
1829,-55.824388,253.757850,0.000000
1830,-55.856602,253.550011,0.000000
1831,-55.888559,253.342292,0.000000
1832,-55.920261,253.134693,0.000000
1833,-55.951708,252.927213,0.000000
1834,-55.982904,252.719854,0.000000
1835,-56.013847,252.512616,0.000000
1836,-56.044539,252.305499,0.000000
1837,-56.074983,252.098504,0.000000
1838,-56.105177,251.891630,0.000000
1839,-56.135125,251.684879,0.000000
1840,-56.164826,251.478249,0.000000
1841,-56.194283,251.271743,0.000000
1842,-56.223495,251.065359,0.000000
1843,-56.252465,250.859099,0.000000
1844,-56.281194,250.652962,0.000000
1845,-56.309682,250.446950,0.000000
1846,-56.337930,250.241061,0.000000
1847,-56.365940,250.035297,0.000000
1848,-56.393713,249.829658,0.000000
1849,-56.421251,249.624143,0.000000
1850,-56.448553,249.418755,0.000000
1851,-56.475621,249.213491,0.000000
1852,-56.502457,249.008354,0.000000
1853,-56.529061,248.803343,0.000000
1854,-56.555435,248.598459,0.000000
1855,-56.581580,248.393701,0.000000
1856,-56.607497,248.189070,0.000000
1857,-56.633186,247.984567,0.000000
1858,-56.658650,247.780191,0.000000
1859,-56.683888,247.575943,0.000000
1860,-56.708903,247.371823,0.000000
1861,-56.733696,247.167832,0.000000
1862,-56.758266,246.963969,0.000000
1863,-56.782616,246.760236,0.000000
1864,-56.806747,246.556631,0.000000
1865,-56.830659,246.353156,0.000000
1866,-56.854354,246.149811,0.000000
1867,-56.877832,245.946595,0.000000
1868,-56.901096,245.743510,0.000000
1869,-56.924145,245.540555,0.000000
1870,-56.946981,245.337731,0.000000
1871,-56.969605,245.135038,0.000000
1872,-56.992018,244.932476,0.000000
1873,-57.014221,244.730046,0.000000
1874,-57.036216,244.527747,0.000000
1875,-57.058002,244.325581,0.000000
1876,-57.079582,244.123546,0.000000
1877,-57.100956,243.921644,0.000000
1878,-57.122125,243.719874,0.000000
1879,-57.143090,243.518237,0.000000
1880,-57.163853,243.316734,0.000000
1881,-57.184414,243.115363,0.000000
1882,-57.204774,242.914127,0.000000
1883,-57.224935,242.713023,0.000000
1884,-57.244897,242.512054,0.000000
1885,-57.264662,242.311220,0.000000
1886,-57.284230,242.110519,0.000000
1887,-57.303602,241.909953,0.000000
1888,-57.322780,241.709522,0.000000
1889,-57.341764,241.509227,0.000000
1890,-57.360555,241.309066,0.000000
1891,-57.379155,241.109041,0.000000
1892,-57.397564,240.909151,0.000000
1893,-57.415783,240.709398,0.000000
1894,-57.433814,240.509780,0.000000
1895,-57.451657,240.310299,0.000000
1896,-57.469313,240.110955,0.000000
1897,-57.486783,239.911747,0.000000
1898,-57.504068,239.712676,0.000000
1899,-57.521169,239.513742,0.000000
1900,-57.538088,239.314945,0.000000
1901,-57.554824,239.116286,0.000000
1902,-57.571379,238.917764,0.000000
1903,-57.587755,238.719380,0.000000
1904,-57.603950,238.521135,0.000000
1905,-57.619968,238.323027,0.000000
1906,-57.635808,238.125058,0.000000
1907,-57.651472,237.927227,0.000000
1908,-57.666960,237.729536,0.000000
1909,-57.682274,237.531983,0.000000
1910,-57.697414,237.334569,0.000000
1911,-57.712381,237.137295,0.000000
1912,-57.727176,236.940160,0.000000
1913,-57.741801,236.743164,0.000000
1914,-57.756255,236.546309,0.000000
1915,-57.770540,236.349593,0.000000
1916,-57.784656,236.153017,0.000000
1917,-57.798606,235.956582,0.000000
1918,-57.812388,235.760287,0.000000
1919,-57.826005,235.564133,0.000000
1920,-57.839458,235.368120,0.000000
1921,-57.852746,235.172247,0.000000
1922,-57.865871,234.976516,0.000000
1923,-57.878834,234.780926,0.000000
1924,-57.891636,234.585477,0.000000
1925,-57.904277,234.390169,0.000000
1926,-57.916759,234.195004,0.000000
1927,-57.929081,233.999980,0.000000
1928,-57.941246,233.805098,0.000000
1929,-57.953254,233.610359,0.000000
1930,-57.965105,233.415761,0.000000
1931,-57.976801,233.221306,0.000000
1932,-57.988343,233.026994,0.000000
1933,-57.999730,232.832824,0.000000
1934,-58.010965,232.638797,0.000000
1935,-58.022047,232.444913,0.000000
1936,-58.032978,232.251173,0.000000
1937,-58.043759,232.057575,0.000000
1938,-58.054390,231.864121,0.000000
1939,-58.064871,231.670810,0.000000
1940,-58.075205,231.477643,0.000000
1941,-58.085392,231.284620,0.000000
1942,-58.095431,231.091740,0.000000
1943,-58.105326,230.899005,0.000000
1944,-58.115075,230.706413,0.000000
1945,-58.124680,230.513966,0.000000
1946,-58.134141,230.321664,0.000000
1947,-58.143460,230.129505,0.000000
1948,-58.152637,229.937492,0.000000
1949,-58.161673,229.745623,0.000000
1950,-58.170568,229.553899,0.000000
1951,-58.179324,229.362319,0.000000
1952,-58.187941,229.170885,0.000000
1953,-58.196420,228.979596,0.000000
1954,-58.204762,228.788453,0.000000
1955,-58.212967,228.597454,0.000000
1956,-58.221036,228.406602,0.000000
1957,-58.228970,228.215894,0.000000
1958,-58.236770,228.025333,0.000000
1959,-58.244436,227.834917,0.000000
1960,-58.251969,227.644647,0.000000
1961,-58.259370,227.454524,0.000000
1962,-58.266640,227.264546,0.000000
1963,-58.273779,227.074714,0.000000
1964,-58.280787,226.885029,0.000000
1965,-58.287667,226.695490,0.000000
1966,-58.294417,226.506098,0.000000
1967,-58.301040,226.316852,0.000000
1968,-58.307536,226.127753,0.000000
1969,-58.313905,225.938801,0.000000
1970,-58.320148,225.749995,0.000000
1971,-58.326266,225.561337,0.000000
1972,-58.332260,225.372825,0.000000
1973,-58.338130,225.184461,0.000000
1974,-58.343877,224.996244,0.000000
1975,-58.349501,224.808174,0.000000
1976,-58.355004,224.620251,0.000000
1977,-58.360386,224.432476,0.000000
1978,-58.365647,224.244848,0.000000
1979,-58.370789,224.057368,0.000000
1980,-58.375811,223.870036,0.000000
1981,-58.380715,223.682851,0.000000
1982,-58.385502,223.495814,0.000000
1983,-58.390171,223.308925,0.000000
1984,-58.394724,223.122184,0.000000
1985,-58.399161,222.935591,0.000000
1986,-58.403483,222.749146,0.000000
1987,-58.407690,222.562849,0.000000
1988,-58.411784,222.376701,0.000000
1989,-58.415764,222.190701,0.000000
1990,-58.419631,222.004849,0.000000
1991,-58.423387,221.819145,0.000000
1992,-58.427032,221.633590,0.000000
1993,-58.430565,221.448184,0.000000
1994,-58.433989,221.262926,0.000000
1995,-58.437303,221.077817,0.000000
1996,-58.440508,220.892857,0.000000
1997,-58.443604,220.708045,0.000000
1998,-58.446594,220.523383,0.000000
1999,-58.449476,220.338869,0.000000
