0,-70.000000,0.000000,0.000000
1,-69.750000,0.000000,0.000000
2,-69.501249,0.001667,0.000000
3,-69.253743,0.004986,0.000000
4,-69.007476,0.009945,0.000000
5,-68.762443,0.016528,0.000000
6,-68.518639,0.024723,0.000000
7,-68.276057,0.034517,0.000000
8,-68.034693,0.045895,0.000000
9,-67.794541,0.058844,0.000000
10,-67.555597,0.073351,0.000000
11,-67.317854,0.089402,0.000000
12,-67.081308,0.106985,0.000000
13,-66.845953,0.126087,0.000000
14,-66.611784,0.146693,0.000000
15,-66.378796,0.168792,0.000000
16,-66.146984,0.192371,0.000000
17,-65.916342,0.217417,0.000000
18,-65.686865,0.243916,0.000000
19,-65.458549,0.271857,0.000000
20,-65.231388,0.301228,0.000000
21,-65.005377,0.332014,0.000000
22,-64.780511,0.364205,0.000000
23,-64.556784,0.397788,0.000000
24,-64.334192,0.432750,0.000000
25,-64.112730,0.469079,0.000000
26,-63.892392,0.506764,0.000000
27,-63.673174,0.545792,0.000000
28,-63.455070,0.586152,0.000000
29,-63.238076,0.627831,0.000000
30,-63.022186,0.670818,0.000000
31,-62.807396,0.715100,0.000000
32,-62.593700,0.760667,0.000000
33,-62.381094,0.807507,0.000000
34,-62.169571,0.855608,0.000000
35,-61.959129,0.904959,0.000000
36,-61.749760,0.955548,0.000000
37,-61.541461,1.007365,0.000000
38,-61.334226,1.060397,0.000000
39,-61.128051,1.114634,0.000000
40,-60.922930,1.170065,0.000000
41,-60.718858,1.226679,0.000000
42,-60.515830,1.284464,0.000000
43,-60.313841,1.343410,0.000000
44,-60.112885,1.403507,0.000000
45,-59.912959,1.464742,0.000000
46,-59.714056,1.527107,0.000000
47,-59.516172,1.590589,0.000000
48,-59.319300,1.655180,0.000000
49,-59.123437,1.720867,0.000000
50,-58.928575,1.787641,0.000000
51,-58.734711,1.855492,0.000000
52,-58.541839,1.924409,0.000000
53,-58.349952,1.994382,0.000000
54,-58.159045,2.065401,0.000000
55,-57.969114,2.137456,0.000000
56,-57.780150,2.210537,0.000000
57,-57.592150,2.284634,0.000000
58,-57.405107,2.359738,0.000000
59,-57.219014,2.435838,0.000000
60,-57.033866,2.512925,0.000000
61,-56.849656,2.590989,0.000000
62,-56.666378,2.670022,0.000000
63,-56.484024,2.750013,0.000000
64,-56.302587,2.830952,0.000000
65,-56.122061,2.912832,0.000000
66,-55.942438,2.995642,0.000000
67,-55.763711,3.079374,0.000000
68,-55.585871,3.164018,0.000000
69,-55.408910,3.249565,0.000000
70,-55.232820,3.336007,0.000000
71,-55.057593,3.423335,0.000000
72,-54.883219,3.511540,0.000000
73,-54.709688,3.600613,0.000000
74,-54.536990,3.690547,0.000000
75,-54.365113,3.781332,0.000000
76,-54.194050,3.872960,0.000000
77,-54.023787,3.965423,0.000000
78,-53.854312,4.058713,0.000000
79,-53.685611,4.152822,0.000000
80,-53.517673,4.247742,0.000000
81,-53.350485,4.343465,0.000000
82,-53.184029,4.439983,0.000000
83,-53.018292,4.537290,0.000000
84,-52.853257,4.635377,0.000000
85,-52.688905,4.734237,0.000000
86,-52.525220,4.833864,0.000000
87,-52.362178,4.934249,0.000000
88,-52.199760,5.035387,0.000000
89,-52.037947,5.137271,0.000000
90,-51.876713,5.239894,0.000000
91,-51.716030,5.343249,0.000000
92,-51.555871,5.447332,0.000000
93,-51.396215,5.552135,0.000000
94,-51.237031,5.657653,0.000000
95,-51.078282,5.763880,0.000000
96,-50.919940,5.870812,0.000000
97,-50.761960,5.978443,0.000000
98,-50.604303,6.086769,0.000000
99,-50.446924,6.195784,0.000000
100,-50.289774,6.305485,0.000000
101,-50.132820,6.415869,0.000000
102,-49.975999,6.526930,0.000000
103,-49.819236,6.638667,0.000000
104,-49.662493,6.751077,0.000000
105,-49.505700,6.864156,0.000000
106,-49.348786,6.977905,0.000000
107,-49.191664,7.092320,0.000000
108,-49.034266,7.207401,0.000000
109,-48.876478,7.323148,0.000000
110,-48.718208,7.439561,0.000000
111,-48.559348,7.556641,0.000000
112,-48.399757,7.674390,0.000000
113,-48.239305,7.792810,0.000000
114,-48.077859,7.911905,0.000000
115,-47.915263,8.031680,0.000000
116,-47.751272,8.152139,0.000000
117,-47.585745,8.273290,0.000000
118,-47.418452,8.395141,0.000000
119,-47.249176,8.517701,0.000000
120,-47.077582,8.640980,0.000000
121,-46.903378,8.764993,0.000000
122,-46.726178,8.889754,0.000000
123,-46.545546,9.015280,0.000000
124,-46.360994,9.141593,0.000000
125,-46.172008,9.268714,0.000000
126,-45.977918,9.396671,0.000000
127,-45.777825,9.525496,0.000000
128,-45.570968,9.655226,0.000000
129,-45.356226,9.785902,0.000000
130,-45.132233,9.917574,0.000000
131,-44.897374,10.050301,0.000000
132,-44.649613,10.184151,0.000000
133,-44.386165,10.319206,0.000000
134,-44.103607,10.455567,0.000000
135,-43.797414,10.593358,0.000000
136,-43.460897,10.732731,0.000000
137,-43.085628,10.873882,0.000000
138,-42.658071,11.017065,0.000000
139,-42.157109,11.162621,0.000000
140,-41.546723,11.311032,0.000000
141,-40.758430,11.463017,0.000000
142,-39.644112,11.619751,0.000000
143,-37.774782,11.783391,0.000000
144,-33.164992,11.958948,0.000000
145,0.000000,12.164651,1.000000
146,-58.000000,12.590769,0.000000
147,-57.816112,12.628800,0.000000
148,-57.633145,12.667930,0.000000
149,-57.451093,12.708149,0.000000
150,-57.269950,12.749448,0.000000
151,-57.089711,12.791817,0.000000
152,-56.910369,12.835246,0.000000
153,-56.731919,12.879726,0.000000
154,-56.554354,12.925247,0.000000
155,-56.377667,12.971801,0.000000
156,-56.201852,13.019377,0.000000
157,-56.026902,13.067967,0.000000
158,-55.852810,13.117561,0.000000
159,-55.679567,13.168150,0.000000
160,-55.507169,13.219726,0.000000
161,-55.335605,13.272279,0.000000
162,-55.164869,13.325801,0.000000
163,-54.994951,13.380282,0.000000
164,-54.825843,13.435715,0.000000
165,-54.657536,13.492090,0.000000
166,-54.490019,13.549400,0.000000
167,-54.323282,13.607635,0.000000
168,-54.157317,13.666788,0.000000
169,-53.992111,13.726850,0.000000
170,-53.827653,13.787813,0.000000
171,-53.663930,13.849669,0.000000
172,-53.500931,13.912410,0.000000
173,-53.338644,13.976030,0.000000
174,-53.177053,14.040519,0.000000
175,-53.016144,14.105870,0.000000
176,-52.855902,14.172076,0.000000
177,-52.696311,14.239130,0.000000
178,-52.537349,14.307024,0.000000
179,-52.378999,14.375751,0.000000
180,-52.221245,14.445306,0.000000
181,-52.064064,14.515680,0.000000
182,-51.907436,14.586867,0.000000
183,-51.751332,14.658861,0.000000
184,-51.595731,14.731656,0.000000
185,-51.440606,14.805246,0.000000
186,-51.285934,14.879624,0.000000
187,-51.131682,14.954786,0.000000
188,-50.977818,15.030725,0.000000
189,-50.824308,15.107437,0.000000
190,-50.671117,15.184917,0.000000
191,-50.518198,15.263160,0.000000
192,-50.365507,15.342161,0.000000
193,-50.213012,15.421918,0.000000
194,-50.060660,15.502424,0.000000
195,-49.908399,15.583679,0.000000
196,-49.756166,15.665677,0.000000
197,-49.603899,15.748417,0.000000
198,-49.451547,15.831896,0.000000
199,-49.299031,15.916113,0.000000
200,-49.146285,16.001066,0.000000
201,-48.993222,16.086754,0.000000
202,-48.839746,16.173176,0.000000
203,-48.685763,16.260334,0.000000
204,-48.531148,16.348228,0.000000
205,-48.375787,16.436859,0.000000
206,-48.219576,16.526231,0.000000
207,-48.062355,16.616347,0.000000
208,-47.903979,16.707210,0.000000
209,-47.744223,16.798826,0.000000
210,-47.582949,16.891202,0.000000
211,-47.419952,16.984345,0.000000
212,-47.254976,17.078264,0.000000
213,-47.087740,17.172970,0.000000
214,-46.917963,17.268475,0.000000
215,-46.745287,17.364794,0.000000
216,-46.569301,17.461942,0.000000
217,-46.389517,17.559940,0.000000
218,-46.205450,17.658811,0.000000
219,-46.016514,17.758578,0.000000
220,-45.821964,17.859273,0.000000
221,-45.620857,17.960929,0.000000
222,-45.412256,18.063587,0.000000
223,-45.194971,18.167293,0.000000
224,-44.967495,18.272102,0.000000
225,-44.727933,18.378079,0.000000
226,-44.473782,18.485299,0.000000
227,-44.201870,18.593856,0.000000
228,-43.908461,18.703864,0.000000
229,-43.587605,18.815461,0.000000
230,-43.231730,18.928826,0.000000
231,-42.829831,19.044185,0.000000
232,-42.364486,19.161839,0.000000
233,-41.806746,19.282202,0.000000
234,-41.104848,19.405884,0.000000
235,-40.154323,19.533832,0.000000
236,-38.688229,19.667690,0.000000
237,-35.742869,19.810876,0.000000
238,-23.176176,19.973221,0.000000
239,0.000000,20.218802,1.000000
240,-58.000000,20.618073,0.000000
241,-57.820126,20.629346,0.000000
242,-57.641139,20.641781,0.000000
243,-57.463035,20.655367,0.000000
244,-57.285807,20.670096,0.000000
245,-57.109451,20.685957,0.000000
246,-56.933961,20.702940,0.000000
247,-56.759330,20.721037,0.000000
248,-56.585553,20.740238,0.000000
249,-56.412624,20.760534,0.000000
250,-56.240535,20.781915,0.000000
251,-56.069282,20.804371,0.000000
252,-55.898856,20.827895,0.000000
253,-55.729251,20.852476,0.000000
254,-55.560460,20.878106,0.000000
255,-55.392475,20.904776,0.000000
256,-55.225290,20.932477,0.000000
257,-55.058896,20.961200,0.000000
258,-54.893285,20.990937,0.000000
259,-54.728447,21.021679,0.000000
260,-54.564375,21.053417,0.000000
261,-54.401058,21.086143,0.000000
262,-54.238487,21.119849,0.000000
263,-54.076652,21.154526,0.000000
264,-53.915543,21.190166,0.000000
265,-53.755145,21.226762,0.000000
266,-53.595449,21.264305,0.000000
267,-53.436444,21.302788,0.000000
268,-53.278117,21.342202,0.000000
269,-53.120454,21.382541,0.000000
270,-52.963440,21.423796,0.000000
271,-52.807062,21.465961,0.000000
272,-52.651302,21.509027,0.000000
273,-52.496141,21.552988,0.000000
274,-52.341559,21.597837,0.000000
275,-52.187547,21.643567,0.000000
276,-52.034078,21.690172,0.000000
277,-51.881132,21.737644,0.000000
278,-51.728683,21.785978,0.000000
279,-51.576711,21.835167,0.000000
280,-51.425189,21.885205,0.000000
281,-51.274095,21.936086,0.000000
282,-51.123399,21.987805,0.000000
283,-50.973071,22.040356,0.000000
284,-50.823075,22.093735,0.000000
285,-50.673375,22.147935,0.000000
286,-50.523933,22.202953,0.000000
287,-50.374708,22.258783,0.000000
288,-50.225663,22.315423,0.000000
289,-50.076752,22.372867,0.000000
290,-49.927925,22.431112,0.000000
291,-49.779110,22.490156,0.000000
292,-49.630268,22.549995,0.000000
293,-49.481341,22.610626,0.000000
294,-49.332261,22.672048,0.000000
295,-49.182951,22.734260,0.000000
296,-49.033345,22.797259,0.000000
297,-48.883361,22.861046,0.000000
298,-48.732889,22.925620,0.000000
299,-48.581830,22.990982,0.000000
300,-48.430064,23.057133,0.000000
301,-48.277480,23.124076,0.000000
302,-48.123961,23.191812,0.000000
303,-47.969370,23.260347,0.000000
304,-47.813493,23.329683,0.000000
305,-47.656173,23.399827,0.000000
306,-47.497259,23.470787,0.000000
307,-47.336494,23.542569,0.000000
308,-47.173675,23.615184,0.000000
309,-47.008495,23.688642,0.000000
310,-46.840660,23.762957,0.000000
311,-46.669785,23.838143,0.000000
312,-46.495450,23.914217,0.000000
313,-46.317113,23.991200,0.000000
314,-46.134383,24.069115,0.000000
315,-45.946594,24.147989,0.000000
316,-45.752878,24.227851,0.000000
317,-45.552451,24.308739,0.000000
318,-45.344263,24.390694,0.000000
319,-45.127054,24.473763,0.000000
320,-44.899283,24.558004,0.000000
321,-44.658911,24.643482,0.000000
322,-44.403331,24.730277,0.000000
323,-44.129259,24.818488,0.000000
324,-43.832537,24.908231,0.000000
325,-43.507023,24.999653,0.000000
326,-43.144639,25.092941,0.000000
327,-42.733116,25.188333,0.000000
328,-42.253281,25.286152,0.000000
329,-41.673100,25.386843,0.000000
330,-40.933335,25.491066,0.000000
331,-39.910199,25.599873,0.000000
332,-38.266832,25.715139,0.000000
333,-34.654740,25.840976,0.000000
334,-13.089956,25.990475,0.000000
335,0.000000,26.283240,1.000000
336,-58.000000,26.662296,0.000000
337,-57.823148,26.653422,0.000000
338,-57.647158,26.645756,0.000000
339,-57.472027,26.639289,0.000000
340,-57.297747,26.634011,0.000000
341,-57.124315,26.629913,0.000000
342,-56.951725,26.626984,0.000000
343,-56.779970,26.625216,0.000000
344,-56.609046,26.624599,0.000000
345,-56.438945,26.625124,0.000000
346,-56.269663,26.626780,0.000000
347,-56.101193,26.629560,0.000000
348,-55.933528,26.633453,0.000000
349,-55.766661,26.638452,0.000000
350,-55.600587,26.644546,0.000000
351,-55.435297,26.651727,0.000000
352,-55.270785,26.659986,0.000000
353,-55.107043,26.669314,0.000000
354,-54.944065,26.679702,0.000000
355,-54.781840,26.691143,0.000000
356,-54.620360,26.703627,0.000000
357,-54.459617,26.717146,0.000000
358,-54.299600,26.731691,0.000000
359,-54.140301,26.747255,0.000000
360,-53.981711,26.763829,0.000000
361,-53.823816,26.781404,0.000000
362,-53.666606,26.799974,0.000000
363,-53.510072,26.819530,0.000000
364,-53.354200,26.840065,0.000000
365,-53.198977,26.861570,0.000000
366,-53.044392,26.884038,0.000000
367,-52.890429,26.907462,0.000000
368,-52.737072,26.931834,0.000000
369,-52.584306,26.957148,0.000000
370,-52.432113,26.983395,0.000000
371,-52.280475,27.010570,0.000000
372,-52.129376,27.038665,0.000000
373,-51.978796,27.067673,0.000000
374,-51.828711,27.097589,0.000000
375,-51.679100,27.128406,0.000000
376,-51.529943,27.160117,0.000000
377,-51.381214,27.192717,0.000000
378,-51.232885,27.226200,0.000000
379,-51.084932,27.260560,0.000000
380,-50.937322,27.295792,0.000000
381,-50.790021,27.331890,0.000000
382,-50.642997,27.368851,0.000000
383,-50.496210,27.406668,0.000000
384,-50.349612,27.445338,0.000000
385,-50.203184,27.484856,0.000000
386,-50.056868,27.525218,0.000000
387,-49.910621,27.566422,0.000000
388,-49.764372,27.608463,0.000000
389,-49.618085,27.651339,0.000000
390,-49.471691,27.695047,0.000000
391,-49.325148,27.739586,0.000000
392,-49.178368,27.784953,0.000000
393,-49.031281,27.831147,0.000000
394,-48.883800,27.878168,0.000000
395,-48.735840,27.926015,0.000000
396,-48.587295,27.974690,0.000000
397,-48.438052,28.024192,0.000000
398,-48.288004,28.074525,0.000000
399,-48.137041,28.125689,0.000000
400,-47.985019,28.177690,0.000000
401,-47.831734,28.230531,0.000000
402,-47.677065,28.284218,0.000000
403,-47.520821,28.338757,0.000000
404,-47.362810,28.394155,0.000000
405,-47.202763,28.450423,0.000000
406,-47.040439,28.507570,0.000000
407,-46.875530,28.565608,0.000000
408,-46.707706,28.624552,0.000000
409,-46.536556,28.684419,0.000000
410,-46.361631,28.745227,0.000000
411,-46.182461,28.806999,0.000000
412,-45.998433,28.869759,0.000000
413,-45.808768,28.933537,0.000000
414,-45.612723,28.998367,0.000000
415,-45.409320,29.064288,0.000000
416,-45.197406,29.131345,0.000000
417,-44.975509,29.199591,0.000000
418,-44.741839,29.269089,0.000000
419,-44.494074,29.339913,0.000000
420,-44.229075,29.412153,0.000000
421,-43.943352,29.485918,0.000000
422,-43.631342,29.561343,0.000000
423,-43.285917,29.638596,0.000000
424,-42.897046,29.717895,0.000000
425,-42.448666,29.799521,0.000000
426,-41.914303,29.883865,0.000000
427,-41.248626,29.971490,0.000000
428,-40.361316,30.063261,0.000000
429,-39.034304,30.160641,0.000000
430,-36.547552,30.266544,0.000000
431,-28.127414,30.388672,0.000000
432,0.000000,30.566527,1.000000
433,-58.000000,30.931305,0.000000
434,-57.825282,30.908201,0.000000
435,-57.651410,30.886338,0.000000
436,-57.478377,30.865708,0.000000
437,-57.306181,30.846299,0.000000
438,-57.134813,30.828104,0.000000
439,-56.964271,30.811111,0.000000
440,-56.794548,30.795313,0.000000
441,-56.625638,30.780698,0.000000
442,-56.457536,30.767258,0.000000
443,-56.290235,30.754984,0.000000
444,-56.123730,30.743865,0.000000
445,-55.958015,30.733894,0.000000
446,-55.793082,30.725061,0.000000
447,-55.628926,30.717357,0.000000
448,-55.465540,30.710773,0.000000
449,-55.302917,30.705300,0.000000
450,-55.141049,30.700930,0.000000
451,-54.979929,30.697653,0.000000
452,-54.819549,30.695461,0.000000
453,-54.659900,30.694346,0.000000
454,-54.500974,30.694299,0.000000
455,-54.342761,30.695312,0.000000
456,-54.185254,30.697375,0.000000
457,-54.028441,30.700482,0.000000
458,-53.872313,30.704625,0.000000
459,-53.716858,30.709794,0.000000
460,-53.562067,30.715982,0.000000
461,-53.407927,30.723182,0.000000
462,-53.254427,30.731385,0.000000
463,-53.101554,30.740584,0.000000
464,-52.949294,30.750772,0.000000
465,-52.797632,30.761941,0.000000
466,-52.646555,30.774083,0.000000
467,-52.496044,30.787193,0.000000
468,-52.346081,30.801262,0.000000
469,-52.196654,30.816284,0.000000
470,-52.047742,30.832252,0.000000
471,-51.899324,30.849159,0.000000
472,-51.751376,30.867000,0.000000
473,-51.603878,30.885767,0.000000
474,-51.456807,30.905456,0.000000
475,-51.310146,30.926059,0.000000
476,-51.163856,30.947571,0.000000
477,-51.017917,30.969986,0.000000
478,-50.872298,30.993300,0.000000
479,-50.726963,31.017507,0.000000
480,-50.581878,31.042603,0.000000
481,-50.437003,31.068581,0.000000
482,-50.292303,31.095439,0.000000
483,-50.147737,31.123173,0.000000
484,-50.003264,31.151777,0.000000
485,-49.858832,31.181249,0.000000
486,-49.714377,31.211586,0.000000
487,-49.569848,31.242785,0.000000
488,-49.425203,31.274844,0.000000
489,-49.280370,31.307760,0.000000
490,-49.135281,31.341531,0.000000
491,-48.989855,31.376158,0.000000
492,-48.844017,31.411638,0.000000
493,-48.697671,31.447972,0.000000
494,-48.550707,31.485161,0.000000
495,-48.403021,31.523206,0.000000
496,-48.254516,31.562109,0.000000
497,-48.105069,31.601871,0.000000
498,-47.954538,31.642498,0.000000
499,-47.802727,31.683993,0.000000
500,-47.649505,31.726361,0.000000
501,-47.494682,31.769610,0.000000
502,-47.338053,31.813747,0.000000
503,-47.179362,31.858781,0.000000
504,-47.018381,31.904722,0.000000
505,-46.854803,31.951584,0.000000
506,-46.688298,31.999380,0.000000
507,-46.518441,32.048127,0.000000
508,-46.344745,32.097843,0.000000
509,-46.166831,32.148552,0.000000
510,-45.984021,32.200278,0.000000
511,-45.795516,32.253051,0.000000
512,-45.600620,32.306904,0.000000
513,-45.398354,32.361876,0.000000
514,-45.187602,32.418015,0.000000
515,-44.966892,32.475370,0.000000
516,-44.734326,32.534007,0.000000
517,-44.487654,32.593998,0.000000
518,-44.223773,32.655433,0.000000
519,-43.939157,32.718423,0.000000
520,-43.628392,32.783101,0.000000
521,-43.284494,32.849635,0.000000
522,-42.896942,32.918239,0.000000
523,-42.450065,32.989199,0.000000
524,-41.917485,33.062901,0.000000
525,-41.253915,33.139908,0.000000
526,-40.370829,33.221082,0.000000
527,-39.051147,33.307873,0.000000
528,-36.585451,33.403173,0.000000
529,-28.326258,33.514592,0.000000
530,0.000000,33.680702,1.000000
531,-58.000000,34.035100,0.000000
532,-57.826834,34.001649,0.000000
533,-57.654501,33.969465,0.000000
534,-57.482995,33.938537,0.000000
535,-57.312312,33.908855,0.000000
536,-57.142446,33.880410,0.000000
537,-56.973393,33.853192,0.000000
538,-56.805146,33.827192,0.000000
539,-56.637701,33.802401,0.000000
540,-56.471051,33.778808,0.000000
541,-56.305192,33.756405,0.000000
542,-56.140116,33.735183,0.000000
543,-55.975818,33.715131,0.000000
544,-55.812292,33.696242,0.000000
545,-55.649531,33.678506,0.000000
546,-55.487528,33.661914,0.000000
547,-55.326277,33.646457,0.000000
548,-55.165771,33.632127,0.000000
549,-55.006002,33.618915,0.000000
550,-54.846963,33.606812,0.000000
551,-54.688645,33.595810,0.000000
552,-54.531041,33.585899,0.000000
553,-54.374139,33.577073,0.000000
554,-54.217934,33.569321,0.000000
555,-54.062414,33.562638,0.000000
556,-53.907570,33.557013,0.000000
557,-53.753390,33.552439,0.000000
558,-53.599865,33.548908,0.000000
559,-53.446984,33.546413,0.000000
560,-53.294735,33.544945,0.000000
561,-53.143108,33.544497,0.000000
562,-52.992086,33.545061,0.000000
563,-52.841656,33.546630,0.000000
564,-52.691805,33.549197,0.000000
565,-52.542515,33.552754,0.000000
566,-52.393770,33.557295,0.000000
567,-52.245554,33.562812,0.000000
568,-52.097851,33.569299,0.000000
569,-51.950641,33.576749,0.000000
570,-51.803897,33.585156,0.000000
571,-51.657603,33.594513,0.000000
572,-51.511740,33.604813,0.000000
573,-51.366281,33.616053,0.000000
574,-51.221205,33.628224,0.000000
575,-51.076477,33.641322,0.000000
576,-50.932076,33.655341,0.000000
577,-50.787963,33.670276,0.000000
578,-50.644112,33.686122,0.000000
579,-50.500481,33.702874,0.000000
580,-50.357030,33.720528,0.000000
581,-50.213731,33.739079,0.000000
582,-50.070538,33.758524,0.000000
583,-49.927402,33.778859,0.000000
584,-49.784263,33.800080,0.000000
585,-49.641080,33.822185,0.000000
586,-49.497803,33.845170,0.000000
587,-49.354365,33.869034,0.000000
588,-49.210700,33.893775,0.000000
589,-49.066740,33.919391,0.000000
590,-48.922409,33.945881,0.000000
591,-48.777621,33.973246,0.000000
592,-48.632287,34.001484,0.000000
593,-48.486282,34.030597,0.000000
594,-48.339499,34.060587,0.000000
595,-48.191863,34.091455,0.000000
596,-48.043232,34.123204,0.000000
597,-47.893461,34.155839,0.000000
598,-47.742362,34.189363,0.000000
599,-47.589766,34.223782,0.000000
600,-47.435508,34.259105,0.000000
601,-47.279357,34.295338,0.000000
602,-47.121099,34.332491,0.000000
603,-46.960465,34.370575,0.000000
604,-46.797109,34.409603,0.000000
605,-46.630688,34.449591,0.000000
606,-46.460791,34.490554,0.000000
607,-46.286934,34.532514,0.000000
608,-46.108683,34.575492,0.000000
609,-45.925399,34.619516,0.000000
610,-45.736232,34.664615,0.000000
611,-45.540385,34.710825,0.000000
612,-45.336880,34.758186,0.000000
613,-45.124568,34.806746,0.000000
614,-44.901795,34.856560,0.000000
615,-44.666704,34.907693,0.000000
616,-44.416795,34.960223,0.000000
617,-44.148817,35.014243,0.000000
618,-43.858977,35.069870,0.000000
619,-43.541255,35.127244,0.000000
620,-43.188080,35.186545,0.000000
621,-42.788055,35.248003,0.000000
622,-42.323469,35.311922,0.000000
623,-41.764435,35.378726,0.000000
624,-41.058000,35.449034,0.000000
625,-40.095471,35.523817,0.000000
626,-38.597101,35.604768,0.000000
627,-35.525285,35.695438,0.000000
628,-21.548637,35.806285,0.000000
629,0.000000,36.009940,1.000000
630,-58.000000,36.356573,0.000000
631,-57.827995,36.315385,0.000000
632,-57.656813,36.275480,0.000000
633,-57.486449,36.236850,0.000000
634,-57.316898,36.199484,0.000000
635,-57.148155,36.163373,0.000000
636,-56.980215,36.128507,0.000000
637,-56.813073,36.094878,0.000000
638,-56.646724,36.062474,0.000000
639,-56.481161,36.031288,0.000000
640,-56.316378,36.001309,0.000000
641,-56.152372,35.972529,0.000000
642,-55.989134,35.944938,0.000000
643,-55.826659,35.918527,0.000000
644,-55.664942,35.893288,0.000000
645,-55.503974,35.869211,0.000000
646,-55.343750,35.846287,0.000000
647,-55.184263,35.824507,0.000000
648,-55.025504,35.803864,0.000000
649,-54.867468,35.784348,0.000000
650,-54.710145,35.765950,0.000000
651,-54.553528,35.748663,0.000000
652,-54.397607,35.732477,0.000000
653,-54.242374,35.717385,0.000000
654,-54.087821,35.703377,0.000000
655,-53.933937,35.690447,0.000000
656,-53.780711,35.678586,0.000000
657,-53.628134,35.667786,0.000000
658,-53.476194,35.658039,0.000000
659,-53.324880,35.649338,0.000000
660,-53.174182,35.641674,0.000000
661,-53.024084,35.635041,0.000000
662,-52.874576,35.629430,0.000000
663,-52.725640,35.624835,0.000000
664,-52.577263,35.621248,0.000000
665,-52.429426,35.618662,0.000000
666,-52.282116,35.617070,0.000000
667,-52.135316,35.616466,0.000000
668,-51.989007,35.616842,0.000000
669,-51.843163,35.618193,0.000000
670,-51.697770,35.620511,0.000000
671,-51.552806,35.623791,0.000000
672,-51.408244,35.628026,0.000000
673,-51.264067,35.633211,0.000000
674,-51.120242,35.639340,0.000000
675,-50.976747,35.646407,0.000000
676,-50.833546,35.654408,0.000000
677,-50.690610,35.663336,0.000000
678,-50.547900,35.673187,0.000000
679,-50.405381,35.683957,0.000000
680,-50.263017,35.695642,0.000000
681,-50.120773,35.708236,0.000000
682,-49.978600,35.721737,0.000000
683,-49.836441,35.736140,0.000000
684,-49.694252,35.751444,0.000000
685,-49.551987,35.767644,0.000000
686,-49.409581,35.784738,0.000000
687,-49.266974,35.802725,0.000000
688,-49.124097,35.821603,0.000000
689,-48.980879,35.841370,0.000000
690,-48.837235,35.862027,0.000000
691,-48.693080,35.883572,0.000000
692,-48.548322,35.906006,0.000000
693,-48.402840,35.929330,0.000000
694,-48.256534,35.953547,0.000000
695,-48.109291,35.978658,0.000000
696,-47.960977,36.004668,0.000000
697,-47.811380,36.031579,0.000000
698,-47.660395,36.059398,0.000000
699,-47.507843,36.088130,0.000000
700,-47.353520,36.117784,0.000000
701,-47.197222,36.148368,0.000000
702,-47.038668,36.179892,0.000000
703,-46.877592,36.212368,0.000000
704,-46.713634,36.245810,0.000000
705,-46.546437,36.280233,0.000000
706,-46.375540,36.315656,0.000000
707,-46.200510,36.352100,0.000000
708,-46.020786,36.389589,0.000000
709,-45.835677,36.428152,0.000000
710,-45.644363,36.467821,0.000000
711,-45.445979,36.508632,0.000000
712,-45.239372,36.550630,0.000000
713,-45.023284,36.593866,0.000000
714,-44.795958,36.638397,0.000000
715,-44.555288,36.684296,0.000000
716,-44.298449,36.731647,0.000000
717,-44.022103,36.780552,0.000000
718,-43.721548,36.831136,0.000000
719,-43.390095,36.883555,0.000000
720,-43.018742,36.938009,0.000000
721,-42.593764,36.994758,0.000000
722,-42.093154,37.054150,0.000000
723,-41.479738,37.116682,0.000000
724,-40.681756,37.183095,0.000000
725,-39.540693,37.254606,0.000000
726,-37.591942,37.333486,0.000000
727,-32.566411,37.425095,0.000000
728,0.000000,37.549902,1.000000
729,-58.000000,37.891402,0.000000
730,-57.828762,37.845097,0.000000
731,-57.658341,37.800088,0.000000
732,-57.488732,37.756366,0.000000
733,-57.319930,37.713920,0.000000
734,-57.151929,37.672741,0.000000
735,-56.984726,37.632819,0.000000
736,-56.818315,37.594144,0.000000
737,-56.652689,37.556708,0.000000
738,-56.487844,37.520501,0.000000
739,-56.323775,37.485514,0.000000
740,-56.160474,37.451737,0.000000
741,-55.997938,37.419162,0.000000
742,-55.836158,37.387778,0.000000
743,-55.675130,37.357578,0.000000
744,-55.514846,37.328552,0.000000
745,-55.355301,37.300691,0.000000
746,-55.196486,37.273987,0.000000
747,-55.038396,37.248430,0.000000
748,-54.881023,37.224013,0.000000
749,-54.724359,37.200726,0.000000
750,-54.568394,37.178561,0.000000
751,-54.413121,37.157510,0.000000
752,-54.258532,37.137564,0.000000
753,-54.104618,37.118715,0.000000
754,-53.951368,37.100955,0.000000
755,-53.798772,37.084276,0.000000
756,-53.646820,37.068670,0.000000
757,-53.495503,37.054129,0.000000
758,-53.344808,37.040646,0.000000
759,-53.194723,37.028211,0.000000
760,-53.045238,37.016819,0.000000
761,-52.896337,37.006462,0.000000
762,-52.748008,36.997131,0.000000
763,-52.600234,36.988821,0.000000
764,-52.452999,36.981523,0.000000
765,-52.306286,36.975231,0.000000
766,-52.160081,36.969939,0.000000
767,-52.014367,36.965638,0.000000
768,-51.869123,36.962324,0.000000
769,-51.724321,36.959988,0.000000
770,-51.579950,36.958626,0.000000
771,-51.435984,36.958231,0.000000
772,-51.292398,36.958797,0.000000
773,-51.149170,36.960319,0.000000
774,-51.006271,36.962790,0.000000
775,-50.863671,36.966205,0.000000
776,-50.721341,36.970560,0.000000
777,-50.579244,36.975849,0.000000
778,-50.437342,36.982068,0.000000
779,-50.295599,36.989212,0.000000
780,-50.153979,36.997278,0.000000
781,-50.012439,37.006260,0.000000
782,-49.870935,37.016156,0.000000
783,-49.729395,37.026963,0.000000
784,-49.587791,37.038677,0.000000
785,-49.446067,37.051296,0.000000
786,-49.304159,37.064818,0.000000
787,-49.161991,37.079241,0.000000
788,-49.019511,37.094564,0.000000
789,-48.876622,37.110785,0.000000
790,-48.733246,37.127905,0.000000
791,-48.589286,37.145924,0.000000
792,-48.444643,37.164842,0.000000
793,-48.299206,37.184662,0.000000
794,-48.152873,37.205385,0.000000
795,-48.005501,37.227014,0.000000
796,-47.856953,37.249554,0.000000
797,-47.707039,37.273009,0.000000
798,-47.555604,37.297386,0.000000
799,-47.402482,37.322690,0.000000
800,-47.247445,37.348931,0.000000
801,-47.090262,37.376119,0.000000
802,-46.930627,37.404263,0.000000
803,-46.768261,37.433378,0.000000
804,-46.602779,37.463478,0.000000
805,-46.433757,37.494582,0.000000
806,-46.260740,37.526708,0.000000
807,-46.083281,37.559881,0.000000
808,-45.900698,37.594126,0.000000
809,-45.712132,37.629474,0.000000
810,-45.516877,37.665962,0.000000
811,-45.313921,37.703629,0.000000
812,-45.101933,37.742524,0.000000
813,-44.879407,37.782703,0.000000
814,-44.644448,37.824231,0.000000
815,-44.394448,37.867188,0.000000
816,-44.126272,37.911667,0.000000
817,-43.835850,37.957787,0.000000
818,-43.517138,38.005688,0.000000
819,-43.162482,38.055555,0.000000
820,-42.760195,38.107620,0.000000
821,-42.291784,38.162193,0.000000
822,-41.727052,38.219707,0.000000
823,-41.010495,38.280795,0.000000
824,-40.028293,38.346455,0.000000
825,-38.482650,38.418445,0.000000
826,-35.233181,38.500500,0.000000
827,-19.069323,38.603943,0.000000
828,0.000000,38.814801,1.000000
829,-58.000000,39.152085,0.000000
830,-57.829393,39.101578,0.000000
831,-57.659597,39.052377,0.000000
832,-57.490608,39.004472,0.000000
833,-57.322420,38.957853,0.000000
834,-57.155030,38.912511,0.000000
835,-56.988431,38.868435,0.000000
836,-56.822619,38.825618,0.000000
837,-56.657589,38.784048,0.000000
838,-56.493335,38.743718,0.000000
839,-56.329850,38.704616,0.000000
840,-56.167130,38.666735,0.000000
841,-56.005170,38.630065,0.000000
842,-55.843962,38.594597,0.000000
843,-55.683500,38.560322,0.000000
844,-55.523778,38.527231,0.000000
845,-55.364791,38.495315,0.000000
846,-55.206530,38.464565,0.000000
847,-55.048989,38.434973,0.000000
848,-54.892160,38.406530,0.000000
849,-54.736036,38.379227,0.000000
850,-54.580608,38.353056,0.000000
851,-54.425868,38.328009,0.000000
852,-54.271807,38.304076,0.000000
853,-54.118417,38.281251,0.000000
854,-53.965689,38.259524,0.000000
855,-53.813611,38.238887,0.000000
856,-53.662175,38.219334,0.000000
857,-53.511368,38.200855,0.000000
858,-53.361181,38.183443,0.000000
859,-53.211602,38.167090,0.000000
860,-53.062618,38.151789,0.000000
861,-52.914218,38.137532,0.000000
862,-52.766385,38.124312,0.000000
863,-52.619107,38.112122,0.000000
864,-52.472365,38.100954,0.000000
865,-52.326143,38.090802,0.000000
866,-52.180427,38.081659,0.000000
867,-52.035200,38.073517,0.000000
868,-51.890443,38.066370,0.000000
869,-51.746132,38.060213,0.000000
870,-51.602246,38.055038,0.000000
871,-51.458764,38.050840,0.000000
872,-51.315669,38.047612,0.000000
873,-51.172927,38.045348,0.000000
874,-51.030516,38.044044,0.000000
875,-50.888410,38.043694,0.000000
876,-50.746573,38.044293,0.000000
877,-50.604974,38.045834,0.000000
878,-50.463574,38.048315,0.000000
879,-50.322334,38.051730,0.000000
880,-50.181224,38.056076,0.000000
881,-50.040203,38.061347,0.000000
882,-49.899225,38.067541,0.000000
883,-49.758230,38.074655,0.000000
884,-49.617168,38.082684,0.000000
885,-49.475999,38.091628,0.000000
886,-49.334652,38.101482,0.000000
887,-49.193065,38.112246,0.000000
888,-49.051180,38.123918,0.000000
889,-48.908902,38.136497,0.000000
890,-48.766160,38.149983,0.000000
891,-48.622859,38.164375,0.000000
892,-48.478895,38.179675,0.000000
893,-48.334155,38.195883,0.000000
894,-48.188554,38.213003,0.000000
895,-48.041952,38.231036,0.000000
896,-47.894222,38.249986,0.000000
897,-47.745167,38.269858,0.000000
898,-47.594623,38.290657,0.000000
899,-47.442454,38.312391,0.000000
900,-47.288428,38.335067,0.000000
901,-47.132316,38.358693,0.000000
902,-46.973839,38.383282,0.000000
903,-46.812741,38.408846,0.000000
904,-46.648639,38.435398,0.000000
905,-46.481124,38.462956,0.000000
906,-46.309748,38.491538,0.000000
907,-46.134066,38.521168,0.000000
908,-45.953505,38.551871,0.000000
909,-45.767246,38.583674,0.000000
910,-45.574501,38.616614,0.000000
911,-45.374403,38.650728,0.000000
912,-45.165688,38.686063,0.000000
913,-44.946923,38.722672,0.000000
914,-44.716354,38.760617,0.000000
915,-44.471694,38.799972,0.000000
916,-44.209805,38.840828,0.000000
917,-43.927166,38.883293,0.000000
918,-43.618268,38.927501,0.000000
919,-43.276120,38.973621,0.000000
920,-42.890495,39.021868,0.000000
921,-42.445525,39.072525,0.000000
922,-41.915029,39.125980,0.000000
923,-41.253970,39.182793,0.000000
924,-40.373905,39.243824,0.000000
925,-39.059418,39.310519,0.000000
926,-36.606828,39.385754,0.000000
927,-28.435223,39.477089,0.000000
928,0.000000,39.622597,1.000000
929,-58.000000,39.957189,0.000000
930,-57.829795,39.903998,0.000000
931,-57.660398,39.852120,0.000000
932,-57.491805,39.801543,0.000000
933,-57.324010,39.752259,0.000000
934,-57.157010,39.704258,0.000000
935,-56.990797,39.657531,0.000000
936,-56.825369,39.612067,0.000000
937,-56.660718,39.567858,0.000000
938,-56.496840,39.524893,0.000000
939,-56.333730,39.483165,0.000000
940,-56.171381,39.442663,0.000000
941,-56.009788,39.403378,0.000000
942,-55.848945,39.365302,0.000000
943,-55.688845,39.328424,0.000000
944,-55.529482,39.292737,0.000000
945,-55.370850,39.258231,0.000000
946,-55.212942,39.224898,0.000000
947,-55.055752,39.192729,0.000000
948,-54.899270,39.161715,0.000000
949,-54.743491,39.131847,0.000000
950,-54.588406,39.103118,0.000000
951,-54.434006,39.075518,0.000000
952,-54.280282,39.049040,0.000000
953,-54.127228,39.023675,0.000000
954,-53.974832,38.999414,0.000000
955,-53.823085,38.976251,0.000000
956,-53.671977,38.954176,0.000000
957,-53.521496,38.933182,0.000000
958,-53.371633,38.913261,0.000000
959,-53.222376,38.894406,0.000000
960,-53.073713,38.876609,0.000000
961,-52.925632,38.859862,0.000000
962,-52.778117,38.844159,0.000000
963,-52.631154,38.829491,0.000000
964,-52.484727,38.815851,0.000000
965,-52.338818,38.803234,0.000000
966,-52.193415,38.791631,0.000000
967,-52.048501,38.781036,0.000000
968,-51.904055,38.771442,0.000000
969,-51.760053,38.762844,0.000000
970,-51.616478,38.755234,0.000000
971,-51.473307,38.748607,0.000000
972,-51.330522,38.742956,0.000000
973,-51.188093,38.738276,0.000000
974,-51.045996,38.734561,0.000000
975,-50.904202,38.731806,0.000000
976,-50.762681,38.730005,0.000000
977,-50.621400,38.729154,0.000000
978,-50.480321,38.729248,0.000000
979,-50.339400,38.730281,0.000000
980,-50.198619,38.732251,0.000000
981,-50.057931,38.735153,0.000000
982,-49.917287,38.738983,0.000000
983,-49.776621,38.743737,0.000000
984,-49.635899,38.749414,0.000000
985,-49.495072,38.756010,0.000000
986,-49.354084,38.763523,0.000000
987,-49.212867,38.771951,0.000000
988,-49.071355,38.781292,0.000000
989,-48.929476,38.791545,0.000000
990,-48.787139,38.802710,0.000000
991,-48.644255,38.814787,0.000000
992,-48.500724,38.827776,0.000000
993,-48.356447,38.841678,0.000000
994,-48.211316,38.856496,0.000000
995,-48.065210,38.872233,0.000000
996,-47.917991,38.888890,0.000000
997,-47.769468,38.906474,0.000000
998,-47.619533,38.924990,0.000000
999,-47.467968,38.944443,0.000000
1000,-47.314581,38.964841,0.000000
1001,-47.159159,38.986195,0.000000
1002,-47.001444,39.008513,0.000000
1003,-46.841132,39.031808,0.000000
1004,-46.677890,39.056095,0.000000
1005,-46.511335,39.081389,0.000000
1006,-46.341005,39.107708,0.000000
1007,-46.166494,39.135076,0.000000
1008,-45.987179,39.163516,0.000000
1009,-45.802284,39.193056,0.000000
1010,-45.611112,39.223731,0.000000
1011,-45.412758,39.255578,0.000000
1012,-45.206138,39.288641,0.000000
1013,-44.989781,39.322971,0.000000
1014,-44.762003,39.358629,0.000000
1015,-44.520554,39.395687,0.000000
1016,-44.262574,39.434231,0.000000
1017,-43.984653,39.474366,0.000000
1018,-43.681648,39.516221,0.000000
1019,-43.347128,39.559956,0.000000
1020,-42.971444,39.605775,0.000000
1021,-42.540386,39.653946,0.000000
1022,-42.030094,39.704830,0.000000
1023,-41.401463,39.758947,0.000000
1024,-40.576933,39.817074,0.000000
1025,-39.380094,39.880504,0.000000
1026,-37.276927,39.951702,0.000000
1027,-31.411184,40.036683,0.000000
1028,0.000000,40.160487,1.000000
1029,-58.000000,40.493285,0.000000
1030,-57.830063,40.438307,0.000000
1031,-57.660932,40.384646,0.000000
1032,-57.492603,40.332291,0.000000
1033,-57.325069,40.281233,0.000000
1034,-57.158328,40.231461,0.000000
1035,-56.992373,40.182968,0.000000
1036,-56.827199,40.135742,0.000000
1037,-56.662802,40.089775,0.000000
1038,-56.499175,40.045057,0.000000
1039,-56.336313,40.001579,0.000000
1040,-56.174211,39.959331,0.000000
1041,-56.012863,39.918306,0.000000
1042,-55.852263,39.878492,0.000000
1043,-55.692403,39.839882,0.000000
1044,-55.533279,39.802467,0.000000
1045,-55.374885,39.766236,0.000000
1046,-55.217212,39.731183,0.000000
1047,-55.060255,39.697298,0.000000
1048,-54.904005,39.664572,0.000000
1049,-54.748456,39.632996,0.000000
1050,-54.593599,39.602563,0.000000
1051,-54.439425,39.573264,0.000000
1052,-54.285926,39.545090,0.000000
1053,-54.133095,39.518034,0.000000
1054,-53.980921,39.492087,0.000000
1055,-53.829394,39.467240,0.000000
1056,-53.678503,39.443487,0.000000
1057,-53.528241,39.420818,0.000000
1058,-53.378595,39.399227,0.000000
1059,-53.229553,39.378706,0.000000
1060,-53.081103,39.359247,0.000000
1061,-52.933233,39.340842,0.000000
1062,-52.785929,39.323484,0.000000
1063,-52.639177,39.307166,0.000000
1064,-52.492960,39.291881,0.000000
1065,-52.347260,39.277622,0.000000
1066,-52.202067,39.264381,0.000000
1067,-52.057361,39.252153,0.000000
1068,-51.913123,39.240930,0.000000
1069,-51.769327,39.230706,0.000000
1070,-51.625958,39.221475,0.000000
1071,-51.482995,39.213230,0.000000
1072,-51.340416,39.205966,0.000000
1073,-51.198194,39.199677,0.000000
1074,-51.056308,39.194357,0.000000
1075,-50.914725,39.190000,0.000000
1076,-50.773412,39.186602,0.000000
1077,-50.632341,39.184157,0.000000
1078,-50.491475,39.182661,0.000000
1079,-50.350770,39.182109,0.000000
1080,-50.210211,39.182497,0.000000
1081,-50.069745,39.183821,0.000000
1082,-49.929324,39.186076,0.000000
1083,-49.788889,39.189260,0.000000
1084,-49.648397,39.193370,0.000000
1085,-49.507808,39.198403,0.000000
1086,-49.367061,39.204356,0.000000
1087,-49.226087,39.211228,0.000000
1088,-49.084826,39.219017,0.000000
1089,-48.943201,39.227721,0.000000
1090,-48.801126,39.237341,0.000000
1091,-48.658516,39.247876,0.000000
1092,-48.515267,39.259326,0.000000
1093,-48.371275,39.271693,0.000000
1094,-48.226451,39.284979,0.000000
1095,-48.080674,39.299186,0.000000
1096,-47.933791,39.314317,0.000000
1097,-47.785614,39.330378,0.000000
1098,-47.636049,39.347372,0.000000
1099,-47.484864,39.365307,0.000000
1100,-47.331896,39.384191,0.000000
1101,-47.176928,39.404031,0.000000
1102,-47.019679,39.424838,0.000000
1103,-46.859882,39.446624,0.000000
1104,-46.697218,39.469403,0.000000
1105,-46.531277,39.493190,0.000000
1106,-46.361637,39.518004,0.000000
1107,-46.187854,39.543866,0.000000
1108,-46.009326,39.570801,0.000000
1109,-45.825476,39.598836,0.000000
1110,-45.635366,39.628004,0.000000
1111,-45.438175,39.658341,0.000000
1112,-45.232820,39.689892,0.000000
1113,-45.017973,39.722707,0.000000
1114,-44.791950,39.756845,0.000000
1115,-44.552607,39.792376,0.000000
1116,-44.297119,39.829384,0.000000
1117,-44.022184,39.867972,0.000000
1118,-43.723172,39.908264,0.000000
1119,-43.393544,39.950415,0.000000
1120,-43.024295,39.994623,0.000000
1121,-42.601798,40.041146,0.000000
1122,-42.104143,40.090330,0.000000
1123,-41.494850,40.142668,0.000000
1124,-40.703637,40.198894,0.000000
1125,-39.575170,40.260206,0.000000
1126,-37.660357,40.328838,0.000000
1127,-32.801458,40.410006,0.000000
1128,0.000000,40.523296,1.000000
1129,-58.000000,40.854885,0.000000
1130,-57.830244,40.798702,0.000000
1131,-57.661292,40.743838,0.000000
1132,-57.493141,40.690284,0.000000
1133,-57.325784,40.638028,0.000000
1134,-57.159217,40.587063,0.000000
1135,-56.993436,40.537378,0.000000
1136,-56.828434,40.488964,0.000000
1137,-56.664207,40.441811,0.000000
1138,-56.500749,40.395911,0.000000
1139,-56.338056,40.351252,0.000000
1140,-56.176120,40.307828,0.000000
1141,-56.014937,40.265628,0.000000
1142,-55.854501,40.224643,0.000000
1143,-55.694804,40.184864,0.000000
1144,-55.535841,40.146282,0.000000
1145,-55.377606,40.108889,0.000000
1146,-55.220092,40.072675,0.000000
1147,-55.063292,40.037633,0.000000
1148,-54.907198,40.003752,0.000000
1149,-54.751804,39.971025,0.000000
1150,-54.597101,39.939443,0.000000
1151,-54.443079,39.908997,0.000000
1152,-54.289732,39.879680,0.000000
1153,-54.137051,39.851483,0.000000
1154,-53.985027,39.824398,0.000000
1155,-53.833647,39.798416,0.000000
1156,-53.682905,39.773530,0.000000
1157,-53.532788,39.749733,0.000000
1158,-53.383288,39.727015,0.000000
1159,-53.234390,39.705370,0.000000
1160,-53.086085,39.684789,0.000000
1161,-52.938360,39.665266,0.000000
1162,-52.791198,39.646793,0.000000
1163,-52.644588,39.629362,0.000000
1164,-52.498512,39.612967,0.000000
1165,-52.352952,39.597600,0.000000
1166,-52.207900,39.583255,0.000000
1167,-52.063334,39.569925,0.000000
1168,-51.919236,39.557603,0.000000
1169,-51.775578,39.546283,0.000000
1170,-51.632351,39.535958,0.000000
1171,-51.489527,39.526622,0.000000
1172,-51.347086,39.518270,0.000000
1173,-51.205005,39.510895,0.000000
1174,-51.063259,39.504492,0.000000
1175,-50.921813,39.499056,0.000000
1176,-50.780644,39.494580,0.000000
1177,-50.639717,39.491061,0.000000
1178,-50.498993,39.488492,0.000000
1179,-50.358434,39.486871,0.000000
1180,-50.218017,39.486191,0.000000
1181,-50.077694,39.486451,0.000000
1182,-49.937423,39.487645,0.000000
1183,-49.797137,39.489770,0.000000
1184,-49.656803,39.492823,0.000000
1185,-49.516371,39.496801,0.000000
1186,-49.375788,39.501703,0.000000
1187,-49.234978,39.507525,0.000000
1188,-49.093884,39.514267,0.000000
1189,-48.952430,39.521927,0.000000
1190,-48.810534,39.530504,0.000000
1191,-48.668116,39.539999,0.000000
1192,-48.525063,39.550412,0.000000
1193,-48.381275,39.561743,0.000000
1194,-48.236669,39.573995,0.000000
1195,-48.091102,39.587171,0.000000
1196,-47.944453,39.601273,0.000000
1197,-47.796538,39.616306,0.000000
1198,-47.647208,39.632275,0.000000
1199,-47.496295,39.649186,0.000000
1200,-47.343624,39.667046,0.000000
1201,-47.188965,39.685865,0.000000
1202,-47.032075,39.705653,0.000000
1203,-46.872662,39.726420,0.000000
1204,-46.710379,39.748181,0.000000
1205,-46.544870,39.770951,0.000000
1206,-46.375673,39.794749,0.000000
1207,-46.202382,39.819595,0.000000
1208,-46.024449,39.845514,0.000000
1209,-45.841209,39.872533,0.000000
1210,-45.651806,39.900683,0.000000
1211,-45.455390,39.930002,0.000000
1212,-45.250952,39.960532,0.000000
1213,-45.037087,39.992324,0.000000
1214,-44.812258,40.025436,0.000000
1215,-44.574282,40.059936,0.000000
1216,-44.320479,40.095908,0.000000
1217,-44.047582,40.133452,0.000000
1218,-43.751137,40.172690,0.000000
1219,-43.424541,40.213773,0.000000
1220,-43.059487,40.256897,0.000000
1221,-42.642633,40.302311,0.000000
1222,-42.153350,40.350352,0.000000
1223,-41.556597,40.401495,0.000000
1224,-40.786797,40.456446,0.000000
1225,-39.701496,40.516346,0.000000
1226,-37.897058,40.583282,0.000000
1227,-33.570936,40.662024,0.000000
1228,0.000000,40.769344,1.000000
1229,-58.000000,41.100113,0.000000
1230,-57.830367,41.043112,0.000000
1231,-57.661537,40.987433,0.000000
1232,-57.493505,40.933065,0.000000
1233,-57.326268,40.879998,0.000000
1234,-57.159820,40.828223,0.000000
1235,-56.994156,40.777730,0.000000
1236,-56.829271,40.728510,0.000000
1237,-56.665160,40.680553,0.000000
1238,-56.501817,40.633850,0.000000
1239,-56.339237,40.588391,0.000000
1240,-56.177415,40.544169,0.000000
1241,-56.016344,40.501172,0.000000
1242,-55.856018,40.459392,0.000000
1243,-55.696432,40.418821,0.000000
1244,-55.537578,40.379449,0.000000
1245,-55.379452,40.341267,0.000000
1246,-55.222046,40.304266,0.000000
1247,-55.065353,40.268438,0.000000
1248,-54.909365,40.233774,0.000000
1249,-54.754076,40.200266,0.000000
1250,-54.599476,40.167905,0.000000
1251,-54.445559,40.136682,0.000000
1252,-54.292314,40.106589,0.000000
1253,-54.139735,40.077618,0.000000
1254,-53.987812,40.049762,0.000000
1255,-53.836533,40.023010,0.000000
1256,-53.685889,39.997357,0.000000
1257,-53.535873,39.972793,0.000000
1258,-53.386469,39.949311,0.000000
1259,-53.237671,39.926904,0.000000
1260,-53.089464,39.905563,0.000000
1261,-52.941834,39.885281,0.000000
1262,-52.794769,39.866051,0.000000
1263,-52.648254,39.847866,0.000000
1264,-52.502274,39.830718,0.000000
1265,-52.356812,39.814601,0.000000
1266,-52.211854,39.799506,0.000000
1267,-52.067384,39.785429,0.000000
1268,-51.923380,39.772362,0.000000
1269,-51.779819,39.760298,0.000000
1270,-51.636683,39.749232,0.000000
1271,-51.493956,39.739156,0.000000
1272,-51.351610,39.730066,0.000000
1273,-51.209622,39.721955,0.000000
1274,-51.067967,39.714818,0.000000
1275,-50.926620,39.708649,0.000000
1276,-50.785549,39.703442,0.000000
1277,-50.644717,39.699194,0.000000
1278,-50.504090,39.695898,0.000000
1279,-50.363632,39.693551,0.000000
1280,-50.223313,39.692149,0.000000
1281,-50.083089,39.691686,0.000000
1282,-49.942917,39.692160,0.000000
1283,-49.802740,39.693567,0.000000
1284,-49.662509,39.695903,0.000000
1285,-49.522194,39.699167,0.000000
1286,-49.381717,39.703355,0.000000
1287,-49.241018,39.708466,0.000000
1288,-49.100043,39.714497,0.000000
1289,-48.958706,39.721449,0.000000
1290,-48.816933,39.729319,0.000000
1291,-48.674641,39.738108,0.000000
1292,-48.531723,39.747817,0.000000
1293,-48.388069,39.758446,0.000000
1294,-48.243594,39.769998,0.000000
1295,-48.098174,39.782474,0.000000
1296,-47.951671,39.795878,0.000000
1297,-47.803924,39.810214,0.000000
1298,-47.654759,39.825487,0.000000
1299,-47.504039,39.841703,0.000000
1300,-47.351571,39.858871,0.000000
1301,-47.197101,39.876997,0.000000
1302,-47.040425,39.896093,0.000000
1303,-46.881224,39.916170,0.000000
1304,-46.719179,39.937242,0.000000
1305,-46.553934,39.959323,0.000000
1306,-46.385064,39.982432,0.000000
1307,-46.212112,40.006590,0.000000
1308,-46.034556,40.031821,0.000000
1309,-45.851716,40.058151,0.000000
1310,-45.662750,40.085613,0.000000
1311,-45.466878,40.114242,0.000000
1312,-45.262979,40.144082,0.000000
1313,-45.049796,40.175182,0.000000
1314,-44.825716,40.207599,0.000000
1315,-44.588702,40.241403,0.000000
1316,-44.336072,40.276673,0.000000
1317,-44.064513,40.313511,0.000000
1318,-43.769693,40.352035,0.000000
1319,-43.445349,40.392397,0.000000
1320,-43.082928,40.434787,0.000000
1321,-42.669773,40.479452,0.000000
1322,-42.185739,40.526722,0.000000
1323,-41.596953,40.577061,0.000000
1324,-40.840103,40.631158,0.000000
1325,-39.780483,40.690120,0.000000
1326,-38.043129,40.755950,0.000000
1327,-34.021604,40.833142,0.000000
1328,-4.451399,40.936888,0.000000
1329,0.000000,41.237422,1.000000
1330,-58.000000,41.566631,0.000000
1331,-57.830600,41.508075,0.000000
1332,-57.662001,41.450844,0.000000
1333,-57.494199,41.394928,0.000000
1334,-57.327190,41.340317,0.000000
1335,-57.160967,41.287001,0.000000
1336,-56.995527,41.234972,0.000000
1337,-56.830864,41.184218,0.000000
1338,-56.666973,41.134732,0.000000
1339,-56.503849,41.086503,0.000000
1340,-56.341485,41.039522,0.000000
1341,-56.179878,40.993780,0.000000
1342,-56.019020,40.949269,0.000000
1343,-55.858906,40.905978,0.000000
1344,-55.699529,40.863898,0.000000
1345,-55.540884,40.823022,0.000000
1346,-55.382964,40.783339,0.000000
1347,-55.225762,40.744842,0.000000
1348,-55.069272,40.707520,0.000000
1349,-54.913486,40.671367,0.000000
1350,-54.758397,40.636372,0.000000
1351,-54.603997,40.602529,0.000000
1352,-54.450276,40.569827,0.000000
1353,-54.297227,40.538259,0.000000
1354,-54.144842,40.507817,0.000000
1355,-53.993111,40.478492,0.000000
1356,-53.842024,40.450276,0.000000
1357,-53.691571,40.423161,0.000000
1358,-53.541743,40.397140,0.000000
1359,-53.392528,40.372205,0.000000
1360,-53.243916,40.348347,0.000000
1361,-53.095893,40.325560,0.000000
1362,-52.948449,40.303836,0.000000
1363,-52.801568,40.283167,0.000000
1364,-52.655236,40.263546,0.000000
1365,-52.509437,40.244966,0.000000
1366,-52.364157,40.227419,0.000000
1367,-52.219379,40.210900,0.000000
1368,-52.075088,40.195401,0.000000
1369,-51.931265,40.180916,0.000000
1370,-51.787883,40.167438,0.000000
1371,-51.644930,40.154961,0.000000
1372,-51.502382,40.143478,0.000000
1373,-51.360218,40.132984,0.000000
1374,-51.218411,40.123472,0.000000
1375,-51.076938,40.114938,0.000000
1376,-50.935769,40.107375,0.000000
1377,-50.794875,40.100779,0.000000
1378,-50.654225,40.095144,0.000000
1379,-50.513786,40.090465,0.000000
1380,-50.373513,40.086738,0.000000
1381,-50.233381,40.083959,0.000000
1382,-50.093350,40.082124,0.000000
1383,-49.953373,40.081227,0.000000
1384,-49.813388,40.081268,0.000000
1385,-49.673365,40.082241,0.000000
1386,-49.533242,40.084144,0.000000
1387,-49.392972,40.086975,0.000000
1388,-49.252486,40.090732,0.000000
1389,-49.111728,40.095413,0.000000
1390,-48.970616,40.101017,0.000000
1391,-48.829080,40.107543,0.000000
1392,-48.687020,40.114991,0.000000
1393,-48.544345,40.123360,0.000000
1394,-48.400942,40.132654,0.000000
1395,-48.256727,40.142872,0.000000
1396,-48.111579,40.154017,0.000000
1397,-47.965370,40.166094,0.000000
1398,-47.817912,40.179104,0.000000
1399,-47.669074,40.193054,0.000000
1400,-47.518692,40.207950,0.000000
1401,-47.366586,40.223799,0.000000
1402,-47.212528,40.240609,0.000000
1403,-47.056236,40.258390,0.000000
1404,-46.897469,40.277154,0.000000
1405,-46.735935,40.296914,0.000000
1406,-46.571223,40.317685,0.000000
1407,-46.402911,40.339484,0.000000
1408,-46.230563,40.362333,0.000000
1409,-46.053689,40.386255,0.000000
1410,-45.871595,40.411276,0.000000
1411,-45.683500,40.437428,0.000000
1412,-45.488565,40.464746,0.000000
1413,-45.285816,40.493274,0.000000
1414,-45.073956,40.523057,0.000000
1415,-44.851409,40.554154,0.000000
1416,-44.616135,40.586631,0.000000
1417,-44.365566,40.620568,0.000000
1418,-44.096525,40.656062,0.000000
1419,-43.804855,40.693232,0.000000
1420,-43.484331,40.732222,0.000000
1421,-43.126985,40.773219,0.000000
1422,-42.720841,40.816462,0.000000
1423,-42.246527,40.862268,0.000000
1424,-41.672501,40.911083,0.000000
1425,-40.940767,40.963563,0.000000
1426,-39.928796,41.020746,0.000000
1427,-38.307540,41.084485,0.000000
1428,-34.773286,41.158820,0.000000
1429,-14.457847,41.256468,0.000000
1430,0.000000,41.489228,1.000000
1431,-58.000000,41.817597,0.000000
1432,-57.830725,41.758205,0.000000
1433,-57.662251,41.700140,0.000000
1434,-57.494573,41.643391,0.000000
1435,-57.327686,41.587949,0.000000
1436,-57.161585,41.533805,0.000000
1437,-56.996265,41.480948,0.000000
1438,-56.831721,41.429370,0.000000
1439,-56.667949,41.379060,0.000000
1440,-56.504942,41.330011,0.000000
1441,-56.342695,41.282211,0.000000
1442,-56.181203,41.235652,0.000000
1443,-56.020459,41.190325,0.000000
1444,-55.860459,41.146221,0.000000
1445,-55.701195,41.103331,0.000000
1446,-55.542661,41.061645,0.000000
1447,-55.384852,41.021155,0.000000
1448,-55.227760,40.981852,0.000000
1449,-55.071379,40.943728,0.000000
1450,-54.915702,40.906773,0.000000
1451,-54.760720,40.870979,0.000000
1452,-54.606426,40.836337,0.000000
1453,-54.452811,40.802840,0.000000
1454,-54.299867,40.770479,0.000000
1455,-54.147587,40.739245,0.000000
1456,-53.995961,40.709130,0.000000
1457,-53.844975,40.680126,0.000000
1458,-53.694625,40.652226,0.000000
1459,-53.544899,40.625421,0.000000
1460,-53.395785,40.599704,0.000000
1461,-53.247272,40.575066,0.000000
1462,-53.099350,40.551501,0.000000
1463,-52.952004,40.529000,0.000000
1464,-52.805222,40.507557,0.000000
1465,-52.658989,40.487164,0.000000
1466,-52.513289,40.467813,0.000000
1467,-52.368106,40.449498,0.000000
1468,-52.223426,40.432213,0.000000
1469,-52.079234,40.415949,0.000000
1470,-51.935507,40.400701,0.000000
1471,-51.792222,40.386462,0.000000
1472,-51.649365,40.373226,0.000000
1473,-51.506911,40.360986,0.000000
1474,-51.364846,40.349737,0.000000
1475,-51.223140,40.339472,0.000000
1476,-51.081765,40.330186,0.000000
1477,-50.940696,40.321874,0.000000
1478,-50.799903,40.314529,0.000000
1479,-50.659353,40.308148,0.000000
1480,-50.519011,40.302725,0.000000
1481,-50.378839,40.298256,0.000000
1482,-50.238813,40.294736,0.000000
1483,-50.098880,40.292162,0.000000
1484,-49.959007,40.290529,0.000000
1485,-49.819128,40.289834,0.000000
1486,-49.679210,40.290073,0.000000
1487,-49.539202,40.291245,0.000000
1488,-49.399044,40.293346,0.000000
1489,-49.258670,40.296375,0.000000
1490,-49.118022,40.300329,0.000000
1491,-48.977026,40.305208,0.000000
1492,-48.835604,40.311010,0.000000
1493,-48.693671,40.317736,0.000000
1494,-48.551133,40.325386,0.000000
1495,-48.407875,40.333960,0.000000
1496,-48.263803,40.343461,0.000000
1497,-48.118808,40.353891,0.000000
1498,-47.972750,40.365253,0.000000
1499,-47.825435,40.377550,0.000000
1500,-47.676778,40.390789,0.000000
1501,-47.526575,40.404974,0.000000
1502,-47.374675,40.420114,0.000000
1503,-47.220794,40.436216,0.000000
1504,-47.064744,40.453290,0.000000
1505,-46.906218,40.471347,0.000000
1506,-46.744936,40.490401,0.000000
1507,-46.580529,40.510467,0.000000
1508,-46.412532,40.531562,0.000000
1509,-46.240540,40.553706,0.000000
1510,-46.064019,40.576924,0.000000
1511,-45.882378,40.601241,0.000000
1512,-45.694757,40.626687,0.000000
1513,-45.500366,40.653300,0.000000
1514,-45.298230,40.681120,0.000000
1515,-45.087015,40.710195,0.000000
1516,-44.865181,40.740581,0.000000
1517,-44.630834,40.772344,0.000000
1518,-44.381366,40.805564,0.000000
1519,-44.113746,40.840336,0.000000
1520,-43.823669,40.876777,0.000000
1521,-43.505105,40.915030,0.000000
1522,-43.150591,40.955279,0.000000
1523,-42.748048,40.997757,0.000000
1524,-42.279083,41.042778,0.000000
1525,-41.712643,41.090775,0.000000
1526,-40.992794,41.142388,0.000000
1527,-40.004913,41.198628,0.000000
1528,-38.444018,41.261267,0.000000
1529,-35.135294,41.334102,0.000000
1530,-18.170165,41.428753,0.000000
1531,0.000000,41.636190,1.000000
1532,-58.000000,41.964069,0.000000
1533,-57.830799,41.904189,0.000000
1534,-57.662397,41.845636,0.000000
1535,-57.494791,41.788401,0.000000
1536,-57.327975,41.732475,0.000000
1537,-57.161945,41.677847,0.000000
1538,-56.996695,41.624508,0.000000
1539,-56.832222,41.572448,0.000000
1540,-56.668518,41.521658,0.000000
1541,-56.505580,41.472129,0.000000
1542,-56.343401,41.423852,0.000000
1543,-56.181976,41.376816,0.000000
1544,-56.021300,41.331014,0.000000
1545,-55.861366,41.286435,0.000000
1546,-55.702167,41.243071,0.000000
1547,-55.543699,41.200913,0.000000
1548,-55.385954,41.159952,0.000000
1549,-55.228927,41.120179,0.000000
1550,-55.072609,41.081586,0.000000
1551,-54.916995,41.044163,0.000000
1552,-54.762076,41.007902,0.000000
1553,-54.607845,40.972796,0.000000
1554,-54.454292,40.938834,0.000000
1555,-54.301409,40.906009,0.000000
1556,-54.149190,40.874313,0.000000
1557,-53.997624,40.843738,0.000000
1558,-53.846699,40.814274,0.000000
1559,-53.696409,40.785915,0.000000
1560,-53.546742,40.758653,0.000000
1561,-53.397687,40.732479,0.000000
1562,-53.249233,40.707386,0.000000
1563,-53.101368,40.683367,0.000000
1564,-52.954081,40.660413,0.000000
1565,-52.807356,40.638518,0.000000
1566,-52.661180,40.617674,0.000000
1567,-52.515537,40.597874,0.000000
1568,-52.370410,40.579110,0.000000
1569,-52.225788,40.561377,0.000000
1570,-52.081651,40.544668,0.000000
1571,-51.937980,40.528974,0.000000
1572,-51.794750,40.514291,0.000000
1573,-51.651949,40.500612,0.000000
1574,-51.509553,40.487930,0.000000
1575,-51.367541,40.476240,0.000000
1576,-51.225888,40.465536,0.000000
1577,-51.084571,40.455811,0.000000
1578,-50.943557,40.447061,0.000000
1579,-50.802823,40.439281,0.000000
1580,-50.662332,40.432464,0.000000
1581,-50.522048,40.426607,0.000000
1582,-50.381937,40.421705,0.000000
1583,-50.241970,40.417753,0.000000
1584,-50.102101,40.414747,0.000000
1585,-49.962286,40.412684,0.000000
1586,-49.822466,40.411560,0.000000
1587,-49.682607,40.411372,0.000000
1588,-49.542662,40.412116,0.000000
1589,-49.402567,40.413792,0.000000
1590,-49.262264,40.416395,0.000000
1591,-49.121689,40.419926,0.000000
1592,-48.980768,40.424381,0.000000
1593,-48.839416,40.429761,0.000000
1594,-48.697562,40.436066,0.000000
1595,-48.555093,40.443296,0.000000
1596,-48.411914,40.451451,0.000000
1597,-48.267921,40.460533,0.000000
1598,-48.123021,40.470545,0.000000
1599,-47.977059,40.481490,0.000000
1600,-47.829860,40.493371,0.000000
1601,-47.681319,40.506194,0.000000
1602,-47.531244,40.519965,0.000000
1603,-47.379417,40.534690,0.000000
1604,-47.225690,40.550378,0.000000
1605,-47.069779,40.567039,0.000000
1606,-46.911390,40.584684,0.000000
1607,-46.750246,40.603325,0.000000
1608,-46.586001,40.622979,0.000000
1609,-46.418205,40.643663,0.000000
1610,-46.246415,40.665396,0.000000
1611,-46.070120,40.688202,0.000000
1612,-45.888718,40.712107,0.000000
1613,-45.701338,40.737142,0.000000
1614,-45.507258,40.763342,0.000000
1615,-45.305430,40.790749,0.000000
1616,-45.094595,40.819411,0.000000
1617,-44.873283,40.849382,0.000000
1618,-44.639455,40.880729,0.000000
1619,-44.390648,40.913530,0.000000
1620,-44.123725,40.947881,0.000000
1621,-43.834590,40.983896,0.000000
1622,-43.517300,41.021719,0.000000
1623,-43.164347,41.061532,0.000000
1624,-42.763946,41.103564,0.000000
1625,-42.297799,41.148126,0.000000
1626,-41.735927,41.195647,0.000000
1627,-41.023479,41.246755,0.000000
1628,-40.048560,41.302443,0.000000
1629,-38.518957,41.364444,0.000000
1630,-35.329389,41.436436,0.000000
1631,-19.921545,41.529452,0.000000
1632,0.000000,41.724877,1.000000
1633,-58.000000,42.052461,0.000000
1634,-57.830843,41.992286,0.000000
1635,-57.662485,41.933440,0.000000
1636,-57.494922,41.875911,0.000000
1637,-57.328149,41.819692,0.000000
1638,-57.162162,41.764772,0.000000
1639,-56.996955,41.711142,0.000000
1640,-56.832524,41.658792,0.000000
1641,-56.668862,41.607712,0.000000
1642,-56.505965,41.557894,0.000000
1643,-56.343827,41.509328,0.000000
1644,-56.182443,41.462005,0.000000
1645,-56.021806,41.415915,0.000000
1646,-55.861912,41.371050,0.000000
1647,-55.702754,41.327401,0.000000
1648,-55.544325,41.284958,0.000000
1649,-55.386620,41.243712,0.000000
1650,-55.229631,41.203656,0.000000
1651,-55.073352,41.164779,0.000000
1652,-54.917776,41.127074,0.000000
1653,-54.762895,41.090532,0.000000
1654,-54.608701,41.055145,0.000000
1655,-54.455186,41.020903,0.000000
1656,-54.302340,40.987799,0.000000
1657,-54.150157,40.955824,0.000000
1658,-53.998627,40.924970,0.000000
1659,-53.847739,40.895229,0.000000
1660,-53.697485,40.866593,0.000000
1661,-53.547853,40.839055,0.000000
1662,-53.398834,40.812606,0.000000
1663,-53.250416,40.787238,0.000000
1664,-53.102587,40.762944,0.000000
1665,-52.955334,40.739717,0.000000
1666,-52.808645,40.717549,0.000000
1667,-52.662503,40.696433,0.000000
1668,-52.516894,40.676362,0.000000
1669,-52.371803,40.657328,0.000000
1670,-52.227215,40.639325,0.000000
1671,-52.083113,40.622346,0.000000
1672,-51.939476,40.606384,0.000000
1673,-51.796283,40.591433,0.000000
1674,-51.653516,40.577486,0.000000
1675,-51.511154,40.564538,0.000000
1676,-51.369176,40.552582,0.000000
1677,-51.227559,40.541612,0.000000
1678,-51.086274,40.531623,0.000000
1679,-50.945298,40.522609,0.000000
1680,-50.804596,40.514565,0.000000
1681,-50.664137,40.507486,0.000000
1682,-50.523889,40.501366,0.000000
1683,-50.383815,40.496203,0.000000
1684,-50.243883,40.491990,0.000000
1685,-50.104049,40.488724,0.000000
1686,-49.964274,40.486401,0.000000
1687,-49.824495,40.485018,0.000000
1688,-49.684678,40.484571,0.000000
1689,-49.544768,40.485058,0.000000
1690,-49.404709,40.486476,0.000000
1691,-49.264442,40.488823,0.000000
1692,-49.123901,40.492098,0.000000
1693,-48.983025,40.496298,0.000000
1694,-48.841717,40.501423,0.000000
1695,-48.699908,40.507474,0.000000
1696,-48.557492,40.514450,0.000000
1697,-48.414355,40.522351,0.000000
1698,-48.270415,40.531181,0.000000
1699,-48.125568,40.540941,0.000000
1700,-47.979663,40.551634,0.000000
1701,-47.832513,40.563264,0.000000
1702,-47.684006,40.575837,0.000000
1703,-47.533966,40.589357,0.000000
1704,-47.382214,40.603833,0.000000
1705,-47.228547,40.619272,0.000000
1706,-47.072709,40.635684,0.000000
1707,-46.914420,40.653081,0.000000
1708,-46.753374,40.671474,0.000000
1709,-46.589200,40.690880,0.000000
1710,-46.421502,40.711316,0.000000
1711,-46.249810,40.732801,0.000000
1712,-46.073651,40.755360,0.000000
1713,-45.892398,40.779018,0.000000
1714,-45.705176,40.803805,0.000000
1715,-45.511255,40.829758,0.000000
1716,-45.309585,40.856917,0.000000
1717,-45.098979,40.885330,0.000000
1718,-44.877894,40.915052,0.000000
1719,-44.644364,40.946150,0.000000
1720,-44.395926,40.978700,0.000000
1721,-44.129443,41.012798,0.000000
1722,-43.840817,41.048559,0.000000
1723,-43.524214,41.086125,0.000000
1724,-43.172044,41.125677,0.000000
1725,-42.772715,41.167444,0.000000
1726,-42.308125,41.211735,0.000000
1727,-41.748489,41.258975,0.000000
1728,-41.039743,41.309788,0.000000
1729,-40.072504,41.365157,0.000000
1730,-38.560907,41.426790,0.000000
1731,-35.436384,41.498295,0.000000
1732,-20.825859,41.590391,0.000000
1733,0.000000,41.779584,1.000000
1734,-58.000000,42.106985,0.000000
1735,-57.830870,42.046629,0.000000
1736,-57.662539,41.987601,0.000000
1737,-57.495003,41.929892,0.000000
1738,-57.328257,41.873492,0.000000
1739,-57.162296,41.818392,0.000000
1740,-56.997115,41.764582,0.000000
1741,-56.832710,41.712053,0.000000
1742,-56.669074,41.660795,0.000000
1743,-56.506202,41.610798,0.000000
1744,-56.344089,41.562054,0.000000
1745,-56.182730,41.514554,0.000000
1746,-56.022119,41.468287,0.000000
1747,-55.862250,41.423245,0.000000
1748,-55.703116,41.379419,0.000000
1749,-55.544712,41.336800,0.000000
1750,-55.387030,41.295380,0.000000
1751,-55.230065,41.255148,0.000000
1752,-55.073811,41.216097,0.000000
1753,-54.918258,41.178218,0.000000
1754,-54.763400,41.141502,0.000000
1755,-54.609229,41.105941,0.000000
1756,-54.455737,41.071527,0.000000
1757,-54.302914,41.038250,0.000000
1758,-54.150754,41.006103,0.000000
1759,-53.999247,40.975078,0.000000
1760,-53.848381,40.945166,0.000000
1761,-53.698150,40.916359,0.000000
1762,-53.548540,40.888651,0.000000
1763,-53.399544,40.862032,0.000000
1764,-53.251148,40.836494,0.000000
1765,-53.103342,40.812032,0.000000
1766,-52.956111,40.788636,0.000000
1767,-52.809443,40.766300,0.000000
1768,-52.663324,40.745016,0.000000
1769,-52.517736,40.724777,0.000000
1770,-52.372666,40.705576,0.000000
1771,-52.228099,40.687407,0.000000
1772,-52.084018,40.670261,0.000000
1773,-51.940403,40.654134,0.000000
1774,-51.797230,40.639017,0.000000
1775,-51.654483,40.624906,0.000000
1776,-51.512143,40.611793,0.000000
1777,-51.370188,40.599672,0.000000
1778,-51.228589,40.588539,0.000000
1779,-51.087323,40.578386,0.000000
1780,-50.946366,40.569210,0.000000
1781,-50.805686,40.561003,0.000000
1782,-50.665248,40.553762,0.000000
1783,-50.525021,40.547481,0.000000
1784,-50.384969,40.542156,0.000000
1785,-50.245056,40.537782,0.000000
1786,-50.105242,40.534356,0.000000
1787,-49.965489,40.531873,0.000000
1788,-49.825732,40.530330,0.000000
1789,-49.685931,40.529724,0.000000
1790,-49.546047,40.530053,0.000000
1791,-49.406014,40.531312,0.000000
1792,-49.265773,40.533501,0.000000
1793,-49.125257,40.536617,0.000000
1794,-48.984406,40.540660,0.000000
1795,-48.843133,40.545629,0.000000
1796,-48.701349,40.551522,0.000000
1797,-48.558957,40.558342,0.000000
1798,-48.415860,40.566087,0.000000
1799,-48.271949,40.574761,0.000000
1800,-48.127126,40.584366,0.000000
1801,-47.981250,40.594904,0.000000
1802,-47.834139,40.606379,0.000000
1803,-47.685686,40.618797,0.000000
1804,-47.535712,40.632163,0.000000
1805,-47.383999,40.646484,0.000000
1806,-47.230384,40.661770,0.000000
1807,-47.074585,40.678028,0.000000
1808,-46.916334,40.695270,0.000000
1809,-46.755353,40.713511,0.000000
1810,-46.591243,40.732763,0.000000
1811,-46.423596,40.753046,0.000000
1812,-46.251963,40.774378,0.000000
1813,-46.075879,40.796784,0.000000
1814,-45.894728,40.820289,0.000000
1815,-45.707624,40.844923,0.000000
1816,-45.513856,40.870722,0.000000
1817,-45.312337,40.897728,0.000000
1818,-45.101882,40.925986,0.000000
1819,-44.881020,40.955554,0.000000
1820,-44.647747,40.986495,0.000000
1821,-44.399565,41.018888,0.000000
1822,-44.133367,41.052828,0.000000
1823,-43.845144,41.088430,0.000000
1824,-43.529030,41.125834,0.000000
1825,-43.177444,41.165221,0.000000
1826,-42.778893,41.206821,0.000000
1827,-42.315468,41.250939,0.000000
1828,-41.757679,41.297999,0.000000
1829,-41.052105,41.348621,0.000000
1830,-40.089889,41.403779,0.000000
1831,-38.590488,41.465167,0.000000
1832,-35.512940,41.536346,0.000000
1833,-21.453599,41.627805,0.000000
1834,0.000000,41.812689,1.000000
1835,-58.000000,42.139980,0.000000
1836,-57.830887,42.079513,0.000000
1837,-57.662572,42.020376,0.000000
1838,-57.495053,41.962557,0.000000
1839,-57.328322,41.906048,0.000000
1840,-57.162378,41.850839,0.000000
1841,-56.997212,41.796921,0.000000
1842,-56.832822,41.744283,0.000000
1843,-56.669202,41.692916,0.000000
1844,-56.506346,41.642812,0.000000
1845,-56.344248,41.593960,0.000000
1846,-56.182904,41.546352,0.000000
1847,-56.022308,41.499978,0.000000
1848,-55.862454,41.454830,0.000000
1849,-55.703334,41.410897,0.000000
1850,-55.544945,41.368172,0.000000
1851,-55.387278,41.326645,0.000000
1852,-55.230327,41.286308,0.000000
1853,-55.074087,41.247151,0.000000
1854,-54.918548,41.209167,0.000000
1855,-54.763705,41.172346,0.000000
1856,-54.609549,41.136680,0.000000
1857,-54.456071,41.102161,0.000000
1858,-54.303262,41.068780,0.000000
1859,-54.151115,41.036529,0.000000
1860,-53.999622,41.005400,0.000000
1861,-53.848769,40.975384,0.000000
1862,-53.698551,40.946474,0.000000
1863,-53.548954,40.918663,0.000000
1864,-53.399971,40.891941,0.000000
1865,-53.251588,40.866301,0.000000
1866,-53.103794,40.841736,0.000000
1867,-52.956576,40.818238,0.000000
1868,-52.809922,40.795800,0.000000
1869,-52.663815,40.774415,0.000000
1870,-52.518240,40.754075,0.000000
1871,-52.373181,40.734773,0.000000
1872,-52.228627,40.716502,0.000000
1873,-52.084559,40.699257,0.000000
1874,-51.940956,40.683029,0.000000
1875,-51.797795,40.667812,0.000000
1876,-51.655063,40.653601,0.000000
1877,-51.512735,40.640388,0.000000
1878,-51.370794,40.628169,0.000000
1879,-51.229210,40.616936,0.000000
1880,-51.087959,40.606685,0.000000
1881,-50.947013,40.597410,0.000000
1882,-50.806344,40.589105,0.000000
1883,-50.665921,40.581766,0.000000
1884,-50.525708,40.575387,0.000000
1885,-50.385669,40.569964,0.000000
1886,-50.245772,40.565493,0.000000
1887,-50.105974,40.561970,0.000000
1888,-49.966235,40.559390,0.000000
1889,-49.826488,40.557751,0.000000
1890,-49.686711,40.557048,0.000000
1891,-49.546838,40.557280,0.000000
1892,-49.406814,40.558444,0.000000
1893,-49.266592,40.560537,0.000000
1894,-49.126096,40.563558,0.000000
1895,-48.985259,40.567505,0.000000
1896,-48.843995,40.572378,0.000000
1897,-48.702229,40.578177,0.000000
1898,-48.559857,40.584902,0.000000
1899,-48.416778,40.592553,0.000000
1900,-48.272899,40.601133,0.000000
1901,-48.128099,40.610643,0.000000
1902,-47.982246,40.621087,0.000000
1903,-47.835144,40.632468,0.000000
1904,-47.686712,40.644792,0.000000
1905,-47.536746,40.658065,0.000000
1906,-47.385067,40.672293,0.000000
1907,-47.231486,40.687485,0.000000
1908,-47.075734,40.703650,0.000000
1909,-46.917517,40.720800,0.000000
1910,-46.756569,40.738947,0.000000
1911,-46.592506,40.758107,0.000000
1912,-46.424905,40.778296,0.000000
1913,-46.253322,40.799536,0.000000
1914,-46.077283,40.821849,0.000000
1915,-45.896191,40.845260,0.000000
1916,-45.709164,40.869802,0.000000
1917,-45.515400,40.895508,0.000000
1918,-45.313959,40.922420,0.000000
1919,-45.103580,40.950586,0.000000
1920,-44.882794,40.980060,0.000000
1921,-44.649668,41.010908,0.000000
1922,-44.401669,41.043207,0.000000
1923,-44.135618,41.077052,0.000000
1924,-43.847648,41.112557,0.000000
1925,-43.531926,41.149865,0.000000
1926,-43.180631,41.189152,0.000000
1927,-42.782468,41.230651,0.000000
1928,-42.319724,41.274666,0.000000
1929,-41.763004,41.321619,0.000000
1930,-41.059015,41.372126,0.000000
1931,-40.099976,41.427159,0.000000
1932,-38.607467,41.488402,0.000000
1933,-35.553760,41.559391,0.000000
1934,-21.767315,41.650501,0.000000
1935,0.000000,41.833218,1.000000
1936,-58.000000,42.160440,0.000000
1937,-57.830897,42.099905,0.000000
1938,-57.662593,42.040700,0.000000
1939,-57.495083,41.982813,0.000000
1940,-57.328363,41.926237,0.000000
1941,-57.162428,41.870960,0.000000
1942,-56.997273,41.816974,0.000000
1943,-56.832892,41.764269,0.000000
1944,-56.669281,41.712836,0.000000
1945,-56.506435,41.662664,0.000000
1946,-56.344347,41.613746,0.000000
1947,-56.183013,41.566071,0.000000
1948,-56.022426,41.519631,0.000000
1949,-55.862581,41.474416,0.000000
1950,-55.703471,41.430417,0.000000
1951,-55.545090,41.387626,0.000000
1952,-55.387432,41.346033,0.000000
1953,-55.230491,41.305630,0.000000
1954,-55.074259,41.266408,0.000000
1955,-54.918730,41.228359,0.000000
1956,-54.763895,41.191473,0.000000
1957,-54.609747,41.155742,0.000000
1958,-54.456278,41.121158,0.000000
1959,-54.303477,41.087712,0.000000
1960,-54.151339,41.055396,0.000000
1961,-53.999855,41.024203,0.000000
1962,-53.849010,40.994123,0.000000
1963,-53.698800,40.965149,0.000000
1964,-53.549212,40.937273,0.000000
1965,-53.400236,40.910488,0.000000
1966,-53.251861,40.884785,0.000000
1967,-53.104075,40.860156,0.000000
1968,-52.956865,40.836595,0.000000
1969,-52.810218,40.814094,0.000000
1970,-52.664119,40.792646,0.000000
1971,-52.518553,40.772243,0.000000
1972,-52.373504,40.752878,0.000000
1973,-52.228957,40.734545,0.000000
1974,-52.084896,40.717237,0.000000
1975,-51.941300,40.700947,0.000000
1976,-51.798147,40.685668,0.000000
1977,-51.655421,40.671395,0.000000
1978,-51.513101,40.658121,0.000000
1979,-51.371165,40.645840,0.000000
1980,-51.229590,40.634546,0.000000
1981,-51.088345,40.624234,0.000000
1982,-50.947407,40.614897,0.000000
1983,-50.806747,40.606532,0.000000
1984,-50.666331,40.599132,0.000000
1985,-50.526125,40.592692,0.000000
1986,-50.386091,40.587209,0.000000
1987,-50.246200,40.582678,0.000000
1988,-50.106409,40.579094,0.000000
1989,-49.966676,40.576455,0.000000
1990,-49.826941,40.574755,0.000000
1991,-49.687170,40.573993,0.000000
1992,-49.547303,40.574165,0.000000
1993,-49.407294,40.575269,0.000000
1994,-49.267079,40.577303,0.000000
1995,-49.126589,40.580265,0.000000
1996,-48.985757,40.584153,0.000000
1997,-48.844500,40.588968,0.000000
1998,-48.702739,40.594708,0.000000
1999,-48.560373,40.601374,0.000000
