0,-70.000000,0.000000,0.000000
1,-69.850000,0.000000,0.000000
2,-69.700899,-0.000500,0.000000
3,-69.552693,-0.001497,0.000000
4,-69.405375,-0.002987,0.000000
5,-69.258941,-0.004968,0.000000
6,-69.113384,-0.007437,0.000000
7,-68.968699,-0.010390,0.000000
8,-68.824881,-0.013824,0.000000
9,-68.681924,-0.017737,0.000000
10,-68.539822,-0.022124,0.000000
11,-68.398571,-0.026984,0.000000
12,-68.258165,-0.032313,0.000000
13,-68.118599,-0.038109,0.000000
14,-67.979867,-0.044367,0.000000
15,-67.841964,-0.051086,0.000000
16,-67.704885,-0.058263,0.000000
17,-67.568625,-0.065894,0.000000
18,-67.433178,-0.073976,0.000000
19,-67.298540,-0.082508,0.000000
20,-67.164706,-0.091485,0.000000
21,-67.031670,-0.100905,0.000000
22,-66.899427,-0.110766,0.000000
23,-66.767972,-0.121064,0.000000
24,-66.637301,-0.131798,0.000000
25,-66.507409,-0.142963,0.000000
26,-66.378290,-0.154557,0.000000
27,-66.249939,-0.166578,0.000000
28,-66.122353,-0.179022,0.000000
29,-65.995526,-0.191888,0.000000
30,-65.869452,-0.205173,0.000000
31,-65.744129,-0.218873,0.000000
32,-65.619550,-0.232986,0.000000
33,-65.495712,-0.247510,0.000000
34,-65.372608,-0.262441,0.000000
35,-65.250236,-0.277779,0.000000
36,-65.128590,-0.293519,0.000000
37,-65.007665,-0.309659,0.000000
38,-64.887458,-0.326197,0.000000
39,-64.767963,-0.343130,0.000000
40,-64.649176,-0.360455,0.000000
41,-64.531093,-0.378171,0.000000
42,-64.413709,-0.396275,0.000000
43,-64.297020,-0.414764,0.000000
44,-64.181021,-0.433636,0.000000
45,-64.065708,-0.452888,0.000000
46,-63.951077,-0.472518,0.000000
47,-63.837123,-0.492523,0.000000
48,-63.723842,-0.512902,0.000000
49,-63.611230,-0.533651,0.000000
50,-63.499283,-0.554769,0.000000
51,-63.387996,-0.576254,0.000000
52,-63.277365,-0.598101,0.000000
53,-63.167386,-0.620311,0.000000
54,-63.058055,-0.642879,0.000000
55,-62.949368,-0.665805,0.000000
56,-62.841320,-0.689085,0.000000
57,-62.733908,-0.712718,0.000000
58,-62.627128,-0.736700,0.000000
59,-62.520975,-0.761031,0.000000
60,-62.415446,-0.785707,0.000000
61,-62.310536,-0.810727,0.000000
62,-62.206242,-0.836089,0.000000
63,-62.102560,-0.861789,0.000000
64,-61.999485,-0.887827,0.000000
65,-61.897015,-0.914199,0.000000
66,-61.795144,-0.940904,0.000000
67,-61.693870,-0.967940,0.000000
68,-61.593188,-0.995305,0.000000
69,-61.493095,-1.022996,0.000000
70,-61.393586,-1.051011,0.000000
71,-61.294659,-1.079349,0.000000
72,-61.196309,-1.108007,0.000000
73,-61.098533,-1.136983,0.000000
74,-61.001327,-1.166275,0.000000
75,-60.904687,-1.195882,0.000000
76,-60.808609,-1.225801,0.000000
77,-60.713091,-1.256031,0.000000
78,-60.618128,-1.286568,0.000000
79,-60.523716,-1.317412,0.000000
80,-60.429853,-1.348561,0.000000
81,-60.336534,-1.380012,0.000000
82,-60.243757,-1.411763,0.000000
83,-60.151517,-1.443813,0.000000
84,-60.059811,-1.476160,0.000000
85,-59.968636,-1.508802,0.000000
86,-59.877987,-1.541737,0.000000
87,-59.787863,-1.574963,0.000000
88,-59.698258,-1.608479,0.000000
89,-59.609170,-1.642282,0.000000
90,-59.520596,-1.676370,0.000000
91,-59.432531,-1.710743,0.000000
92,-59.344974,-1.745398,0.000000
93,-59.257919,-1.780333,0.000000
94,-59.171364,-1.815546,0.000000
95,-59.085306,-1.851036,0.000000
96,-58.999741,-1.886802,0.000000
97,-58.914666,-1.922840,0.000000
98,-58.830077,-1.959150,0.000000
99,-58.745972,-1.995730,0.000000
100,-58.662347,-2.032578,0.000000
101,-58.579199,-2.069693,0.000000
102,-58.496525,-2.107072,0.000000
103,-58.414320,-2.144715,0.000000
104,-58.332583,-2.182619,0.000000
105,-58.251310,-2.220783,0.000000
106,-58.170498,-2.259205,0.000000
107,-58.090144,-2.297883,0.000000
108,-58.010244,-2.336817,0.000000
109,-57.930796,-2.376004,0.000000
110,-57.851795,-2.415443,0.000000
111,-57.773240,-2.455131,0.000000
112,-57.695127,-2.495069,0.000000
113,-57.617453,-2.535253,0.000000
114,-57.540214,-2.575683,0.000000
115,-57.463409,-2.616357,0.000000
116,-57.387033,-2.657274,0.000000
117,-57.311083,-2.698431,0.000000
118,-57.235558,-2.739828,0.000000
119,-57.160453,-2.781463,0.000000
120,-57.085765,-2.823334,0.000000
121,-57.011492,-2.865441,0.000000
122,-56.937630,-2.907781,0.000000
123,-56.864177,-2.950353,0.000000
124,-56.791129,-2.993155,0.000000
125,-56.718484,-3.036187,0.000000
126,-56.646238,-3.079447,0.000000
127,-56.574388,-3.122933,0.000000
128,-56.502932,-3.166644,0.000000
129,-56.431866,-3.210578,0.000000
130,-56.361188,-3.254735,0.000000
131,-56.290895,-3.299113,0.000000
132,-56.220983,-3.343710,0.000000
133,-56.151450,-3.388526,0.000000
134,-56.082293,-3.433558,0.000000
135,-56.013510,-3.478806,0.000000
136,-55.945096,-3.524268,0.000000
137,-55.877049,-3.569943,0.000000
138,-55.809366,-3.615829,0.000000
139,-55.742045,-3.661926,0.000000
140,-55.675082,-3.708232,0.000000
141,-55.608475,-3.754746,0.000000
142,-55.542220,-3.801466,0.000000
143,-55.476315,-3.848391,0.000000
144,-55.410757,-3.895521,0.000000
145,-55.345543,-3.942853,0.000000
146,-55.280670,-3.990387,0.000000
147,-55.216135,-4.038121,0.000000
148,-55.151936,-4.086054,0.000000
149,-55.088069,-4.134186,0.000000
150,-55.024532,-4.182514,0.000000
151,-54.961321,-4.231038,0.000000
152,-54.898434,-4.279757,0.000000
153,-54.835868,-4.328669,0.000000
154,-54.773620,-4.377773,0.000000
155,-54.711687,-4.427068,0.000000
156,-54.650066,-4.476554,0.000000
157,-54.588754,-4.526228,0.000000
158,-54.527748,-4.576090,0.000000
159,-54.467045,-4.626139,0.000000
160,-54.406643,-4.676373,0.000000
161,-54.346539,-4.726792,0.000000
162,-54.286730,-4.777395,0.000000
163,-54.227214,-4.828180,0.000000
164,-54.167987,-4.879146,0.000000
165,-54.109046,-4.930293,0.000000
166,-54.050389,-4.981620,0.000000
167,-53.992012,-5.033125,0.000000
168,-53.933913,-5.084807,0.000000
169,-53.876088,-5.136665,0.000000
170,-53.818536,-5.188700,0.000000
171,-53.761252,-5.240908,0.000000
172,-53.704234,-5.293290,0.000000
173,-53.647479,-5.345845,0.000000
174,-53.590985,-5.398572,0.000000
175,-53.534748,-5.451469,0.000000
176,-53.478765,-5.504536,0.000000
177,-53.423033,-5.557772,0.000000
178,-53.367550,-5.611176,0.000000
179,-53.312312,-5.664747,0.000000
180,-53.257316,-5.718484,0.000000
181,-53.202560,-5.772387,0.000000
182,-53.148041,-5.826454,0.000000
183,-53.093755,-5.880685,0.000000
184,-53.039699,-5.935079,0.000000
185,-52.985870,-5.989635,0.000000
186,-52.932266,-6.044352,0.000000
187,-52.878882,-6.099230,0.000000
188,-52.825716,-6.154267,0.000000
189,-52.772765,-6.209463,0.000000
190,-52.720026,-6.264817,0.000000
191,-52.667494,-6.320329,0.000000
192,-52.615167,-6.375997,0.000000
193,-52.563042,-6.431821,0.000000
194,-52.511116,-6.487801,0.000000
195,-52.459384,-6.543934,0.000000
196,-52.407844,-6.600222,0.000000
197,-52.356494,-6.656662,0.000000
198,-52.305332,-6.713255,0.000000
199,-52.254353,-6.769999,0.000000
200,-52.203554,-6.826895,0.000000
201,-52.152932,-6.883940,0.000000
202,-52.102483,-6.941136,0.000000
203,-52.052203,-6.998481,0.000000
204,-52.002090,-7.055974,0.000000
205,-51.952139,-7.113615,0.000000
206,-51.902348,-7.171403,0.000000
207,-51.852713,-7.229338,0.000000
208,-51.803230,-7.287419,0.000000
209,-51.753896,-7.345646,0.000000
210,-51.704708,-7.404018,0.000000
211,-51.655661,-7.462534,0.000000
212,-51.606753,-7.521194,0.000000
213,-51.557979,-7.579998,0.000000
214,-51.509336,-7.638945,0.000000
215,-51.460820,-7.698034,0.000000
216,-51.412427,-7.757265,0.000000
217,-51.364155,-7.816638,0.000000
218,-51.315998,-7.876152,0.000000
219,-51.267952,-7.935806,0.000000
220,-51.220015,-7.995601,0.000000
221,-51.172181,-8.055536,0.000000
222,-51.124447,-8.115610,0.000000
223,-51.076809,-8.175823,0.000000
224,-51.029261,-8.236175,0.000000
225,-50.981800,-8.296666,0.000000
226,-50.934422,-8.357294,0.000000
227,-50.887121,-8.418060,0.000000
228,-50.839894,-8.478964,0.000000
229,-50.792735,-8.540005,0.000000
230,-50.745639,-8.601182,0.000000
231,-50.698602,-8.662496,0.000000
232,-50.651619,-8.723947,0.000000
233,-50.604685,-8.785533,0.000000
234,-50.557793,-8.847256,0.000000
235,-50.510940,-8.909114,0.000000
236,-50.464119,-8.971108,0.000000
237,-50.417325,-9.033237,0.000000
238,-50.370558,-9.095501,0.000000
239,-50.323812,-9.157901,0.000000
240,-50.277082,-9.220436,0.000000
241,-50.230360,-9.283105,0.000000
242,-50.183641,-9.345910,0.000000
243,-50.136918,-9.408849,0.000000
244,-50.090186,-9.471923,0.000000
245,-50.043438,-9.535131,0.000000
246,-49.996668,-9.598475,0.000000
247,-49.949869,-9.661953,0.000000
248,-49.903034,-9.725566,0.000000
249,-49.856157,-9.789314,0.000000
250,-49.809231,-9.853197,0.000000
251,-49.762248,-9.917215,0.000000
252,-49.715202,-9.981369,0.000000
253,-49.668085,-10.045658,0.000000
254,-49.620889,-10.110082,0.000000
255,-49.573606,-10.174642,0.000000
256,-49.526229,-10.239339,0.000000
257,-49.478748,-10.304172,0.000000
258,-49.431156,-10.369141,0.000000
259,-49.383443,-10.434247,0.000000
260,-49.335600,-10.499491,0.000000
261,-49.287617,-10.564873,0.000000
262,-49.239485,-10.630392,0.000000
263,-49.191192,-10.696050,0.000000
264,-49.142728,-10.761848,0.000000
265,-49.094083,-10.827785,0.000000
266,-49.045243,-10.893862,0.000000
267,-48.996198,-10.960080,0.000000
268,-48.946933,-11.026439,0.000000
269,-48.897437,-11.092940,0.000000
270,-48.847694,-11.159584,0.000000
271,-48.797691,-11.226372,0.000000
272,-48.747412,-11.293304,0.000000
273,-48.696842,-11.360382,0.000000
274,-48.645963,-11.427606,0.000000
275,-48.594758,-11.494976,0.000000
276,-48.543208,-11.562496,0.000000
277,-48.491294,-11.630164,0.000000
278,-48.438988,-11.697983,0.000000
279,-48.386295,-11.765954,0.000000
280,-48.333191,-11.834077,0.000000
281,-48.279653,-11.902355,0.000000
282,-48.225657,-11.970789,0.000000
283,-48.171176,-12.039380,0.000000
284,-48.116185,-12.108129,0.000000
285,-48.060655,-12.177039,0.000000
286,-48.004557,-12.246111,0.000000
287,-47.947862,-12.315347,0.000000
288,-47.890536,-12.384749,0.000000
289,-47.832546,-12.454319,0.000000
290,-47.773856,-12.524059,0.000000
291,-47.714428,-12.593972,0.000000
292,-47.654222,-12.664059,0.000000
293,-47.593194,-12.734324,0.000000
294,-47.531298,-12.804768,0.000000
295,-47.468485,-12.875395,0.000000
296,-47.404702,-12.946209,0.000000
297,-47.339892,-13.017211,0.000000
298,-47.273993,-13.088405,0.000000
299,-47.206938,-13.159796,0.000000
300,-47.138656,-13.231386,0.000000
301,-47.069067,-13.303180,0.000000
302,-46.998086,-13.375182,0.000000
303,-46.925620,-13.447397,0.000000
304,-46.851564,-13.519829,0.000000
305,-46.775807,-13.592484,0.000000
306,-46.698224,-13.665367,0.000000
307,-46.618677,-13.738484,0.000000
308,-46.537012,-13.811842,0.000000
309,-46.453059,-13.885448,0.000000
310,-46.366644,-13.959310,0.000000
311,-46.277618,-14.033434,0.000000
312,-46.185747,-14.107831,0.000000
313,-46.090771,-14.182509,0.000000
314,-45.992400,-14.257479,0.000000
315,-45.890311,-14.332752,0.000000
316,-45.784136,-14.408340,0.000000
317,-45.673456,-14.484257,0.000000
318,-45.557790,-14.560517,0.000000
319,-45.436579,-14.637138,0.000000
320,-45.309167,-14.714137,0.000000
321,-45.174774,-14.791535,0.000000
322,-45.032467,-14.869355,0.000000
323,-44.881113,-14.947623,0.000000
324,-44.719312,-15.026370,0.000000
325,-44.545316,-15.105631,0.000000
326,-44.356898,-15.185444,0.000000
327,-44.151455,-15.265859,0.000000
328,-43.925460,-15.346933,0.000000
329,-43.674056,-15.428732,0.000000
330,-43.390640,-15.511342,0.000000
331,-43.065812,-15.594870,0.000000
332,-42.685393,-15.679452,0.000000
333,-42.226442,-15.765274,0.000000
334,-41.650111,-15.852597,0.000000
335,-40.881955,-15.941813,0.000000
336,-39.753577,-16.033559,0.000000
337,-37.762667,-16.129036,0.000000
338,-32.347198,-16.231117,0.000000
339,0.000000,-16.351216,1.000000
340,-58.000000,-16.579099,0.000000
341,-57.913491,-16.613573,0.000000
342,-57.827473,-16.648323,0.000000
343,-57.741945,-16.683349,0.000000
344,-57.656902,-16.718648,0.000000
345,-57.572340,-16.754218,0.000000
346,-57.488257,-16.790059,0.000000
347,-57.404648,-16.826168,0.000000
348,-57.321512,-16.862544,0.000000
349,-57.238843,-16.899185,0.000000
350,-57.156639,-16.936089,0.000000
351,-57.074896,-16.973255,0.000000
352,-56.993611,-17.010681,0.000000
353,-56.912781,-17.048365,0.000000
354,-56.832402,-17.086306,0.000000
355,-56.752471,-17.124503,0.000000
356,-56.672984,-17.162953,0.000000
357,-56.593938,-17.201655,0.000000
358,-56.515329,-17.240608,0.000000
359,-56.437155,-17.279810,0.000000
360,-56.359412,-17.319260,0.000000
361,-56.282096,-17.358955,0.000000
362,-56.205205,-17.398895,0.000000
363,-56.128735,-17.439078,0.000000
364,-56.052683,-17.479503,0.000000
365,-55.977045,-17.520168,0.000000
366,-55.901819,-17.561071,0.000000
367,-55.827000,-17.602211,0.000000
368,-55.752585,-17.643587,0.000000
369,-55.678572,-17.685197,0.000000
370,-55.604956,-17.727040,0.000000
371,-55.531735,-17.769114,0.000000
372,-55.458906,-17.811419,0.000000
373,-55.386464,-17.853952,0.000000
374,-55.314406,-17.896712,0.000000
375,-55.242730,-17.939699,0.000000
376,-55.171432,-17.982910,0.000000
377,-55.100509,-18.026344,0.000000
378,-55.029957,-18.070000,0.000000
379,-54.959772,-18.113877,0.000000
380,-54.889952,-18.157973,0.000000
381,-54.820494,-18.202287,0.000000
382,-54.751393,-18.246818,0.000000
383,-54.682646,-18.291565,0.000000
384,-54.614250,-18.336525,0.000000
385,-54.546202,-18.381699,0.000000
386,-54.478497,-18.427084,0.000000
387,-54.411133,-18.472680,0.000000
388,-54.344107,-18.518485,0.000000
389,-54.277415,-18.564499,0.000000
390,-54.211055,-18.610719,0.000000
391,-54.145021,-18.657146,0.000000
392,-54.079312,-18.703776,0.000000
393,-54.013924,-18.750611,0.000000
394,-53.948852,-18.797647,0.000000
395,-53.884094,-18.844885,0.000000
396,-53.819646,-18.892323,0.000000
397,-53.755505,-18.939960,0.000000
398,-53.691667,-18.987795,0.000000
399,-53.628128,-19.035827,0.000000
400,-53.564886,-19.084055,0.000000
401,-53.501937,-19.132477,0.000000
402,-53.439276,-19.181093,0.000000
403,-53.376901,-19.229902,0.000000
404,-53.314808,-19.278902,0.000000
405,-53.252994,-19.328093,0.000000
406,-53.191454,-19.377474,0.000000
407,-53.130185,-19.427043,0.000000
408,-53.069183,-19.476800,0.000000
409,-53.008445,-19.526744,0.000000
410,-52.947967,-19.576873,0.000000
411,-52.887745,-19.627188,0.000000
412,-52.827774,-19.677686,0.000000
413,-52.768052,-19.728368,0.000000
414,-52.708574,-19.779231,0.000000
415,-52.649336,-19.830276,0.000000
416,-52.590335,-19.881502,0.000000
417,-52.531565,-19.932907,0.000000
418,-52.473023,-19.984491,0.000000
419,-52.414705,-20.036252,0.000000
420,-52.356608,-20.088191,0.000000
421,-52.298729,-20.140307,0.000000
422,-52.241064,-20.192597,0.000000
423,-52.183608,-20.245063,0.000000
424,-52.126356,-20.297702,0.000000
425,-52.069305,-20.350515,0.000000
426,-52.012450,-20.403501,0.000000
427,-51.955786,-20.456658,0.000000
428,-51.899310,-20.509987,0.000000
429,-51.843016,-20.563485,0.000000
430,-51.786902,-20.617154,0.000000
431,-51.730961,-20.670992,0.000000
432,-51.675190,-20.724999,0.000000
433,-51.619584,-20.779173,0.000000
434,-51.564138,-20.833515,0.000000
435,-51.508848,-20.888023,0.000000
436,-51.453710,-20.942697,0.000000
437,-51.398717,-20.997537,0.000000
438,-51.343866,-21.052542,0.000000
439,-51.289151,-21.107712,0.000000
440,-51.234567,-21.163046,0.000000
441,-51.180110,-21.218543,0.000000
442,-51.125773,-21.274203,0.000000
443,-51.071551,-21.330025,0.000000
444,-51.017440,-21.386010,0.000000
445,-50.963433,-21.442157,0.000000
446,-50.909524,-21.498465,0.000000
447,-50.855708,-21.554933,0.000000
448,-50.801978,-21.611563,0.000000
449,-50.748329,-21.668352,0.000000
450,-50.694753,-21.725301,0.000000
451,-50.641246,-21.782410,0.000000
452,-50.587799,-21.839679,0.000000
453,-50.534405,-21.897106,0.000000
454,-50.481059,-21.954693,0.000000
455,-50.427751,-22.012437,0.000000
456,-50.374483,-22.070341,0.000000
457,-50.321245,-22.128402,0.000000
458,-50.268032,-22.186622,0.000000
459,-50.214834,-22.245000,0.000000
460,-50.161644,-22.303535,0.000000
461,-50.108454,-22.362228,0.000000
462,-50.055255,-22.421079,0.000000
463,-50.002040,-22.480088,0.000000
464,-49.948800,-22.539255,0.000000
465,-49.895526,-22.598579,0.000000
466,-49.842211,-22.658061,0.000000
467,-49.788843,-22.717701,0.000000
468,-49.735416,-22.777499,0.000000
469,-49.681918,-22.837455,0.000000
470,-49.628341,-22.897569,0.000000
471,-49.574674,-22.957842,0.000000
472,-49.520906,-23.018274,0.000000
473,-49.467028,-23.078865,0.000000
474,-49.413027,-23.139615,0.000000
475,-49.358893,-23.200525,0.000000
476,-49.304613,-23.261595,0.000000
477,-49.250175,-23.322826,0.000000
478,-49.195565,-23.384218,0.000000
479,-49.140770,-23.445771,0.000000
480,-49.085776,-23.507487,0.000000
481,-49.030568,-23.569365,0.000000
482,-48.975131,-23.631406,0.000000
483,-48.919447,-23.693612,0.000000
484,-48.863501,-23.755983,0.000000
485,-48.807273,-23.818519,0.000000
486,-48.750746,-23.881222,0.000000
487,-48.693899,-23.944092,0.000000
488,-48.636712,-24.007131,0.000000
489,-48.579162,-24.070340,0.000000
490,-48.521226,-24.133719,0.000000
491,-48.462881,-24.197270,0.000000
492,-48.404101,-24.260995,0.000000
493,-48.344880,-24.324894,0.000000
494,-48.285186,-24.388970,0.000000
495,-48.224991,-24.453223,0.000000
496,-48.164264,-24.517655,0.000000
497,-48.102971,-24.582268,0.000000
498,-48.041080,-24.647064,0.000000
499,-47.978553,-24.712045,0.000000
500,-47.915355,-24.777212,0.000000
501,-47.851445,-24.842569,0.000000
502,-47.786781,-24.908116,0.000000
503,-47.721318,-24.973858,0.000000
504,-47.655010,-25.039795,0.000000
505,-47.587805,-25.105932,0.000000
506,-47.519648,-25.172271,0.000000
507,-47.450481,-25.238814,0.000000
508,-47.380240,-25.305566,0.000000
509,-47.308858,-25.372530,0.000000
510,-47.236260,-25.439710,0.000000
511,-47.162366,-25.507109,0.000000
512,-47.087087,-25.574732,0.000000
513,-47.010328,-25.642584,0.000000
514,-46.931982,-25.710668,0.000000
515,-46.851935,-25.778991,0.000000
516,-46.770057,-25.847559,0.000000
517,-46.686207,-25.916376,0.000000
518,-46.600226,-25.985450,0.000000
519,-46.511940,-26.054787,0.000000
520,-46.421150,-26.124396,0.000000
521,-46.327682,-26.194284,0.000000
522,-46.231330,-26.264460,0.000000
523,-46.131819,-26.334934,0.000000
524,-46.028847,-26.405716,0.000000
525,-45.922072,-26.476818,0.000000
526,-45.811109,-26.548252,0.000000
527,-45.695520,-26.620032,0.000000
528,-45.574797,-26.692174,0.000000
529,-45.448353,-26.764694,0.000000
530,-45.315493,-26.837611,0.000000
531,-45.175395,-26.910947,0.000000
532,-45.027066,-26.984725,0.000000
533,-44.869298,-27.058973,0.000000
534,-44.700591,-27.133723,0.000000
535,-44.519062,-27.209009,0.000000
536,-44.322294,-27.284876,0.000000
537,-44.107511,-27.361373,0.000000
538,-43.870772,-27.438561,0.000000
539,-43.606716,-27.516512,0.000000
540,-43.307967,-27.595318,0.000000
541,-42.963841,-27.675093,0.000000
542,-42.557888,-27.755988,0.000000
543,-42.062765,-27.838210,0.000000
544,-41.431532,-27.922055,0.000000
545,-40.568767,-28.007975,0.000000
546,-39.240750,-28.096743,0.000000
547,-36.659646,-28.189909,0.000000
548,-27.233897,-28.291647,0.000000
549,0.000000,-28.424770,1.000000
550,-58.000000,-28.648628,0.000000
551,-57.907456,-28.679078,0.000000
552,-57.815441,-28.709827,0.000000
553,-57.723953,-28.740872,0.000000
554,-57.632986,-28.772212,0.000000
555,-57.542538,-28.803845,0.000000
556,-57.452605,-28.835768,0.000000
557,-57.363183,-28.867981,0.000000
558,-57.274268,-28.900481,0.000000
559,-57.185856,-28.933267,0.000000
560,-57.097944,-28.966336,0.000000
561,-57.010529,-28.999687,0.000000
562,-56.923606,-29.033319,0.000000
563,-56.837171,-29.067229,0.000000
564,-56.751222,-29.101416,0.000000
565,-56.665753,-29.135878,0.000000
566,-56.580763,-29.170614,0.000000
567,-56.496246,-29.205621,0.000000
568,-56.412199,-29.240898,0.000000
569,-56.328619,-29.276444,0.000000
570,-56.245502,-29.312257,0.000000
571,-56.162844,-29.348334,0.000000
572,-56.080642,-29.384675,0.000000
573,-55.998892,-29.421278,0.000000
574,-55.917591,-29.458141,0.000000
575,-55.836733,-29.495263,0.000000
576,-55.756317,-29.532642,0.000000
577,-55.676338,-29.570277,0.000000
578,-55.596793,-29.608166,0.000000
579,-55.517677,-29.646307,0.000000
580,-55.438988,-29.684699,0.000000
581,-55.360721,-29.723341,0.000000
582,-55.282873,-29.762231,0.000000
583,-55.205440,-29.801367,0.000000
584,-55.128418,-29.840749,0.000000
585,-55.051805,-29.880374,0.000000
586,-54.975594,-29.920241,0.000000
587,-54.899784,-29.960349,0.000000
588,-54.824371,-30.000696,0.000000
589,-54.749349,-30.041281,0.000000
590,-54.674716,-30.082103,0.000000
591,-54.600468,-30.123160,0.000000
592,-54.526601,-30.164451,0.000000
593,-54.453110,-30.205974,0.000000
594,-54.379993,-30.247728,0.000000
595,-54.307245,-30.289712,0.000000
596,-54.234864,-30.331925,0.000000
597,-54.162845,-30.374364,0.000000
598,-54.091183,-30.417030,0.000000
599,-54.019876,-30.459921,0.000000
600,-53.948919,-30.503034,0.000000
601,-53.878308,-30.546370,0.000000
602,-53.808039,-30.589927,0.000000
603,-53.738108,-30.633704,0.000000
604,-53.668512,-30.677699,0.000000
605,-53.599245,-30.721911,0.000000
606,-53.530305,-30.766339,0.000000
607,-53.461686,-30.810983,0.000000
608,-53.393386,-30.855840,0.000000
609,-53.325399,-30.900910,0.000000
610,-53.257722,-30.946192,0.000000
611,-53.190350,-30.991684,0.000000
612,-53.123280,-31.037386,0.000000
613,-53.056506,-31.083296,0.000000
614,-52.990024,-31.129413,0.000000
615,-52.923830,-31.175736,0.000000
616,-52.857920,-31.222265,0.000000
617,-52.792289,-31.268998,0.000000
618,-52.726931,-31.315934,0.000000
619,-52.661843,-31.363072,0.000000
620,-52.597020,-31.410412,0.000000
621,-52.532457,-31.457951,0.000000
622,-52.468149,-31.505690,0.000000
623,-52.404091,-31.553628,0.000000
624,-52.340280,-31.601763,0.000000
625,-52.276713,-31.650095,0.000000
626,-52.213383,-31.698622,0.000000
627,-52.150285,-31.747345,0.000000
628,-52.087414,-31.796262,0.000000
629,-52.024766,-31.845371,0.000000
630,-51.962335,-31.894674,0.000000
631,-51.900115,-31.944168,0.000000
632,-51.838101,-31.993852,0.000000
633,-51.776289,-32.043728,0.000000
634,-51.714673,-32.093792,0.000000
635,-51.653247,-32.144045,0.000000
636,-51.592006,-32.194486,0.000000
637,-51.530944,-32.245115,0.000000
638,-51.470056,-32.295930,0.000000
639,-51.409336,-32.346931,0.000000
640,-51.348778,-32.398117,0.000000
641,-51.288375,-32.449489,0.000000
642,-51.228123,-32.501044,0.000000
643,-51.168014,-32.552784,0.000000
644,-51.108043,-32.604706,0.000000
645,-51.048202,-32.656811,0.000000
646,-50.988485,-32.709098,0.000000
647,-50.928884,-32.761567,0.000000
648,-50.869394,-32.814216,0.000000
649,-50.810006,-32.867047,0.000000
650,-50.750713,-32.920058,0.000000
651,-50.691507,-32.973249,0.000000
652,-50.632381,-33.026619,0.000000
653,-50.573326,-33.080169,0.000000
654,-50.514334,-33.133898,0.000000
655,-50.455396,-33.187806,0.000000
656,-50.396505,-33.241892,0.000000
657,-50.337658,-33.296156,0.000000
658,-50.278845,-33.350598,0.000000
659,-50.220057,-33.405219,0.000000
660,-50.161284,-33.460017,0.000000
661,-50.102515,-33.514992,0.000000
662,-50.043742,-33.570146,0.000000
663,-49.984954,-33.625476,0.000000
664,-49.926141,-33.680985,0.000000
665,-49.867293,-33.736670,0.000000
666,-49.808397,-33.792534,0.000000
667,-49.749445,-33.848575,0.000000
668,-49.690423,-33.904794,0.000000
669,-49.631320,-33.961191,0.000000
670,-49.572125,-34.017766,0.000000
671,-49.512824,-34.074520,0.000000
672,-49.453405,-34.131452,0.000000
673,-49.393853,-34.188564,0.000000
674,-49.334155,-34.245855,0.000000
675,-49.274295,-34.303325,0.000000
676,-49.214259,-34.360977,0.000000
677,-49.154030,-34.418809,0.000000
678,-49.093592,-34.476822,0.000000
679,-49.032926,-34.535018,0.000000
680,-48.972015,-34.593397,0.000000
681,-48.910837,-34.651959,0.000000
682,-48.849374,-34.710705,0.000000
683,-48.787604,-34.769637,0.000000
684,-48.725503,-34.828755,0.000000
685,-48.663047,-34.888060,0.000000
686,-48.600212,-34.947554,0.000000
687,-48.536970,-35.007238,0.000000
688,-48.473293,-35.067112,0.000000
689,-48.409149,-35.127179,0.000000
690,-48.344530,-35.187439,0.000000
691,-48.279403,-35.247895,0.000000
692,-48.213731,-35.308547,0.000000
693,-48.147479,-35.369399,0.000000
694,-48.080609,-35.430451,0.000000
695,-48.013079,-35.491705,0.000000
696,-47.944848,-35.553164,0.000000
697,-47.875871,-35.614830,0.000000
698,-47.806100,-35.676706,0.000000
699,-47.735486,-35.738793,0.000000
700,-47.663975,-35.801095,0.000000
701,-47.591508,-35.863615,0.000000
702,-47.518024,-35.926355,0.000000
703,-47.443456,-35.989320,0.000000
704,-47.367732,-36.052512,0.000000
705,-47.290774,-36.115935,0.000000
706,-47.212495,-36.179594,0.000000
707,-47.132804,-36.243492,0.000000
708,-47.051597,-36.307635,0.000000
709,-46.968764,-36.372027,0.000000
710,-46.884179,-36.436674,0.000000
711,-46.797707,-36.501581,0.000000
712,-46.709196,-36.566755,0.000000
713,-46.618477,-36.632202,0.000000
714,-46.525360,-36.697930,0.000000
715,-46.429633,-36.763946,0.000000
716,-46.331096,-36.830259,0.000000
717,-46.229532,-36.896878,0.000000
718,-46.124645,-36.963814,0.000000
719,-46.016103,-37.031077,0.000000
720,-45.903533,-37.098680,0.000000
721,-45.786513,-37.166635,0.000000
722,-45.664557,-37.234958,0.000000
723,-45.537105,-37.303665,0.000000
724,-45.403500,-37.372773,0.000000
725,-45.262964,-37.442304,0.000000
726,-45.114566,-37.512280,0.000000
727,-44.957175,-37.582727,0.000000
728,-44.789398,-37.653675,0.000000
729,-44.609491,-37.725159,0.000000
730,-44.415234,-37.797219,0.000000
731,-44.203885,-37.869903,0.000000
732,-43.972048,-37.943267,0.000000
733,-43.714825,-38.017379,0.000000
734,-43.425586,-38.092323,0.000000
735,-43.094901,-38.168207,0.000000
736,-42.708565,-38.245168,0.000000
737,-42.243588,-38.323391,0.000000
738,-41.660856,-38.403138,0.000000
739,-40.885534,-38.484801,0.000000
740,-39.747915,-38.569021,0.000000
741,-37.740068,-38.657005,0.000000
742,-32.251607,-38.751652,0.000000
743,0.000000,-38.864563,1.000000
744,-58.000000,-39.084941,0.000000
745,-57.902238,-39.111913,0.000000
746,-57.805038,-39.139201,0.000000
747,-57.708396,-39.166805,0.000000
748,-57.612308,-39.194721,0.000000
749,-57.516770,-39.222948,0.000000
750,-57.421778,-39.251485,0.000000
751,-57.327328,-39.280328,0.000000
752,-57.233416,-39.309477,0.000000
753,-57.140039,-39.338929,0.000000
754,-57.047192,-39.368683,0.000000
755,-56.954871,-39.398736,0.000000
756,-56.863072,-39.429087,0.000000
757,-56.771791,-39.459734,0.000000
758,-56.681024,-39.490674,0.000000
759,-56.590768,-39.521907,0.000000
760,-56.501018,-39.553431,0.000000
761,-56.411769,-39.585243,0.000000
762,-56.323020,-39.617342,0.000000
763,-56.234764,-39.649726,0.000000
764,-56.147000,-39.682394,0.000000
765,-56.059721,-39.715343,0.000000
766,-55.972926,-39.748572,0.000000
767,-55.886608,-39.782079,0.000000
768,-55.800765,-39.815863,0.000000
769,-55.715393,-39.849922,0.000000
770,-55.630487,-39.884254,0.000000
771,-55.546043,-39.918858,0.000000
772,-55.462058,-39.953731,0.000000
773,-55.378527,-39.988873,0.000000
774,-55.295447,-40.024282,0.000000
775,-55.212813,-40.059955,0.000000
776,-55.130621,-40.095893,0.000000
777,-55.048867,-40.132092,0.000000
778,-54.967548,-40.168552,0.000000
779,-54.886658,-40.205270,0.000000
780,-54.806193,-40.242246,0.000000
781,-54.726150,-40.279478,0.000000
782,-54.646525,-40.316965,0.000000
783,-54.567312,-40.354704,0.000000
784,-54.488507,-40.392694,0.000000
785,-54.410106,-40.430935,0.000000
786,-54.332106,-40.469425,0.000000
787,-54.254503,-40.508161,0.000000
788,-54.177292,-40.547143,0.000000
789,-54.100468,-40.586370,0.000000
790,-54.024028,-40.625839,0.000000
791,-53.947966,-40.665551,0.000000
792,-53.872279,-40.705502,0.000000
793,-53.796961,-40.745693,0.000000
794,-53.722009,-40.786121,0.000000
795,-53.647418,-40.826786,0.000000
796,-53.573183,-40.867685,0.000000
797,-53.499300,-40.908819,0.000000
798,-53.425765,-40.950185,0.000000
799,-53.352572,-40.991782,0.000000
800,-53.279717,-41.033610,0.000000
801,-53.207195,-41.075666,0.000000
802,-53.135002,-41.117950,0.000000
803,-53.063132,-41.160461,0.000000
804,-52.991581,-41.203197,0.000000
805,-52.920343,-41.246157,0.000000
806,-52.849413,-41.289341,0.000000
807,-52.778787,-41.332746,0.000000
808,-52.708459,-41.376373,0.000000
809,-52.638423,-41.420219,0.000000
810,-52.568674,-41.464284,0.000000
811,-52.499206,-41.508567,0.000000
812,-52.430014,-41.553067,0.000000
813,-52.361094,-41.597782,0.000000
814,-52.292442,-41.642713,0.000000
815,-52.224051,-41.687857,0.000000
816,-52.155916,-41.733214,0.000000
817,-52.088030,-41.778783,0.000000
818,-52.020388,-41.824564,0.000000
819,-51.952984,-41.870554,0.000000
820,-51.885811,-41.916754,0.000000
821,-51.818864,-41.963162,0.000000
822,-51.752136,-42.009778,0.000000
823,-51.685622,-42.056601,0.000000
824,-51.619314,-42.103630,0.000000
825,-51.553207,-42.150865,0.000000
826,-51.487295,-42.198304,0.000000
827,-51.421569,-42.245947,0.000000
828,-51.356024,-42.293793,0.000000
829,-51.290652,-42.341841,0.000000
830,-51.225447,-42.390092,0.000000
831,-51.160402,-42.438544,0.000000
832,-51.095507,-42.487196,0.000000
833,-51.030757,-42.536049,0.000000
834,-50.966143,-42.585101,0.000000
835,-50.901656,-42.634352,0.000000
836,-50.837289,-42.683802,0.000000
837,-50.773033,-42.733449,0.000000
838,-50.708879,-42.783295,0.000000
839,-50.644817,-42.833337,0.000000
840,-50.580839,-42.883577,0.000000
841,-50.516934,-42.934013,0.000000
842,-50.453093,-42.984645,0.000000
843,-50.389307,-43.035473,0.000000
844,-50.325571,-43.086497,0.000000
845,-50.261874,-43.137716,0.000000
846,-50.198205,-43.189131,0.000000
847,-50.134553,-43.240740,0.000000
848,-50.070906,-43.292545,0.000000
849,-50.007252,-43.344544,0.000000
850,-49.943580,-43.396738,0.000000
851,-49.879877,-43.449127,0.000000
852,-49.816130,-43.501711,0.000000
853,-49.752328,-43.554490,0.000000
854,-49.688455,-43.607464,0.000000
855,-49.624499,-43.660634,0.000000
856,-49.560446,-43.713999,0.000000
857,-49.496280,-43.767559,0.000000
858,-49.431987,-43.821316,0.000000
859,-49.367549,-43.875268,0.000000
860,-49.302951,-43.929418,0.000000
861,-49.238175,-43.983765,0.000000
862,-49.173202,-44.038310,0.000000
863,-49.108013,-44.093053,0.000000
864,-49.042588,-44.147995,0.000000
865,-48.976905,-44.203137,0.000000
866,-48.910943,-44.258480,0.000000
867,-48.844677,-44.314024,0.000000
868,-48.778083,-44.369770,0.000000
869,-48.711133,-44.425720,0.000000
870,-48.643801,-44.481874,0.000000
871,-48.576056,-44.538234,0.000000
872,-48.507867,-44.594801,0.000000
873,-48.439200,-44.651577,0.000000
874,-48.370031,-44.708562,0.000000
875,-48.300336,-44.765759,0.000000
876,-48.230074,-44.823170,0.000000
877,-48.159205,-44.880795,0.000000
878,-48.087685,-44.938637,0.000000
879,-48.015470,-44.996699,0.000000
880,-47.942511,-45.054982,0.000000
881,-47.868757,-45.113488,0.000000
882,-47.794157,-45.172221,0.000000
883,-47.718652,-45.231183,0.000000
884,-47.642180,-45.290377,0.000000
885,-47.564678,-45.349807,0.000000
886,-47.486073,-45.409474,0.000000
887,-47.406289,-45.469384,0.000000
888,-47.325242,-45.529540,0.000000
889,-47.242842,-45.589946,0.000000
890,-47.158990,-45.650607,0.000000
891,-47.073576,-45.711526,0.000000
892,-46.986480,-45.772711,0.000000
893,-46.897571,-45.834165,0.000000
894,-46.806701,-45.895895,0.000000
895,-46.713707,-45.957907,0.000000
896,-46.618406,-46.020209,0.000000
897,-46.520593,-46.082807,0.000000
898,-46.420038,-46.145711,0.000000
899,-46.316527,-46.208929,0.000000
900,-46.209815,-46.272471,0.000000
901,-46.099577,-46.336347,0.000000
902,-45.985449,-46.400570,0.000000
903,-45.867019,-46.465151,0.000000
904,-45.743821,-46.530106,0.000000
905,-45.615314,-46.595450,0.000000
906,-45.480868,-46.661201,0.000000
907,-45.339744,-46.727377,0.000000
908,-45.191055,-46.794002,0.000000
909,-45.033733,-46.861101,0.000000
910,-44.866466,-46.928701,0.000000
911,-44.687620,-46.996837,0.000000
912,-44.495124,-47.065546,0.000000
913,-44.286236,-47.134873,0.000000
914,-44.058028,-47.204874,0.000000
915,-43.805944,-47.275612,0.000000
916,-43.523893,-47.347167,0.000000
917,-43.203352,-47.419639,0.000000
918,-42.831701,-47.493154,0.000000
919,-42.388944,-47.567884,0.000000
920,-41.841174,-47.644065,0.000000
921,-41.126987,-47.722046,0.000000
922,-40.113367,-47.802382,0.000000
923,-38.435956,-47.886070,0.000000
924,-34.555576,-47.975322,0.000000
925,-7.487454,-48.077478,0.000000
926,0.000000,-48.269827,1.000000
927,-58.000000,-48.487070,0.000000
928,-57.897537,-48.510908,0.000000
929,-57.795665,-48.535079,0.000000
930,-57.694380,-48.559582,0.000000
931,-57.593678,-48.584414,0.000000
932,-57.493554,-48.609574,0.000000
933,-57.394005,-48.635059,0.000000
934,-57.295026,-48.660867,0.000000
935,-57.196613,-48.686997,0.000000
936,-57.098762,-48.713446,0.000000
937,-57.001468,-48.740212,0.000000
938,-56.904727,-48.767294,0.000000
939,-56.808535,-48.794689,0.000000
940,-56.712888,-48.822395,0.000000
941,-56.617782,-48.850412,0.000000
942,-56.523211,-48.878735,0.000000
943,-56.429172,-48.907365,0.000000
944,-56.335661,-48.936299,0.000000
945,-56.242674,-48.965534,0.000000
946,-56.150206,-48.995070,0.000000
947,-56.058253,-49.024905,0.000000
948,-55.966811,-49.055035,0.000000
949,-55.875875,-49.085461,0.000000
950,-55.785441,-49.116180,0.000000
951,-55.695505,-49.147189,0.000000
952,-55.606063,-49.178489,0.000000
953,-55.517110,-49.210076,0.000000
954,-55.428642,-49.241949,0.000000
955,-55.340655,-49.274106,0.000000
956,-55.253143,-49.306545,0.000000
957,-55.166104,-49.339266,0.000000
958,-55.079532,-49.372266,0.000000
959,-54.993423,-49.405543,0.000000
960,-54.907772,-49.439097,0.000000
961,-54.822575,-49.472925,0.000000
962,-54.737827,-49.507025,0.000000
963,-54.653524,-49.541397,0.000000
964,-54.569661,-49.576038,0.000000
965,-54.486233,-49.610947,0.000000
966,-54.403235,-49.646122,0.000000
967,-54.320665,-49.681563,0.000000
968,-54.238516,-49.717267,0.000000
969,-54.156785,-49.753233,0.000000
970,-54.075466,-49.789459,0.000000
971,-53.994555,-49.825944,0.000000
972,-53.914046,-49.862687,0.000000
973,-53.833935,-49.899686,0.000000
974,-53.754217,-49.936939,0.000000
975,-53.674887,-49.974446,0.000000
976,-53.595940,-50.012205,0.000000
977,-53.517371,-50.050215,0.000000
978,-53.439175,-50.088473,0.000000
979,-53.361347,-50.126980,0.000000
980,-53.283881,-50.165733,0.000000
981,-53.206773,-50.204732,0.000000
982,-53.130018,-50.243974,0.000000
983,-53.053608,-50.283459,0.000000
984,-52.977540,-50.323186,0.000000
985,-52.901808,-50.363153,0.000000
986,-52.826405,-50.403359,0.000000
987,-52.751326,-50.443804,0.000000
988,-52.676565,-50.484485,0.000000
989,-52.602117,-50.525401,0.000000
990,-52.527974,-50.566552,0.000000
991,-52.454130,-50.607937,0.000000
992,-52.380581,-50.649554,0.000000
993,-52.307321,-50.691402,0.000000
994,-52.234345,-50.733480,0.000000
995,-52.161646,-50.775788,0.000000
996,-52.089216,-50.818324,0.000000
997,-52.017050,-50.861087,0.000000
998,-51.945140,-50.904077,0.000000
999,-51.873479,-50.947291,0.000000
1000,-51.802062,-50.990731,0.000000
1001,-51.730881,-51.034393,0.000000
1002,-51.659928,-51.078279,0.000000
1003,-51.589198,-51.122387,0.000000
1004,-51.518681,-51.166715,0.000000
1005,-51.448372,-51.211264,0.000000
1006,-51.378261,-51.256032,0.000000
1007,-51.308342,-51.301019,0.000000
1008,-51.238607,-51.346224,0.000000
1009,-51.169047,-51.391647,0.000000
1010,-51.099653,-51.437286,0.000000
1011,-51.030417,-51.483142,0.000000
1012,-50.961330,-51.529212,0.000000
1013,-50.892382,-51.575498,0.000000
1014,-50.823565,-51.621998,0.000000
1015,-50.754867,-51.668713,0.000000
1016,-50.686280,-51.715640,0.000000
1017,-50.617791,-51.762781,0.000000
1018,-50.549391,-51.810134,0.000000
1019,-50.481068,-51.857699,0.000000
1020,-50.412808,-51.905476,0.000000
1021,-50.344611,-51.953465,0.000000
1022,-50.276463,-52.001665,0.000000
1023,-50.208351,-52.050076,0.000000
1024,-50.140262,-52.098698,0.000000
1025,-50.072184,-52.147531,0.000000
1026,-50.004102,-52.196575,0.000000
1027,-49.936004,-52.245829,0.000000
1028,-49.867875,-52.295294,0.000000
1029,-49.799701,-52.344969,0.000000
1030,-49.731466,-52.394855,0.000000
1031,-49.663157,-52.444952,0.000000
1032,-49.594756,-52.495259,0.000000
1033,-49.526247,-52.545778,0.000000
1034,-49.457614,-52.596509,0.000000
1035,-49.388837,-52.647451,0.000000
1036,-49.319899,-52.698606,0.000000
1037,-49.250779,-52.749974,0.000000
1038,-49.181458,-52.801554,0.000000
1039,-49.111912,-52.853349,0.000000
1040,-49.042120,-52.905358,0.000000
1041,-48.972057,-52.957582,0.000000
1042,-48.901698,-53.010023,0.000000
1043,-48.831016,-53.062681,0.000000
1044,-48.759982,-53.115556,0.000000
1045,-48.688567,-53.168651,0.000000
1046,-48.616737,-53.221966,0.000000
1047,-48.544459,-53.275503,0.000000
1048,-48.471697,-53.329263,0.000000
1049,-48.398412,-53.383248,0.000000
1050,-48.324587,-53.437459,0.000000
1051,-48.250181,-53.491897,0.000000
1052,-48.175147,-53.546566,0.000000
1053,-48.099438,-53.601467,0.000000
1054,-48.023003,-53.656601,0.000000
1055,-47.945790,-53.711973,0.000000
1056,-47.867744,-53.767583,0.000000
1057,-47.788805,-53.823434,0.000000
1058,-47.708909,-53.879530,0.000000
1059,-47.627989,-53.935874,0.000000
1060,-47.545972,-53.992469,0.000000
1061,-47.462778,-54.049318,0.000000
1062,-47.378321,-54.106426,0.000000
1063,-47.292507,-54.163796,0.000000
1064,-47.205234,-54.221433,0.000000
1065,-47.116390,-54.279342,0.000000
1066,-47.025850,-54.337527,0.000000
1067,-46.933478,-54.395995,0.000000
1068,-46.839120,-54.454751,0.000000
1069,-46.742608,-54.513803,0.000000
1070,-46.643751,-54.573156,0.000000
1071,-46.542337,-54.632819,0.000000
1072,-46.438124,-54.692800,0.000000
1073,-46.330871,-54.753109,0.000000
1074,-46.220339,-54.813755,0.000000
1075,-46.106185,-54.874749,0.000000
1076,-45.988026,-54.936104,0.000000
1077,-45.865429,-54.997832,0.000000
1078,-45.737899,-55.059947,0.000000
1079,-45.604863,-55.122468,0.000000
1080,-45.465655,-55.185411,0.000000
1081,-45.319485,-55.248797,0.000000
1082,-45.165405,-55.312649,0.000000
1083,-45.002267,-55.376993,0.000000
1084,-44.828652,-55.441860,0.000000
1085,-44.642785,-55.507284,0.000000
1086,-44.442398,-55.573305,0.000000
1087,-44.224612,-55.639973,0.000000
1088,-43.986005,-55.707344,0.000000
1089,-43.721516,-55.775488,0.000000
1090,-43.424284,-55.844491,0.000000
1091,-43.084523,-55.914462,0.000000
1092,-42.687408,-55.985542,0.000000
1093,-42.208764,-56.057922,0.000000
1094,-41.607210,-56.131874,0.000000
1095,-40.802287,-56.207806,0.000000
1096,-39.607545,-56.286396,0.000000
1097,-37.445068,-56.368942,0.000000
1098,-31.075399,-56.458668,0.000000
1099,0.000000,-56.569597,1.000000
1100,-58.000000,-56.784074,0.000000
1101,-57.893388,-56.805146,0.000000
1102,-57.787394,-56.826566,0.000000
1103,-57.682011,-56.848333,0.000000
1104,-57.577238,-56.870443,0.000000
1105,-57.473068,-56.892896,0.000000
1106,-57.369497,-56.915688,0.000000
1107,-57.266521,-56.938818,0.000000
1108,-57.164135,-56.962283,0.000000
1109,-57.062336,-56.986082,0.000000
1110,-56.961118,-57.010212,0.000000
1111,-56.860477,-57.034671,0.000000
1112,-56.760408,-57.059458,0.000000
1113,-56.660908,-57.084570,0.000000
1114,-56.561971,-57.110006,0.000000
1115,-56.463593,-57.135762,0.000000
1116,-56.365769,-57.161839,0.000000
1117,-56.268496,-57.188232,0.000000
1118,-56.171768,-57.214941,0.000000
1119,-56.075582,-57.241963,0.000000
1120,-55.979932,-57.269297,0.000000
1121,-55.884815,-57.296941,0.000000
1122,-55.790225,-57.324893,0.000000
1123,-55.696157,-57.353150,0.000000
1124,-55.602608,-57.381712,0.000000
1125,-55.509573,-57.410576,0.000000
1126,-55.417047,-57.439741,0.000000
1127,-55.325026,-57.469204,0.000000
1128,-55.233504,-57.498964,0.000000
1129,-55.142478,-57.529020,0.000000
1130,-55.051942,-57.559368,0.000000
1131,-54.961892,-57.590009,0.000000
1132,-54.872322,-57.620939,0.000000
1133,-54.783228,-57.652158,0.000000
1134,-54.694606,-57.683663,0.000000
1135,-54.606449,-57.715453,0.000000
1136,-54.518753,-57.747526,0.000000
1137,-54.431513,-57.779881,0.000000
1138,-54.344724,-57.812516,0.000000
1139,-54.258383,-57.845429,0.000000
1140,-54.172482,-57.878620,0.000000
1141,-54.087018,-57.912085,0.000000
1142,-54.001985,-57.945824,0.000000
1143,-53.917378,-57.979836,0.000000
1144,-53.833191,-58.014118,0.000000
1145,-53.749420,-58.048669,0.000000
1146,-53.666058,-58.083488,0.000000
1147,-53.583101,-58.118574,0.000000
1148,-53.500543,-58.153924,0.000000
1149,-53.418379,-58.189537,0.000000
1150,-53.336603,-58.225413,0.000000
1151,-53.255209,-58.261549,0.000000
1152,-53.174192,-58.297944,0.000000
1153,-53.093545,-58.334598,0.000000
1154,-53.013263,-58.371508,0.000000
1155,-52.933340,-58.408673,0.000000
1156,-52.853769,-58.446092,0.000000
1157,-52.774545,-58.483764,0.000000
1158,-52.695660,-58.521688,0.000000
1159,-52.617108,-58.559862,0.000000
1160,-52.538883,-58.598285,0.000000
1161,-52.460977,-58.636956,0.000000
1162,-52.383384,-58.675873,0.000000
1163,-52.306099,-58.715037,0.000000
1164,-52.229116,-58.754445,0.000000
1165,-52.152427,-58.794096,0.000000
1166,-52.076025,-58.833990,0.000000
1167,-51.999902,-58.874125,0.000000
1168,-51.924051,-58.914501,0.000000
1169,-51.848464,-58.955116,0.000000
1170,-51.773134,-58.995969,0.000000
1171,-51.698052,-59.037060,0.000000
1172,-51.623212,-59.078388,0.000000
1173,-51.548605,-59.119951,0.000000
1174,-51.474222,-59.161749,0.000000
1175,-51.400056,-59.203781,0.000000
1176,-51.326098,-59.246046,0.000000
1177,-51.252338,-59.288544,0.000000
1178,-51.178768,-59.331273,0.000000
1179,-51.105379,-59.374233,0.000000
1180,-51.032160,-59.417424,0.000000
1181,-50.959101,-59.460844,0.000000
1182,-50.886193,-59.504493,0.000000
1183,-50.813424,-59.548371,0.000000
1184,-50.740784,-59.592477,0.000000
1185,-50.668260,-59.636810,0.000000
1186,-50.595842,-59.681370,0.000000
1187,-50.523516,-59.726157,0.000000
1188,-50.451270,-59.771170,0.000000
1189,-50.379093,-59.816409,0.000000
1190,-50.306977,-59.861873,0.000000
1191,-50.234910,-59.907562,0.000000
1192,-50.162876,-59.953477,0.000000
1193,-50.090860,-59.999616,0.000000
1194,-50.018848,-60.045980,0.000000
1195,-49.946824,-60.092568,0.000000
1196,-49.874774,-60.139381,0.000000
1197,-49.802680,-60.186419,0.000000
1198,-49.730527,-60.233681,0.000000
1199,-49.658297,-60.281168,0.000000
1200,-49.585973,-60.328880,0.000000
1201,-49.513536,-60.376817,0.000000
1202,-49.440966,-60.424980,0.000000
1203,-49.368244,-60.473368,0.000000
1204,-49.295348,-60.521983,0.000000
1205,-49.222257,-60.570824,0.000000
1206,-49.148946,-60.619893,0.000000
1207,-49.075391,-60.669190,0.000000
1208,-49.001566,-60.718716,0.000000
1209,-48.927443,-60.768471,0.000000
1210,-48.852993,-60.818457,0.000000
1211,-48.778186,-60.868674,0.000000
1212,-48.702987,-60.919124,0.000000
1213,-48.627363,-60.969807,0.000000
1214,-48.551276,-61.020726,0.000000
1215,-48.474686,-61.071882,0.000000
1216,-48.397549,-61.123275,0.000000
1217,-48.319849,-61.174909,0.000000
1218,-48.241537,-61.226784,0.000000
1219,-48.162563,-61.278904,0.000000
1220,-48.082874,-61.331269,0.000000
1221,-48.002416,-61.383882,0.000000
1222,-47.921129,-61.436746,0.000000
1223,-47.838953,-61.489863,0.000000
1224,-47.755820,-61.543237,0.000000
1225,-47.671660,-61.596870,0.000000
1226,-47.586397,-61.650765,0.000000
1227,-47.499948,-61.704927,0.000000
1228,-47.412224,-61.759359,0.000000
1229,-47.323126,-61.814065,0.000000
1230,-47.232549,-61.869050,0.000000
1231,-47.140373,-61.924318,0.000000
1232,-47.046471,-61.979875,0.000000
1233,-46.950697,-62.035727,0.000000
1234,-46.852894,-62.091880,0.000000
1235,-46.752881,-62.148339,0.000000
1236,-46.650461,-62.205114,0.000000
1237,-46.545407,-62.262210,0.000000
1238,-46.437466,-62.319638,0.000000
1239,-46.326380,-62.377407,0.000000
1240,-46.211895,-62.435526,0.000000
1241,-46.093646,-62.494008,0.000000
1242,-45.971224,-62.552865,0.000000
1243,-45.844167,-62.612110,0.000000
1244,-45.711944,-62.671758,0.000000
1245,-45.573940,-62.731828,0.000000
1246,-45.429433,-62.792337,0.000000
1247,-45.277566,-62.853308,0.000000
1248,-45.117305,-62.914765,0.000000
1249,-44.947385,-62.976736,0.000000
1250,-44.766236,-63.039253,0.000000
1251,-44.571875,-63.102352,0.000000
1252,-44.361747,-63.166078,0.000000
1253,-44.132769,-63.230484,0.000000
1254,-43.880809,-63.295631,0.000000
1255,-43.600051,-63.361596,0.000000
1256,-43.282442,-63.428476,0.000000
1257,-42.916191,-63.496391,0.000000
1258,-42.482848,-63.565505,0.000000
1259,-41.950981,-63.636040,0.000000
1260,-41.266023,-63.708325,0.000000
1261,-40.311485,-63.782869,0.000000
1262,-38.783266,-63.860570,0.000000
1263,-35.517819,-63.943338,0.000000
1264,-18.800128,-64.036965,0.000000
1265,0.000000,-64.186285,1.000000
1266,-58.000000,-64.398223,0.000000
1267,-57.889581,-64.416757,0.000000
1268,-57.779803,-64.435653,0.000000
1269,-57.670661,-64.454908,0.000000
1270,-57.562151,-64.474521,0.000000
1271,-57.454267,-64.494489,0.000000
1272,-57.347005,-64.514810,0.000000
1273,-57.240362,-64.535481,0.000000
1274,-57.134331,-64.556502,0.000000
1275,-57.028908,-64.577868,0.000000
1276,-56.924089,-64.599579,0.000000
1277,-56.819868,-64.621633,0.000000
1278,-56.716242,-64.644026,0.000000
1279,-56.613205,-64.666757,0.000000
1280,-56.510753,-64.689824,0.000000
1281,-56.408880,-64.713225,0.000000
1282,-56.307583,-64.736958,0.000000
1283,-56.206857,-64.761020,0.000000
1284,-56.106696,-64.785410,0.000000
1285,-56.007097,-64.810126,0.000000
1286,-55.908054,-64.835166,0.000000
1287,-55.809563,-64.860527,0.000000
1288,-55.711618,-64.886208,0.000000
1289,-55.614215,-64.912207,0.000000
1290,-55.517349,-64.938523,0.000000
1291,-55.421016,-64.965152,0.000000
1292,-55.325209,-64.992093,0.000000
1293,-55.229925,-65.019345,0.000000
1294,-55.135159,-65.046906,0.000000
1295,-55.040904,-65.074773,0.000000
1296,-54.947157,-65.102945,0.000000
1297,-54.853912,-65.131420,0.000000
1298,-54.761164,-65.160197,0.000000
1299,-54.668907,-65.189273,0.000000
1300,-54.577137,-65.218647,0.000000
1301,-54.485848,-65.248317,0.000000
1302,-54.395033,-65.278281,0.000000
1303,-54.304690,-65.308538,0.000000
1304,-54.214813,-65.339086,0.000000
1305,-54.125396,-65.369924,0.000000
1306,-54.036433,-65.401049,0.000000
1307,-53.947920,-65.432461,0.000000
1308,-53.859849,-65.464157,0.000000
1309,-53.772216,-65.496136,0.000000
1310,-53.685015,-65.528396,0.000000
1311,-53.598240,-65.560937,0.000000
1312,-53.511885,-65.593756,0.000000
1313,-53.425944,-65.626851,0.000000
1314,-53.340412,-65.660223,0.000000
1315,-53.255282,-65.693868,0.000000
1316,-53.170549,-65.727786,0.000000
1317,-53.086204,-65.761975,0.000000
1318,-53.002244,-65.796433,0.000000
1319,-52.918659,-65.831160,0.000000
1320,-52.835445,-65.866154,0.000000
1321,-52.752594,-65.901414,0.000000
1322,-52.670099,-65.936938,0.000000
1323,-52.587952,-65.972726,0.000000
1324,-52.506147,-66.008775,0.000000
1325,-52.424676,-66.045085,0.000000
1326,-52.343533,-66.081654,0.000000
1327,-52.262712,-66.118482,0.000000
1328,-52.182205,-66.155566,0.000000
1329,-52.102004,-66.192907,0.000000
1330,-52.022100,-66.230503,0.000000
1331,-51.942486,-66.268352,0.000000
1332,-51.863154,-66.306455,0.000000
1333,-51.784095,-66.344809,0.000000
1334,-51.705300,-66.383413,0.000000
1335,-51.626762,-66.422268,0.000000
1336,-51.548471,-66.461371,0.000000
1337,-51.470418,-66.500722,0.000000
1338,-51.392594,-66.540321,0.000000
1339,-51.314990,-66.580165,0.000000
1340,-51.237596,-66.620255,0.000000
1341,-51.160401,-66.660590,0.000000
1342,-51.083396,-66.701168,0.000000
1343,-51.006569,-66.741990,0.000000
1344,-50.929910,-66.783054,0.000000
1345,-50.853406,-66.824360,0.000000
1346,-50.777047,-66.865907,0.000000
1347,-50.700819,-66.907695,0.000000
1348,-50.624709,-66.949723,0.000000
1349,-50.548705,-66.991991,0.000000
1350,-50.472791,-67.034498,0.000000
1351,-50.396955,-67.077244,0.000000
1352,-50.321189,-67.120228,0.000000
1353,-50.245480,-67.163450,0.000000
1354,-50.169810,-67.206911,0.000000
1355,-50.094164,-67.250609,0.000000
1356,-50.018526,-67.294545,0.000000
1357,-49.942878,-67.338719,0.000000
1358,-49.867204,-67.383129,0.000000
1359,-49.791486,-67.427778,0.000000
1360,-49.715705,-67.472663,0.000000
1361,-49.639842,-67.517787,0.000000
1362,-49.563879,-67.563148,0.000000
1363,-49.487793,-67.608747,0.000000
1364,-49.411565,-67.654585,0.000000
1365,-49.335170,-67.700662,0.000000
1366,-49.258585,-67.746978,0.000000
1367,-49.181786,-67.793533,0.000000
1368,-49.104746,-67.840329,0.000000
1369,-49.027436,-67.887367,0.000000
1370,-48.949828,-67.934646,0.000000
1371,-48.871889,-67.982169,0.000000
1372,-48.793587,-68.029935,0.000000
1373,-48.714886,-68.077946,0.000000
1374,-48.635748,-68.126204,0.000000
1375,-48.556133,-68.174709,0.000000
1376,-48.475998,-68.223464,0.000000
1377,-48.395294,-68.272469,0.000000
1378,-48.314002,-68.321728,0.000000
1379,-48.232071,-68.371240,0.000000
1380,-48.149445,-68.421010,0.000000
1381,-48.066066,-68.471038,0.000000
1382,-47.981875,-68.521327,0.000000
1383,-47.896807,-68.571880,0.000000
1384,-47.810793,-68.622700,0.000000
1385,-47.723762,-68.673790,0.000000
1386,-47.635635,-68.725153,0.000000
1387,-47.546327,-68.776793,0.000000
1388,-47.455745,-68.828713,0.000000
1389,-47.363791,-68.880917,0.000000
1390,-47.270354,-68.933411,0.000000
1391,-47.175314,-68.986198,0.000000
1392,-47.078537,-69.039285,0.000000
1393,-46.979876,-69.092677,0.000000
1394,-46.879167,-69.146380,0.000000
1395,-46.776228,-69.200400,0.000000
1396,-46.670851,-69.254746,0.000000
1397,-46.562805,-69.309425,0.000000
1398,-46.451827,-69.364446,0.000000
1399,-46.337637,-69.419818,0.000000
1400,-46.219983,-69.475553,0.000000
1401,-46.098487,-69.531661,0.000000
1402,-45.972721,-69.588156,0.000000
1403,-45.842205,-69.645050,0.000000
1404,-45.706383,-69.702361,0.000000
1405,-45.564612,-69.760106,0.000000
1406,-45.416136,-69.818304,0.000000
1407,-45.260052,-69.876977,0.000000
1408,-45.095268,-69.936151,0.000000
1409,-44.920444,-69.995855,0.000000
1410,-44.733910,-70.056122,0.000000
1411,-44.533542,-70.116990,0.000000
1412,-44.316592,-70.178506,0.000000
1413,-44.079814,-70.240724,0.000000
1414,-43.818617,-70.303711,0.000000
1415,-43.526652,-70.367548,0.000000
1416,-43.195005,-70.432336,0.000000
1417,-42.810400,-70.498209,0.000000
1418,-42.351623,-70.565341,0.000000
1419,-41.782492,-70.633981,0.000000
1420,-41.036060,-70.704495,0.000000
1421,-39.964404,-70.777473,0.000000
1422,-38.146291,-70.853999,0.000000
1423,-33.652221,-70.936560,0.000000
1424,0.000000,-71.034074,1.000000
1425,-58.000000,-71.243729,0.000000
1426,-57.886158,-71.259981,0.000000
1427,-57.772979,-71.276607,0.000000
1428,-57.660456,-71.293605,0.000000
1429,-57.548587,-71.310972,0.000000
1430,-57.437364,-71.328707,0.000000
1431,-57.326785,-71.346806,0.000000
1432,-57.216843,-71.365267,0.000000
1433,-57.107534,-71.384090,0.000000
1434,-56.998854,-71.403270,0.000000
1435,-56.890797,-71.422806,0.000000
1436,-56.783358,-71.442696,0.000000
1437,-56.676533,-71.462937,0.000000
1438,-56.570317,-71.483527,0.000000
1439,-56.464704,-71.504465,0.000000
1440,-56.359689,-71.525748,0.000000
1441,-56.255269,-71.547374,0.000000
1442,-56.151438,-71.569340,0.000000
1443,-56.048191,-71.591646,0.000000
1444,-55.945523,-71.614288,0.000000
1445,-55.843428,-71.637265,0.000000
1446,-55.741903,-71.660574,0.000000
1447,-55.640942,-71.684214,0.000000
1448,-55.540539,-71.708183,0.000000
1449,-55.440690,-71.732478,0.000000
1450,-55.341390,-71.757099,0.000000
1451,-55.242633,-71.782042,0.000000
1452,-55.144414,-71.807306,0.000000
1453,-55.046729,-71.832888,0.000000
1454,-54.949570,-71.858788,0.000000
1455,-54.852934,-71.885003,0.000000
1456,-54.756815,-71.911532,0.000000
1457,-54.661206,-71.938372,0.000000
1458,-54.566103,-71.965522,0.000000
1459,-54.471499,-71.992980,0.000000
1460,-54.377390,-72.020744,0.000000
1461,-54.283770,-72.048812,0.000000
1462,-54.190633,-72.077183,0.000000
1463,-54.097974,-72.105855,0.000000
1464,-54.005787,-72.134827,0.000000
1465,-53.914066,-72.164096,0.000000
1466,-53.822804,-72.193661,0.000000
1467,-53.731996,-72.223520,0.000000
1468,-53.641636,-72.253673,0.000000
1469,-53.551717,-72.284116,0.000000
1470,-53.462233,-72.314849,0.000000
1471,-53.373178,-72.345870,0.000000
1472,-53.284545,-72.377177,0.000000
1473,-53.196328,-72.408770,0.000000
1474,-53.108520,-72.440646,0.000000
1475,-53.021114,-72.472804,0.000000
1476,-52.934104,-72.505242,0.000000
1477,-52.847482,-72.537960,0.000000
1478,-52.761240,-72.570956,0.000000
1479,-52.675371,-72.604228,0.000000
1480,-52.589868,-72.637775,0.000000
1481,-52.504722,-72.671597,0.000000
1482,-52.419925,-72.705690,0.000000
1483,-52.335472,-72.740055,0.000000
1484,-52.251355,-72.774690,0.000000
1485,-52.167566,-72.809594,0.000000
1486,-52.084096,-72.844766,0.000000
1487,-52.000937,-72.880204,0.000000
1488,-51.918078,-72.915907,0.000000
1489,-51.835513,-72.951875,0.000000
1490,-51.753231,-72.988106,0.000000
1491,-51.671224,-73.024599,0.000000
1492,-51.589481,-73.061354,0.000000
1493,-51.507994,-73.098368,0.000000
1494,-51.426753,-73.135642,0.000000
1495,-51.345747,-73.173174,0.000000
1496,-51.264967,-73.210964,0.000000
1497,-51.184400,-73.249010,0.000000
1498,-51.104036,-73.287313,0.000000
1499,-51.023864,-73.325870,0.000000
1500,-50.943872,-73.364682,0.000000
1501,-50.864046,-73.403748,0.000000
1502,-50.784375,-73.443066,0.000000
1503,-50.704844,-73.482637,0.000000
1504,-50.625440,-73.522460,0.000000
1505,-50.546148,-73.562534,0.000000
1506,-50.466953,-73.602860,0.000000
1507,-50.387840,-73.643436,0.000000
1508,-50.308802,-73.684262,0.000000
1509,-50.229821,-73.725338,0.000000
1510,-50.150881,-73.766663,0.000000
1511,-50.071965,-73.808238,0.000000
1512,-49.993053,-73.850062,0.000000
1513,-49.914128,-73.892135,0.000000
1514,-49.835170,-73.934457,0.000000
1515,-49.756162,-73.977028,0.000000
1516,-49.677081,-74.019849,0.000000
1517,-49.597907,-74.062919,0.000000
1518,-49.518619,-74.106238,0.000000
1519,-49.439193,-74.149807,0.000000
1520,-49.359605,-74.193626,0.000000
1521,-49.279830,-74.237696,0.000000
1522,-49.199841,-74.282018,0.000000
1523,-49.119610,-74.326591,0.000000
1524,-49.039107,-74.371417,0.000000
1525,-48.958300,-74.416496,0.000000
1526,-48.877156,-74.461829,0.000000
1527,-48.795638,-74.507418,0.000000
1528,-48.713708,-74.553264,0.000000
1529,-48.631326,-74.599367,0.000000
1530,-48.548448,-74.645729,0.000000
1531,-48.465027,-74.692352,0.000000
1532,-48.381015,-74.739238,0.000000
1533,-48.296386,-74.786388,0.000000
1534,-48.211082,-74.833805,0.000000
1535,-48.125045,-74.881490,0.000000
1536,-48.038211,-74.929446,0.000000
1537,-47.950515,-74.977675,0.000000
1538,-47.861887,-75.026181,0.000000
1539,-47.772251,-75.074966,0.000000
1540,-47.681528,-75.124034,0.000000
1541,-47.589631,-75.173387,0.000000
1542,-47.496466,-75.223031,0.000000
1543,-47.401931,-75.272968,0.000000
1544,-47.305913,-75.323204,0.000000
1545,-47.208290,-75.373743,0.000000
1546,-47.108925,-75.424591,0.000000
1547,-47.007668,-75.475753,0.000000
1548,-46.904351,-75.527235,0.000000
1549,-46.798785,-75.579045,0.000000
1550,-46.690761,-75.631189,0.000000
1551,-46.580040,-75.683676,0.000000
1552,-46.466353,-75.736515,0.000000
1553,-46.349395,-75.789715,0.000000
1554,-46.228922,-75.843287,0.000000
1555,-46.104541,-75.897243,0.000000
1556,-45.975812,-75.951595,0.000000
1557,-45.842234,-76.006359,0.000000
1558,-45.703233,-76.061549,0.000000
1559,-45.558140,-76.117184,0.000000
1560,-45.406167,-76.173285,0.000000
1561,-45.246374,-76.229873,0.000000
1562,-45.077617,-76.286975,0.000000
1563,-44.898490,-76.344621,0.000000
1564,-44.707232,-76.402844,0.000000
1565,-44.501595,-76.461686,0.000000
1566,-44.278653,-76.521193,0.000000
1567,-44.035008,-76.581424,0.000000
1568,-43.765663,-76.642447,0.000000
1569,-43.463773,-76.704347,0.000000
1570,-43.119609,-76.767233,0.000000
1571,-42.718471,-76.831245,0.000000
1572,-42.236427,-76.896573,0.000000
1573,-41.632377,-76.963486,0.000000
1574,-40.826835,-77.032390,0.000000
1575,-39.636135,-77.103957,0.000000
1576,-37.493767,-77.179468,0.000000
1577,-31.266629,-77.262096,0.000000
1578,0.000000,-77.365453,1.000000
1579,-58.000000,-77.572998,0.000000
1580,-57.882994,-77.587140,0.000000
1581,-57.766669,-77.601668,0.000000
1582,-57.651021,-77.616578,0.000000
1583,-57.536045,-77.631869,0.000000
1584,-57.421736,-77.647539,0.000000
1585,-57.308089,-77.663584,0.000000
1586,-57.195098,-77.680002,0.000000
1587,-57.082759,-77.696792,0.000000
1588,-56.971067,-77.713950,0.000000
1589,-56.860016,-77.731475,0.000000
1590,-56.749602,-77.749365,0.000000
1591,-56.639819,-77.767616,0.000000
1592,-56.530662,-77.786228,0.000000
1593,-56.422127,-77.805197,0.000000
1594,-56.314207,-77.824521,0.000000
1595,-56.206899,-77.844199,0.000000
1596,-56.100197,-77.864228,0.000000
1597,-55.994095,-77.884606,0.000000
1598,-55.888589,-77.905331,0.000000
1599,-55.783674,-77.926400,0.000000
1600,-55.679343,-77.947813,0.000000
1601,-55.575591,-77.969565,0.000000
1602,-55.472415,-77.991657,0.000000
1603,-55.369807,-78.014085,0.000000
1604,-55.267763,-78.036848,0.000000
1605,-55.166277,-78.059943,0.000000
1606,-55.065343,-78.083369,0.000000
1607,-54.964957,-78.107123,0.000000
1608,-54.865112,-78.131204,0.000000
1609,-54.765803,-78.155610,0.000000
1610,-54.667023,-78.180339,0.000000
1611,-54.568768,-78.205388,0.000000
1612,-54.471030,-78.230757,0.000000
1613,-54.373804,-78.256444,0.000000
1614,-54.277085,-78.282446,0.000000
1615,-54.180867,-78.308761,0.000000
1616,-54.085144,-78.335389,0.000000
1617,-53.989909,-78.362326,0.000000
1618,-53.895156,-78.389573,0.000000
1619,-53.800879,-78.417125,0.000000
1620,-53.707071,-78.444983,0.000000
1621,-53.613726,-78.473145,0.000000
1622,-53.520838,-78.501608,0.000000
1623,-53.428399,-78.530371,0.000000
1624,-53.336403,-78.559433,0.000000
1625,-53.244843,-78.588792,0.000000
1626,-53.153712,-78.618446,0.000000
1627,-53.063003,-78.648394,0.000000
1628,-52.972708,-78.678635,0.000000
1629,-52.882820,-78.709166,0.000000
1630,-52.793332,-78.739987,0.000000
1631,-52.704234,-78.771096,0.000000
1632,-52.615520,-78.802492,0.000000
1633,-52.527180,-78.834172,0.000000
1634,-52.439206,-78.866137,0.000000
1635,-52.351591,-78.898384,0.000000
1636,-52.264328,-78.930913,0.000000
1637,-52.177408,-78.963721,0.000000
1638,-52.090822,-78.996809,0.000000
1639,-52.004560,-79.030174,0.000000
1640,-51.918613,-79.063815,0.000000
1641,-51.832972,-79.097732,0.000000
1642,-51.747626,-79.131923,0.000000
1643,-51.662566,-79.166387,0.000000
1644,-51.577783,-79.201123,0.000000
1645,-51.493264,-79.236129,0.000000
1646,-51.409001,-79.271407,0.000000
1647,-51.324982,-79.306953,0.000000
1648,-51.241195,-79.342767,0.000000
1649,-51.157629,-79.378849,0.000000
1650,-51.074272,-79.415197,0.000000
1651,-50.991111,-79.451811,0.000000
1652,-50.908133,-79.488690,0.000000
1653,-50.825325,-79.525833,0.000000
1654,-50.742672,-79.563240,0.000000
1655,-50.660160,-79.600910,0.000000
1656,-50.577773,-79.638843,0.000000
1657,-50.495495,-79.677037,0.000000
1658,-50.413306,-79.715493,0.000000
1659,-50.331203,-79.754210,0.000000
1660,-50.249167,-79.793188,0.000000
1661,-50.167180,-79.832427,0.000000
1662,-50.085222,-79.871925,0.000000
1663,-50.003276,-79.911684,0.000000
1664,-49.921320,-79.951702,0.000000
1665,-49.839335,-79.991981,0.000000
1666,-49.757299,-80.032519,0.000000
1667,-49.675192,-80.073317,0.000000
1668,-49.592989,-80.114375,0.000000
1669,-49.510669,-80.155694,0.000000
1670,-49.428205,-80.197273,0.000000
1671,-49.345572,-80.239113,0.000000
1672,-49.262743,-80.281215,0.000000
1673,-49.179688,-80.323579,0.000000
1674,-49.096376,-80.366205,0.000000
1675,-49.012775,-80.409095,0.000000
1676,-48.928850,-80.452249,0.000000
1677,-48.844565,-80.495669,0.000000
1678,-48.759879,-80.539355,0.000000
1679,-48.674751,-80.583309,0.000000
1680,-48.589135,-80.627532,0.000000
1681,-48.502984,-80.672026,0.000000
1682,-48.416245,-80.716792,0.000000
1683,-48.328883,-80.761832,0.000000
1684,-48.240847,-80.807149,0.000000
1685,-48.152077,-80.852743,0.000000
1686,-48.062507,-80.898619,0.000000
1687,-47.972067,-80.944778,0.000000
1688,-47.880684,-80.991223,0.000000
1689,-47.788280,-81.037956,0.000000
1690,-47.694771,-81.084983,0.000000
1691,-47.600066,-81.132305,0.000000
1692,-47.504067,-81.179928,0.000000
1693,-47.406666,-81.227854,0.000000
1694,-47.307746,-81.276089,0.000000
1695,-47.207177,-81.324638,0.000000
1696,-47.104817,-81.373506,0.000000
1697,-47.000506,-81.422699,0.000000
1698,-46.894066,-81.472223,0.000000
1699,-46.785298,-81.522085,0.000000
1700,-46.673980,-81.572293,0.000000
1701,-46.559856,-81.622856,0.000000
1702,-46.442640,-81.673782,0.000000
1703,-46.322028,-81.725082,0.000000
1704,-46.197732,-81.776767,0.000000
1705,-46.069331,-81.828849,0.000000
1706,-45.936353,-81.881341,0.000000
1707,-45.798258,-81.934260,0.000000
1708,-45.654425,-81.987621,0.000000
1709,-45.504126,-82.041443,0.000000
1710,-45.346497,-82.095749,0.000000
1711,-45.180498,-82.150562,0.000000
1712,-45.004860,-82.205910,0.000000
1713,-44.818004,-82.261825,0.000000
1714,-44.617938,-82.318345,0.000000
1715,-44.402090,-82.375512,0.000000
1716,-44.167251,-82.433380,0.000000
1717,-43.909334,-82.492011,0.000000
1718,-43.622429,-82.551483,0.000000
1719,-43.298358,-82.611891,0.000000
1720,-42.925147,-82.673359,0.000000
1721,-42.484015,-82.736051,0.000000
1722,-41.942852,-82.800192,0.000000
1723,-41.245627,-82.866116,0.000000
1724,-40.271968,-82.934341,0.000000
1725,-38.704120,-83.005790,0.000000
1726,-35.296744,-83.082441,0.000000
1727,-16.619487,-83.170424,0.000000
1728,0.000000,-83.320636,1.000000
1729,-58.000000,-83.526196,0.000000
1730,-57.880017,-83.538353,0.000000
1731,-57.760735,-83.550907,0.000000
1732,-57.642147,-83.563855,0.000000
1733,-57.524249,-83.577193,0.000000
1734,-57.407037,-83.590920,0.000000
1735,-57.290503,-83.605032,0.000000
1736,-57.174645,-83.619529,0.000000
1737,-57.059455,-83.634407,0.000000
1738,-56.944930,-83.649664,0.000000
1739,-56.831063,-83.665298,0.000000
1740,-56.717850,-83.681306,0.000000
1741,-56.605285,-83.697686,0.000000
1742,-56.493363,-83.714436,0.000000
1743,-56.382079,-83.731553,0.000000
1744,-56.271427,-83.749035,0.000000
1745,-56.161402,-83.766881,0.000000
1746,-56.051999,-83.785087,0.000000
1747,-55.943212,-83.803652,0.000000
1748,-55.835037,-83.822574,0.000000
1749,-55.727466,-83.841849,0.000000
1750,-55.620496,-83.861477,0.000000
1751,-55.514120,-83.881455,0.000000
1752,-55.408333,-83.901781,0.000000
1753,-55.303130,-83.922452,0.000000
1754,-55.198504,-83.943468,0.000000
1755,-55.094450,-83.964825,0.000000
1756,-54.990962,-83.986522,0.000000
1757,-54.888034,-84.008556,0.000000
1758,-54.785660,-84.030927,0.000000
1759,-54.683835,-84.053631,0.000000
1760,-54.582552,-84.076667,0.000000
1761,-54.481804,-84.100033,0.000000
1762,-54.381586,-84.123727,0.000000
1763,-54.281892,-84.147747,0.000000
1764,-54.182716,-84.172091,0.000000
1765,-54.084051,-84.196758,0.000000
1766,-53.985891,-84.221746,0.000000
1767,-53.888230,-84.247052,0.000000
1768,-53.791060,-84.272676,0.000000
1769,-53.694374,-84.298615,0.000000
1770,-53.598167,-84.324867,0.000000
1771,-53.502430,-84.351432,0.000000
1772,-53.407158,-84.378306,0.000000
1773,-53.312342,-84.405490,0.000000
1774,-53.217976,-84.432980,0.000000
1775,-53.124053,-84.460776,0.000000
1776,-53.030563,-84.488875,0.000000
1777,-52.937501,-84.517277,0.000000
1778,-52.844856,-84.545980,0.000000
1779,-52.752622,-84.574982,0.000000
1780,-52.660790,-84.604281,0.000000
1781,-52.569351,-84.633877,0.000000
1782,-52.478296,-84.663768,0.000000
1783,-52.387616,-84.693952,0.000000
1784,-52.297304,-84.724429,0.000000
1785,-52.207353,-84.755196,0.000000
1786,-52.117751,-84.786254,0.000000
1787,-52.028489,-84.817599,0.000000
1788,-51.939557,-84.849231,0.000000
1789,-51.850946,-84.881150,0.000000
1790,-51.762643,-84.913353,0.000000
1791,-51.674640,-84.945840,0.000000
1792,-51.586926,-84.978609,0.000000
1793,-51.499489,-85.011660,0.000000
1794,-51.412318,-85.044991,0.000000
1795,-51.325401,-85.078601,0.000000
1796,-51.238728,-85.112490,0.000000
1797,-51.152284,-85.146657,0.000000
1798,-51.066057,-85.181101,0.000000
1799,-50.980034,-85.215820,0.000000
1800,-50.894200,-85.250815,0.000000
1801,-50.808541,-85.286084,0.000000
1802,-50.723041,-85.321626,0.000000
1803,-50.637685,-85.357442,0.000000
1804,-50.552456,-85.393531,0.000000
1805,-50.467337,-85.429892,0.000000
1806,-50.382310,-85.466524,0.000000
1807,-50.297366,-85.503427,0.000000
1808,-50.212486,-85.540602,0.000000
1809,-50.127650,-85.578046,0.000000
1810,-50.042837,-85.615762,0.000000
1811,-49.958026,-85.653747,0.000000
1812,-49.873197,-85.692002,0.000000
1813,-49.788326,-85.730527,0.000000
1814,-49.703392,-85.769323,0.000000
1815,-49.618370,-85.808388,0.000000
1816,-49.533235,-85.847724,0.000000
1817,-49.447961,-85.887331,0.000000
1818,-49.362521,-85.927209,0.000000
1819,-49.276886,-85.967358,0.000000
1820,-49.191025,-86.007779,0.000000
1821,-49.104905,-86.048473,0.000000
1822,-49.018492,-86.089440,0.000000
1823,-48.931748,-86.130682,0.000000
1824,-48.844636,-86.172200,0.000000
1825,-48.757112,-86.213993,0.000000
1826,-48.669132,-86.256065,0.000000
1827,-48.580648,-86.298416,0.000000
1828,-48.491608,-86.341047,0.000000
1829,-48.401949,-86.383962,0.000000
1830,-48.311650,-86.427161,0.000000
1831,-48.220647,-86.470646,0.000000
1832,-48.128874,-86.514420,0.000000
1833,-48.036259,-86.558486,0.000000
1834,-47.942729,-86.602845,0.000000
1835,-47.848204,-86.647502,0.000000
1836,-47.752601,-86.692459,0.000000
1837,-47.655826,-86.737719,0.000000
1838,-47.557783,-86.783287,0.000000
1839,-47.458363,-86.829167,0.000000
1840,-47.357448,-86.875363,0.000000
1841,-47.254910,-86.921879,0.000000
1842,-47.150605,-86.968722,0.000000
1843,-47.044374,-87.015897,0.000000
1844,-46.936040,-87.063411,0.000000
1845,-46.825405,-87.111269,0.000000
1846,-46.712244,-87.159481,0.000000
1847,-46.596305,-87.208054,0.000000
1848,-46.477301,-87.256997,0.000000
1849,-46.354895,-87.306320,0.000000
1850,-46.228834,-87.356035,0.000000
1851,-46.098694,-87.406153,0.000000
1852,-45.963999,-87.456689,0.000000
1853,-45.824208,-87.507657,0.000000
1854,-45.678696,-87.559073,0.000000
1855,-45.526734,-87.610958,0.000000
1856,-45.367458,-87.663332,0.000000
1857,-45.199827,-87.716219,0.000000
1858,-45.022572,-87.769648,0.000000
1859,-44.834113,-87.823649,0.000000
1860,-44.632458,-87.878261,0.000000
1861,-44.415035,-87.933527,0.000000
1862,-44.178599,-87.989499,0.000000
1863,-43.919089,-88.046240,0.000000
1864,-43.630575,-88.103828,0.000000
1865,-43.304860,-88.162358,0.000000
1866,-42.929942,-88.221954,0.000000
1867,-42.486997,-88.282780,0.000000
1868,-41.943797,-88.345063,0.000000
1869,-41.244113,-88.409135,0.000000
1870,-40.266969,-88.475518,0.000000
1871,-38.692503,-88.545136,0.000000
1872,-35.262460,-88.619980,0.000000
1873,-16.260208,-88.706231,0.000000
1874,0.000000,-88.855795,1.000000
1875,-58.000000,-89.059510,0.000000
1876,-57.877250,-89.069823,0.000000
1877,-57.755218,-89.080543,0.000000
1878,-57.633898,-89.091665,0.000000
1879,-57.513285,-89.103188,0.000000
1880,-57.393374,-89.115109,0.000000
1881,-57.274159,-89.127426,0.000000
1882,-57.155634,-89.140137,0.000000
1883,-57.037795,-89.153238,0.000000
1884,-56.920637,-89.166727,0.000000
1885,-56.804153,-89.180603,0.000000
1886,-56.688338,-89.194862,0.000000
1887,-56.573187,-89.209503,0.000000
1888,-56.458695,-89.224522,0.000000
1889,-56.344855,-89.239919,0.000000
1890,-56.231663,-89.255689,0.000000
1891,-56.119113,-89.271832,0.000000
1892,-56.007200,-89.288344,0.000000
1893,-55.895917,-89.305224,0.000000
1894,-55.785259,-89.322469,0.000000
1895,-55.675222,-89.340077,0.000000
1896,-55.565798,-89.358047,0.000000
1897,-55.456982,-89.376375,0.000000
1898,-55.348768,-89.395059,0.000000
1899,-55.241151,-89.414098,0.000000
1900,-55.134124,-89.433490,0.000000
1901,-55.027683,-89.453231,0.000000
1902,-54.921819,-89.473321,0.000000
1903,-54.816528,-89.493758,0.000000
1904,-54.711803,-89.514538,0.000000
1905,-54.607638,-89.535660,0.000000
1906,-54.504025,-89.557123,0.000000
1907,-54.400959,-89.578924,0.000000
1908,-54.298434,-89.601061,0.000000
1909,-54.196444,-89.623533,0.000000
1910,-54.094982,-89.646337,0.000000
1911,-53.994040,-89.669471,0.000000
1912,-53.893612,-89.692935,0.000000
1913,-53.793691,-89.716725,0.000000
1914,-53.694270,-89.740840,0.000000
1915,-53.595342,-89.765279,0.000000
1916,-53.496900,-89.790039,0.000000
1917,-53.398935,-89.815120,0.000000
1918,-53.301442,-89.840518,0.000000
1919,-53.204411,-89.866233,0.000000
1920,-53.107836,-89.892263,0.000000
1921,-53.011708,-89.918606,0.000000
1922,-52.916018,-89.945261,0.000000
1923,-52.820759,-89.972226,0.000000
1924,-52.725922,-89.999499,0.000000
1925,-52.631497,-90.027080,0.000000
1926,-52.537475,-90.054966,0.000000
1927,-52.443846,-90.083156,0.000000
1928,-52.350603,-90.111648,0.000000
1929,-52.257738,-90.140443,0.000000
1930,-52.165240,-90.169537,0.000000
1931,-52.073099,-90.198929,0.000000
1932,-51.981305,-90.228619,0.000000
1933,-51.889847,-90.258605,0.000000
1934,-51.798714,-90.288886,0.000000
1935,-51.707895,-90.319461,0.000000
1936,-51.617380,-90.350328,0.000000
1937,-51.527156,-90.381487,0.000000
1938,-51.437212,-90.412936,0.000000
1939,-51.347535,-90.444674,0.000000
1940,-51.258114,-90.476701,0.000000
1941,-51.168934,-90.509015,0.000000
1942,-51.079981,-90.541615,0.000000
1943,-50.991243,-90.574501,0.000000
1944,-50.902704,-90.607672,0.000000
1945,-50.814348,-90.641127,0.000000
1946,-50.726159,-90.674866,0.000000
1947,-50.638121,-90.708887,0.000000
1948,-50.550216,-90.743190,0.000000
1949,-50.462425,-90.777775,0.000000
1950,-50.374730,-90.812641,0.000000
1951,-50.287121,-90.847788,0.000000
1952,-50.199578,-90.883215,0.000000
1953,-50.112078,-90.918922,0.000000
1954,-50.024600,-90.954909,0.000000
1955,-49.937121,-90.991175,0.000000
1956,-49.849620,-91.027721,0.000000
1957,-49.762072,-91.064546,0.000000
1958,-49.674452,-91.101651,0.000000
1959,-49.586734,-91.139036,0.000000
1960,-49.498893,-91.176700,0.000000
1961,-49.410899,-91.214645,0.000000
1962,-49.322723,-91.252870,0.000000
1963,-49.234333,-91.291377,0.000000
1964,-49.145696,-91.330165,0.000000
1965,-49.056776,-91.369236,0.000000
1966,-48.967534,-91.408591,0.000000
1967,-48.877931,-91.448229,0.000000
1968,-48.787924,-91.488153,0.000000
1969,-48.697465,-91.528364,0.000000
1970,-48.606506,-91.568863,0.000000
1971,-48.514992,-91.609652,0.000000
1972,-48.422866,-91.650732,0.000000
1973,-48.330083,-91.692105,0.000000
1974,-48.236592,-91.733774,0.000000
1975,-48.142323,-91.775741,0.000000
1976,-48.047202,-91.818008,0.000000
1977,-47.951151,-91.860578,0.000000
1978,-47.854088,-91.903454,0.000000
1979,-47.755924,-91.946639,0.000000
1980,-47.656564,-91.990137,0.000000
1981,-47.555904,-92.033952,0.000000
1982,-47.453832,-92.078088,0.000000
1983,-47.350224,-92.122549,0.000000
1984,-47.244943,-92.167341,0.000000
1985,-47.137839,-92.212468,0.000000
1986,-47.028744,-92.257938,0.000000
1987,-46.917471,-92.303756,0.000000
1988,-46.803808,-92.349930,0.000000
1989,-46.687518,-92.396467,0.000000
1990,-46.568332,-92.443377,0.000000
1991,-46.445941,-92.490668,0.000000
1992,-46.320016,-92.538351,0.000000
1993,-46.190250,-92.586438,0.000000
1994,-46.056189,-92.634942,0.000000
1995,-45.917322,-92.683876,0.000000
1996,-45.773065,-92.733257,0.000000
1997,-45.622742,-92.783102,0.000000
1998,-45.465556,-92.833432,0.000000
1999,-45.300556,-92.884269,0.000000
