0,-58.000000,0.000000,0.000000
1,-57.691800,0.000000,0.000000
2,-57.387784,0.000822,0.000000
3,-57.087880,0.002454,0.000000
4,-56.792019,0.004885,0.000000
5,-56.500128,0.008103,0.000000
6,-56.212136,0.012097,0.000000
7,-55.927968,0.016856,0.000000
8,-55.647549,0.022371,0.000000
9,-55.370802,0.028629,0.000000
10,-55.097648,0.035621,0.000000
11,-54.828004,0.043337,0.000000
12,-54.561788,0.051767,0.000000
13,-54.298912,0.060901,0.000000
14,-54.039284,0.070730,0.000000
15,-53.782812,0.081244,0.000000
16,-53.529397,0.092436,0.000000
17,-53.278934,0.104296,0.000000
18,-53.031316,0.116816,0.000000
19,-52.786428,0.129988,0.000000
20,-52.544148,0.143804,0.000000
21,-52.304348,0.158257,0.000000
22,-52.066891,0.173340,0.000000
23,-51.831631,0.189046,0.000000
24,-51.598410,0.205369,0.000000
25,-51.367060,0.222303,0.000000
26,-51.137399,0.239843,0.000000
27,-50.909231,0.257983,0.000000
28,-50.682341,0.276720,0.000000
29,-50.456495,0.296049,0.000000
30,-50.231438,0.315968,0.000000
31,-50.006888,0.336473,0.000000
32,-49.782531,0.357564,0.000000
33,-49.558021,0.379239,0.000000
34,-49.332968,0.401498,0.000000
35,-49.106935,0.424342,0.000000
36,-48.879424,0.447774,0.000000
37,-48.649867,0.471797,0.000000
38,-48.417609,0.496417,0.000000
39,-48.181887,0.521639,0.000000
40,-47.941808,0.547473,0.000000
41,-47.696306,0.573929,0.000000
42,-47.444102,0.601023,0.000000
43,-47.183636,0.628772,0.000000
44,-46.912972,0.657196,0.000000
45,-46.629670,0.686323,0.000000
46,-46.330586,0.716187,0.000000
47,-46.011576,0.746828,0.000000
48,-45.667013,0.778299,0.000000
49,-45.288996,0.810668,0.000000
50,-44.865954,0.844024,0.000000
51,-44.380020,0.878485,0.000000
52,-43.801625,0.914219,0.000000
53,-43.077015,0.951472,0.000000
54,-42.094280,0.990633,0.000000
55,-40.565253,1.032387,0.000000
56,-37.401709,1.078192,0.000000
57,-22.312477,1.132402,0.000000
58,0.000000,1.226814,1.000000
59,-58.000000,121.380662,0.000000
60,-57.785170,121.299742,0.000000
61,-57.573195,121.219448,0.000000
62,-57.364030,121.139773,0.000000
63,-57.157631,121.060710,0.000000
64,-56.953953,120.982249,0.000000
65,-56.752952,120.904383,0.000000
66,-56.554584,120.827106,0.000000
67,-56.358804,120.750409,0.000000
68,-56.165569,120.674285,0.000000
69,-55.974833,120.598727,0.000000
70,-55.786554,120.523729,0.000000
71,-55.600686,120.449282,0.000000
72,-55.417185,120.375381,0.000000
73,-55.236006,120.302018,0.000000
74,-55.057104,120.229187,0.000000
75,-54.880434,120.156882,0.000000
76,-54.705951,120.085096,0.000000
77,-54.533609,120.013824,0.000000
78,-54.363361,119.943058,0.000000
79,-54.195161,119.872794,0.000000
80,-54.028962,119.803025,0.000000
81,-53.864715,119.733746,0.000000
82,-53.702374,119.664951,0.000000
83,-53.541888,119.596634,0.000000
84,-53.383208,119.528792,0.000000
85,-53.226284,119.461417,0.000000
86,-53.071065,119.394506,0.000000
87,-52.917498,119.328054,0.000000
88,-52.765530,119.262055,0.000000
89,-52.615108,119.196506,0.000000
90,-52.466175,119.131401,0.000000
91,-52.318675,119.066737,0.000000
92,-52.172550,119.002509,0.000000
93,-52.027741,118.938714,0.000000
94,-51.884185,118.875348,0.000000
95,-51.741821,118.812406,0.000000
96,-51.600584,118.749886,0.000000
97,-51.460406,118.687785,0.000000
98,-51.321217,118.626099,0.000000
99,-51.182947,118.564825,0.000000
100,-51.045521,118.503960,0.000000
101,-50.908860,118.443503,0.000000
102,-50.772883,118.383450,0.000000
103,-50.637507,118.323800,0.000000
104,-50.502641,118.264551,0.000000
105,-50.368193,118.205701,0.000000
106,-50.234063,118.147249,0.000000
107,-50.100148,118.089193,0.000000
108,-49.966336,118.031533,0.000000
109,-49.832510,117.974269,0.000000
110,-49.698545,117.917399,0.000000
111,-49.564304,117.860925,0.000000
112,-49.429643,117.804846,0.000000
113,-49.294406,117.749164,0.000000
114,-49.158421,117.693879,0.000000
115,-49.021505,117.638994,0.000000
116,-48.883453,117.584511,0.000000
117,-48.744043,117.530432,0.000000
118,-48.603028,117.476761,0.000000
119,-48.460133,117.423502,0.000000
120,-48.315052,117.370659,0.000000
121,-48.167440,117.318238,0.000000
122,-48.016905,117.266246,0.000000
123,-47.863003,117.214690,0.000000
124,-47.705222,117.163579,0.000000
125,-47.542969,117.112923,0.000000
126,-47.375552,117.062733,0.000000
127,-47.202155,117.013023,0.000000
128,-47.021804,116.963809,0.000000
129,-46.833327,116.915108,0.000000
130,-46.635291,116.866942,0.000000
131,-46.425919,116.819337,0.000000
132,-46.202972,116.772322,0.000000
133,-45.963576,116.725932,0.000000
134,-45.703950,116.680212,0.000000
135,-45.418999,116.635215,0.000000
136,-45.101628,116.591007,0.000000
137,-44.741567,116.547676,0.000000
138,-44.323209,116.505333,0.000000
139,-43.821292,116.464134,0.000000
140,-43.191305,116.424301,0.000000
141,-42.344824,116.386175,0.000000
142,-41.070918,116.350331,0.000000
143,-38.681189,116.317909,0.000000
144,-30.783380,116.291880,0.000000
145,0.000000,116.286930,1.000000
146,-58.000000,236.364072,0.000000
147,-57.873619,236.206496,0.000000
148,-57.748834,236.049362,0.000000
149,-57.625620,235.892665,0.000000
150,-57.503956,235.736402,0.000000
151,-57.383818,235.580567,0.000000
152,-57.265183,235.425157,0.000000
153,-57.148029,235.270166,0.000000
154,-57.032333,235.115591,0.000000
155,-56.918075,234.961428,0.000000
156,-56.805231,234.807672,0.000000
157,-56.693782,234.654320,0.000000
158,-56.583704,234.501367,0.000000
159,-56.474978,234.348809,0.000000
160,-56.367582,234.196643,0.000000
161,-56.261497,234.044865,0.000000
162,-56.156701,233.893472,0.000000
163,-56.053174,233.742458,0.000000
164,-55.950898,233.591821,0.000000
165,-55.849850,233.441558,0.000000
166,-55.750014,233.291664,0.000000
167,-55.651368,233.142136,0.000000
168,-55.553894,232.992971,0.000000
169,-55.457573,232.844165,0.000000
170,-55.362386,232.695715,0.000000
171,-55.268315,232.547619,0.000000
172,-55.175341,232.399871,0.000000
173,-55.083446,232.252471,0.000000
174,-54.992612,232.105413,0.000000
175,-54.902822,231.958696,0.000000
176,-54.814057,231.812316,0.000000
177,-54.726300,231.666270,0.000000
178,-54.639535,231.520556,0.000000
179,-54.553742,231.375170,0.000000
180,-54.468907,231.230110,0.000000
181,-54.385012,231.085373,0.000000
182,-54.302040,230.940956,0.000000
183,-54.219974,230.796856,0.000000
184,-54.138799,230.653072,0.000000
185,-54.058499,230.509600,0.000000
186,-53.979056,230.366437,0.000000
187,-53.900457,230.223582,0.000000
188,-53.822683,230.081032,0.000000
189,-53.745721,229.938784,0.000000
190,-53.669554,229.796836,0.000000
191,-53.594168,229.655186,0.000000
192,-53.519546,229.513832,0.000000
193,-53.445675,229.372770,0.000000
194,-53.372538,229.232000,0.000000
195,-53.300122,229.091519,0.000000
196,-53.228411,228.951324,0.000000
197,-53.157391,228.811414,0.000000
198,-53.087048,228.671787,0.000000
199,-53.017366,228.532440,0.000000
200,-52.948333,228.393372,0.000000
201,-52.879933,228.254581,0.000000
202,-52.812153,228.116065,0.000000
203,-52.744979,227.977822,0.000000
204,-52.678397,227.839850,0.000000
205,-52.612393,227.702147,0.000000
206,-52.546953,227.564713,0.000000
207,-52.482065,227.427545,0.000000
208,-52.417713,227.290641,0.000000
209,-52.353886,227.154000,0.000000
210,-52.290569,227.017620,0.000000
211,-52.227750,226.881500,0.000000
212,-52.165414,226.745638,0.000000
213,-52.103549,226.610034,0.000000
214,-52.042142,226.474684,0.000000
215,-51.981180,226.339589,0.000000
216,-51.920648,226.204746,0.000000
217,-51.860536,226.070154,0.000000
218,-51.800828,225.935813,0.000000
219,-51.741513,225.801720,0.000000
220,-51.682577,225.667875,0.000000
221,-51.624008,225.534276,0.000000
222,-51.565792,225.400922,0.000000
223,-51.507917,225.267813,0.000000
224,-51.450368,225.134947,0.000000
225,-51.393135,225.002322,0.000000
226,-51.336202,224.869939,0.000000
227,-51.279557,224.737796,0.000000
228,-51.223187,224.605892,0.000000
229,-51.167079,224.474226,0.000000
230,-51.111218,224.342798,0.000000
231,-51.055593,224.211606,0.000000
232,-51.000188,224.080650,0.000000
233,-50.944992,223.949929,0.000000
234,-50.889989,223.819443,0.000000
235,-50.835166,223.689190,0.000000
236,-50.780508,223.559170,0.000000
237,-50.726002,223.429382,0.000000
238,-50.671633,223.299827,0.000000
239,-50.617386,223.170502,0.000000
240,-50.563247,223.041409,0.000000
241,-50.509200,222.912546,0.000000
242,-50.455230,222.783913,0.000000
243,-50.401321,222.655510,0.000000
244,-50.347457,222.527336,0.000000
245,-50.293622,222.399391,0.000000
246,-50.239798,222.271675,0.000000
247,-50.185970,222.144188,0.000000
248,-50.132119,222.016930,0.000000
249,-50.078226,221.889899,0.000000
250,-50.024275,221.763097,0.000000
251,-49.970244,221.636524,0.000000
252,-49.916115,221.510179,0.000000
253,-49.861868,221.384062,0.000000
254,-49.807480,221.258175,0.000000
255,-49.752931,221.132516,0.000000
256,-49.698197,221.007087,0.000000
257,-49.643255,220.881887,0.000000
258,-49.588081,220.756917,0.000000
259,-49.532649,220.632177,0.000000
260,-49.476932,220.507669,0.000000
261,-49.420903,220.383392,0.000000
262,-49.364531,220.259347,0.000000
263,-49.307788,220.135535,0.000000
264,-49.250640,220.011958,0.000000
265,-49.193053,219.888615,0.000000
266,-49.134993,219.765507,0.000000
267,-49.076420,219.642637,0.000000
268,-49.017296,219.520005,0.000000
269,-48.957577,219.397612,0.000000
270,-48.897219,219.275460,0.000000
271,-48.836174,219.153551,0.000000
272,-48.774391,219.031885,0.000000
273,-48.711815,218.910465,0.000000
274,-48.648388,218.789294,0.000000
275,-48.584046,218.668372,0.000000
276,-48.518723,218.547702,0.000000
277,-48.452345,218.427287,0.000000
278,-48.384834,218.307129,0.000000
279,-48.316104,218.187232,0.000000
280,-48.246062,218.067597,0.000000
281,-48.174607,217.948229,0.000000
282,-48.101629,217.829131,0.000000
283,-48.027006,217.710308,0.000000
284,-47.950605,217.591762,0.000000
285,-47.872278,217.473499,0.000000
286,-47.791864,217.355524,0.000000
287,-47.709180,217.237842,0.000000
288,-47.624025,217.120459,0.000000
289,-47.536172,217.003382,0.000000
290,-47.445366,216.886616,0.000000
291,-47.351318,216.770171,0.000000
292,-47.253700,216.654054,0.000000
293,-47.152137,216.538275,0.000000
294,-47.046196,216.422843,0.000000
295,-46.935377,216.307772,0.000000
296,-46.819093,216.193072,0.000000
297,-46.696658,216.078759,0.000000
298,-46.567254,215.964849,0.000000
299,-46.429899,215.851360,0.000000
300,-46.283405,215.738312,0.000000
301,-46.126310,215.625731,0.000000
302,-45.956791,215.513644,0.000000
303,-45.772542,215.402083,0.000000
304,-45.570581,215.291088,0.000000
305,-45.346970,215.180706,0.000000
306,-45.096367,215.070994,0.000000
307,-44.811288,214.962023,0.000000
308,-44.480821,214.853885,0.000000
309,-44.088235,214.746700,0.000000
310,-43.606147,214.640633,0.000000
311,-42.985585,214.535923,0.000000
312,-42.127135,214.432938,0.000000
313,-40.785340,214.332310,0.000000
314,-38.105658,214.235328,0.000000
315,-27.641225,214.145556,0.000000
316,0.000000,214.083749,1.000000
317,-58.000000,334.095693,0.000000
318,-57.948797,333.872962,0.000000
319,-57.898119,333.650517,0.000000
320,-57.847958,333.428355,0.000000
321,-57.798307,333.206475,0.000000
322,-57.749159,332.984875,0.000000
323,-57.700507,332.763554,0.000000
324,-57.652344,332.542510,0.000000
325,-57.604664,332.321742,0.000000
326,-57.557460,332.101249,0.000000
327,-57.510724,331.881028,0.000000
328,-57.464452,331.661079,0.000000
329,-57.418636,331.441400,0.000000
330,-57.373270,331.221989,0.000000
331,-57.328348,331.002846,0.000000
332,-57.283863,330.783968,0.000000
333,-57.239810,330.565355,0.000000
334,-57.196183,330.347005,0.000000
335,-57.152975,330.128918,0.000000
336,-57.110182,329.911090,0.000000
337,-57.067796,329.693522,0.000000
338,-57.025814,329.476213,0.000000
339,-56.984228,329.259160,0.000000
340,-56.943033,329.042362,0.000000
341,-56.902225,328.825819,0.000000
342,-56.861798,328.609529,0.000000
343,-56.821745,328.393492,0.000000
344,-56.782064,328.177705,0.000000
345,-56.742747,327.962167,0.000000
346,-56.703790,327.746879,0.000000
347,-56.665189,327.531837,0.000000
348,-56.626937,327.317042,0.000000
349,-56.589031,327.102492,0.000000
350,-56.551466,326.888187,0.000000
351,-56.514236,326.674124,0.000000
352,-56.477338,326.460303,0.000000
353,-56.440766,326.246723,0.000000
354,-56.404516,326.033384,0.000000
355,-56.368583,325.820283,0.000000
356,-56.332964,325.607419,0.000000
357,-56.297654,325.394793,0.000000
358,-56.262648,325.182403,0.000000
359,-56.227943,324.970248,0.000000
360,-56.193534,324.758326,0.000000
361,-56.159416,324.546638,0.000000
362,-56.125587,324.335182,0.000000
363,-56.092042,324.123957,0.000000
364,-56.058777,323.912962,0.000000
365,-56.025788,323.702197,0.000000
366,-55.993072,323.491660,0.000000
367,-55.960624,323.281350,0.000000
368,-55.928441,323.071268,0.000000
369,-55.896519,322.861411,0.000000
370,-55.864855,322.651780,0.000000
371,-55.833445,322.442372,0.000000
372,-55.802285,322.233188,0.000000
373,-55.771373,322.024226,0.000000
374,-55.740703,321.815487,0.000000
375,-55.710275,321.606968,0.000000
376,-55.680082,321.398669,0.000000
377,-55.650124,321.190590,0.000000
378,-55.620396,320.982729,0.000000
379,-55.590895,320.775086,0.000000
380,-55.561618,320.567660,0.000000
381,-55.532561,320.360451,0.000000
382,-55.503723,320.153457,0.000000
383,-55.475100,319.946678,0.000000
384,-55.446688,319.740114,0.000000
385,-55.418485,319.533762,0.000000
386,-55.390488,319.327624,0.000000
387,-55.362694,319.121697,0.000000
388,-55.335100,318.915982,0.000000
389,-55.307704,318.710478,0.000000
390,-55.280503,318.505184,0.000000
391,-55.253493,318.300099,0.000000
392,-55.226673,318.095223,0.000000
393,-55.200040,317.890555,0.000000
394,-55.173591,317.686095,0.000000
395,-55.147323,317.481841,0.000000
396,-55.121234,317.277794,0.000000
397,-55.095322,317.073952,0.000000
398,-55.069584,316.870315,0.000000
399,-55.044018,316.666883,0.000000
400,-55.018621,316.463654,0.000000
401,-54.993391,316.260629,0.000000
402,-54.968325,316.057806,0.000000
403,-54.943422,315.855185,0.000000
404,-54.918679,315.652766,0.000000
405,-54.894093,315.450547,0.000000
406,-54.869663,315.248529,0.000000
407,-54.845387,315.046711,0.000000
408,-54.821262,314.845093,0.000000
409,-54.797285,314.643672,0.000000
410,-54.773456,314.442451,0.000000
411,-54.749772,314.241426,0.000000
412,-54.726231,314.040599,0.000000
413,-54.702831,313.839969,0.000000
414,-54.679570,313.639535,0.000000
415,-54.656446,313.439296,0.000000
416,-54.633457,313.239253,0.000000
417,-54.610601,313.039404,0.000000
418,-54.587877,312.839750,0.000000
419,-54.565282,312.640289,0.000000
420,-54.542815,312.441021,0.000000
421,-54.520474,312.241946,0.000000
422,-54.498257,312.043064,0.000000
423,-54.476162,311.844373,0.000000
424,-54.454188,311.645874,0.000000
425,-54.432332,311.447565,0.000000
426,-54.410594,311.249447,0.000000
427,-54.388972,311.051519,0.000000
428,-54.367464,310.853781,0.000000
429,-54.346068,310.656232,0.000000
430,-54.324782,310.458872,0.000000
431,-54.303606,310.261700,0.000000
432,-54.282538,310.064716,0.000000
433,-54.261575,309.867919,0.000000
434,-54.240717,309.671310,0.000000
435,-54.219963,309.474887,0.000000
436,-54.199309,309.278650,0.000000
437,-54.178756,309.082600,0.000000
438,-54.158302,308.886735,0.000000
439,-54.137945,308.691055,0.000000
440,-54.117684,308.495559,0.000000
441,-54.097518,308.300249,0.000000
442,-54.077444,308.105122,0.000000
443,-54.057463,307.910178,0.000000
444,-54.037572,307.715418,0.000000
445,-54.017770,307.520841,0.000000
446,-53.998056,307.326447,0.000000
447,-53.978429,307.132234,0.000000
448,-53.958887,306.938204,0.000000
449,-53.939430,306.744354,0.000000
450,-53.920055,306.550686,0.000000
451,-53.900762,306.357199,0.000000
452,-53.881549,306.163892,0.000000
453,-53.862416,305.970766,0.000000
454,-53.843361,305.777819,0.000000
455,-53.824382,305.585051,0.000000
456,-53.805480,305.392463,0.000000
457,-53.786652,305.200053,0.000000
458,-53.767898,305.007822,0.000000
459,-53.749217,304.815769,0.000000
460,-53.730607,304.623894,0.000000
461,-53.712067,304.432196,0.000000
462,-53.693597,304.240676,0.000000
463,-53.675195,304.049333,0.000000
464,-53.656860,303.858166,0.000000
465,-53.638591,303.667176,0.000000
466,-53.620388,303.476361,0.000000
467,-53.602248,303.285723,0.000000
468,-53.584172,303.095260,0.000000
469,-53.566159,302.904972,0.000000
470,-53.548206,302.714858,0.000000
471,-53.530314,302.524920,0.000000
472,-53.512481,302.335156,0.000000
473,-53.494707,302.145566,0.000000
474,-53.476991,301.956150,0.000000
475,-53.459331,301.766907,0.000000
476,-53.441726,301.577837,0.000000
477,-53.424177,301.388941,0.000000
478,-53.406682,301.200217,0.000000
479,-53.389240,301.011666,0.000000
480,-53.371850,300.823287,0.000000
481,-53.354512,300.635080,0.000000
482,-53.337224,300.447044,0.000000
483,-53.319986,300.259180,0.000000
484,-53.302797,300.071487,0.000000
485,-53.285656,299.883966,0.000000
486,-53.268563,299.696615,0.000000
487,-53.251516,299.509434,0.000000
488,-53.234515,299.322424,0.000000
489,-53.217559,299.135583,0.000000
490,-53.200647,298.948913,0.000000
491,-53.183779,298.762412,0.000000
492,-53.166954,298.576080,0.000000
493,-53.150170,298.389918,0.000000
494,-53.133428,298.203924,0.000000
495,-53.116727,298.018099,0.000000
496,-53.100065,297.832442,0.000000
497,-53.083442,297.646954,0.000000
498,-53.066858,297.461633,0.000000
499,-53.050312,297.276480,0.000000
500,-53.033802,297.091495,0.000000
501,-53.017329,296.906677,0.000000
502,-53.000892,296.722027,0.000000
503,-52.984489,296.537543,0.000000
504,-52.968121,296.353226,0.000000
505,-52.951787,296.169076,0.000000
506,-52.935485,295.985091,0.000000
507,-52.919216,295.801273,0.000000
508,-52.902979,295.617621,0.000000
509,-52.886773,295.434135,0.000000
510,-52.870597,295.250814,0.000000
511,-52.854452,295.067659,0.000000
512,-52.838335,294.884668,0.000000
513,-52.822247,294.701843,0.000000
514,-52.806187,294.519182,0.000000
515,-52.790155,294.336687,0.000000
516,-52.774149,294.154355,0.000000
517,-52.758170,293.972188,0.000000
518,-52.742216,293.790184,0.000000
519,-52.726287,293.608345,0.000000
520,-52.710383,293.426669,0.000000
521,-52.694502,293.245157,0.000000
522,-52.678645,293.063808,0.000000
523,-52.662811,292.882623,0.000000
524,-52.646999,292.701600,0.000000
525,-52.631208,292.520741,0.000000
526,-52.615439,292.340044,0.000000
527,-52.599690,292.159509,0.000000
528,-52.583961,291.979137,0.000000
529,-52.568251,291.798927,0.000000
530,-52.552561,291.618879,0.000000
531,-52.536889,291.438993,0.000000
532,-52.521234,291.259268,0.000000
533,-52.505597,291.079706,0.000000
534,-52.489977,290.900304,0.000000
535,-52.474373,290.721064,0.000000
536,-52.458785,290.541985,0.000000
537,-52.443211,290.363067,0.000000
538,-52.427653,290.184310,0.000000
539,-52.412109,290.005713,0.000000
540,-52.396578,289.827277,0.000000
541,-52.381061,289.649001,0.000000
542,-52.365556,289.470886,0.000000
543,-52.350063,289.292930,0.000000
544,-52.334582,289.115135,0.000000
545,-52.319112,288.937499,0.000000
546,-52.303653,288.760023,0.000000
547,-52.288204,288.582707,0.000000
548,-52.272764,288.405550,0.000000
549,-52.257334,288.228552,0.000000
550,-52.241912,288.051714,0.000000
551,-52.226499,287.875034,0.000000
552,-52.211093,287.698513,0.000000
553,-52.195694,287.522151,0.000000
554,-52.180303,287.345948,0.000000
555,-52.164917,287.169903,0.000000
556,-52.149537,286.994017,0.000000
557,-52.134162,286.818289,0.000000
558,-52.118792,286.642719,0.000000
559,-52.103426,286.467307,0.000000
560,-52.088064,286.292053,0.000000
561,-52.072706,286.116957,0.000000
562,-52.057350,285.942018,0.000000
563,-52.041996,285.767237,0.000000
564,-52.026645,285.592614,0.000000
565,-52.011294,285.418148,0.000000
566,-51.995945,285.243839,0.000000
567,-51.980596,285.069687,0.000000
568,-51.965247,284.895692,0.000000
569,-51.949897,284.721854,0.000000
570,-51.934546,284.548174,0.000000
571,-51.919194,284.374649,0.000000
572,-51.903840,284.201282,0.000000
573,-51.888483,284.028071,0.000000
574,-51.873123,283.855016,0.000000
575,-51.857760,283.682118,0.000000
576,-51.842393,283.509375,0.000000
577,-51.827021,283.336790,0.000000
578,-51.811644,283.164360,0.000000
579,-51.796262,282.992086,0.000000
580,-51.780874,282.819968,0.000000
581,-51.765480,282.648005,0.000000
582,-51.750078,282.476199,0.000000
583,-51.734669,282.304548,0.000000
584,-51.719252,282.133052,0.000000
585,-51.703827,281.961712,0.000000
586,-51.688392,281.790527,0.000000
587,-51.672949,281.619498,0.000000
588,-51.657495,281.448624,0.000000
589,-51.642030,281.277905,0.000000
590,-51.626555,281.107341,0.000000
591,-51.611068,280.936932,0.000000
592,-51.595569,280.766678,0.000000
593,-51.580057,280.596578,0.000000
594,-51.564532,280.426634,0.000000
595,-51.548993,280.256844,0.000000
596,-51.533441,280.087209,0.000000
597,-51.517873,279.917728,0.000000
598,-51.502290,279.748402,0.000000
599,-51.486691,279.579230,0.000000
600,-51.471076,279.410213,0.000000
601,-51.455443,279.241350,0.000000
602,-51.439793,279.072641,0.000000
603,-51.424125,278.904087,0.000000
604,-51.408438,278.735686,0.000000
605,-51.392732,278.567440,0.000000
606,-51.377006,278.399348,0.000000
607,-51.361260,278.231409,0.000000
608,-51.345492,278.063625,0.000000
609,-51.329703,277.895995,0.000000
610,-51.313891,277.728518,0.000000
611,-51.298056,277.561195,0.000000
612,-51.282198,277.394026,0.000000
613,-51.266315,277.227011,0.000000
614,-51.250408,277.060150,0.000000
615,-51.234475,276.893442,0.000000
616,-51.218516,276.726888,0.000000
617,-51.202530,276.560487,0.000000
618,-51.186517,276.394240,0.000000
619,-51.170476,276.228146,0.000000
620,-51.154405,276.062206,0.000000
621,-51.138305,275.896420,0.000000
622,-51.122175,275.730787,0.000000
623,-51.106014,275.565307,0.000000
624,-51.089821,275.399981,0.000000
625,-51.073596,275.234808,0.000000
626,-51.057337,275.069789,0.000000
627,-51.041045,274.904922,0.000000
628,-51.024717,274.740210,0.000000
629,-51.008355,274.575650,0.000000
630,-50.991956,274.411244,0.000000
631,-50.975519,274.246992,0.000000
632,-50.959045,274.082892,0.000000
633,-50.942532,273.918946,0.000000
634,-50.925980,273.755153,0.000000
635,-50.909387,273.591514,0.000000
636,-50.892753,273.428028,0.000000
637,-50.876076,273.264695,0.000000
638,-50.859356,273.101516,0.000000
639,-50.842593,272.938490,0.000000
640,-50.825784,272.775617,0.000000
641,-50.808930,272.612898,0.000000
642,-50.792028,272.450332,0.000000
643,-50.775079,272.287920,0.000000
644,-50.758081,272.125661,0.000000
645,-50.741033,271.963556,0.000000
646,-50.723934,271.801604,0.000000
647,-50.706783,271.639806,0.000000
648,-50.689579,271.478161,0.000000
649,-50.672321,271.316670,0.000000
650,-50.655007,271.155333,0.000000
651,-50.637637,270.994150,0.000000
652,-50.620210,270.833120,0.000000
653,-50.602724,270.672244,0.000000
654,-50.585178,270.511522,0.000000
655,-50.567571,270.350954,0.000000
656,-50.549901,270.190539,0.000000
657,-50.532167,270.030279,0.000000
658,-50.514369,269.870173,0.000000
659,-50.496503,269.710222,0.000000
660,-50.478571,269.550424,0.000000
661,-50.460569,269.390781,0.000000
662,-50.442496,269.231292,0.000000
663,-50.424351,269.071958,0.000000
664,-50.406133,268.912778,0.000000
665,-50.387839,268.753754,0.000000
666,-50.369469,268.594884,0.000000
667,-50.351020,268.436168,0.000000
668,-50.332491,268.277608,0.000000
669,-50.313881,268.119203,0.000000
670,-50.295187,267.960953,0.000000
671,-50.276408,267.802859,0.000000
672,-50.257543,267.644920,0.000000
673,-50.238588,267.487136,0.000000
674,-50.219542,267.329509,0.000000
675,-50.200404,267.172037,0.000000
676,-50.181171,267.014721,0.000000
677,-50.161841,266.857562,0.000000
678,-50.142413,266.700558,0.000000
679,-50.122883,266.543712,0.000000
680,-50.103250,266.387021,0.000000
681,-50.083512,266.230488,0.000000
682,-50.063665,266.074112,0.000000
683,-50.043708,265.917892,0.000000
684,-50.023639,265.761831,0.000000
685,-50.003453,265.605926,0.000000
686,-49.983150,265.450180,0.000000
687,-49.962726,265.294591,0.000000
688,-49.942179,265.139161,0.000000
689,-49.921505,264.983889,0.000000
690,-49.900702,264.828776,0.000000
691,-49.879766,264.673821,0.000000
692,-49.858695,264.519026,0.000000
693,-49.837485,264.364390,0.000000
694,-49.816133,264.209914,0.000000
695,-49.794635,264.055598,0.000000
696,-49.772988,263.901442,0.000000
697,-49.751189,263.747446,0.000000
698,-49.729233,263.593611,0.000000
699,-49.707116,263.439938,0.000000
700,-49.684835,263.286425,0.000000
701,-49.662385,263.133075,0.000000
702,-49.639761,262.979886,0.000000
703,-49.616961,262.826861,0.000000
704,-49.593978,262.673997,0.000000
705,-49.570808,262.521297,0.000000
706,-49.547447,262.368761,0.000000
707,-49.523888,262.216389,0.000000
708,-49.500126,262.064181,0.000000
709,-49.476157,261.912138,0.000000
710,-49.451974,261.760260,0.000000
711,-49.427571,261.608548,0.000000
712,-49.402943,261.457002,0.000000
713,-49.378082,261.305623,0.000000
714,-49.352981,261.154411,0.000000
715,-49.327635,261.003366,0.000000
716,-49.302035,260.852491,0.000000
717,-49.276175,260.701783,0.000000
718,-49.250046,260.551246,0.000000
719,-49.223640,260.400878,0.000000
720,-49.196948,260.250681,0.000000
721,-49.169962,260.100656,0.000000
722,-49.142672,259.950802,0.000000
723,-49.115068,259.801121,0.000000
724,-49.087141,259.651613,0.000000
725,-49.058879,259.502280,0.000000
726,-49.030271,259.353121,0.000000
727,-49.001307,259.204138,0.000000
728,-48.971972,259.055332,0.000000
729,-48.942256,258.906703,0.000000
730,-48.912143,258.758253,0.000000
731,-48.881620,258.609982,0.000000
732,-48.850672,258.461891,0.000000
733,-48.819283,258.313981,0.000000
734,-48.787437,258.166254,0.000000
735,-48.755116,258.018710,0.000000
736,-48.722302,257.871350,0.000000
737,-48.688975,257.724176,0.000000
738,-48.655115,257.577190,0.000000
739,-48.620700,257.430391,0.000000
740,-48.585707,257.283783,0.000000
741,-48.550112,257.137365,0.000000
742,-48.513888,256.991140,0.000000
743,-48.477009,256.845108,0.000000
744,-48.439444,256.699273,0.000000
745,-48.401163,256.553635,0.000000
746,-48.362132,256.408196,0.000000
747,-48.322316,256.262958,0.000000
748,-48.281676,256.117924,0.000000
749,-48.240172,255.973094,0.000000
750,-48.197761,255.828471,0.000000
751,-48.154395,255.684058,0.000000
752,-48.110023,255.539857,0.000000
753,-48.064592,255.395870,0.000000
754,-48.018042,255.252101,0.000000
755,-47.970309,255.108551,0.000000
756,-47.921326,254.965225,0.000000
757,-47.871016,254.822125,0.000000
758,-47.819298,254.679254,0.000000
759,-47.766083,254.536616,0.000000
760,-47.711273,254.394216,0.000000
761,-47.654762,254.252056,0.000000
762,-47.596431,254.110142,0.000000
763,-47.536152,253.968478,0.000000
764,-47.473780,253.827069,0.000000
765,-47.409156,253.685921,0.000000
766,-47.342102,253.545040,0.000000
767,-47.272419,253.404431,0.000000
768,-47.199884,253.264101,0.000000
769,-47.124246,253.124059,0.000000
770,-47.045219,252.984311,0.000000
771,-46.962478,252.844868,0.000000
772,-46.875651,252.705738,0.000000
773,-46.784307,252.566932,0.000000
774,-46.687950,252.428463,0.000000
775,-46.585997,252.290343,0.000000
776,-46.477763,252.152587,0.000000
777,-46.362433,252.015211,0.000000
778,-46.239029,251.878234,0.000000
779,-46.106363,251.741678,0.000000
780,-45.962977,251.605567,0.000000
781,-45.807051,251.469928,0.000000
782,-45.636278,251.334796,0.000000
783,-45.447680,251.200210,0.000000
784,-45.237318,251.066216,0.000000
785,-44.999854,250.932872,0.000000
786,-44.727803,250.800250,0.000000
787,-44.410256,250.668443,0.000000
788,-44.030490,250.537570,0.000000
789,-43.561143,250.407797,0.000000
790,-42.953305,250.279362,0.000000
791,-42.107768,250.152634,0.000000
792,-40.779911,250.028244,0.000000
793,-38.120219,249.907479,0.000000
794,-27.759901,249.793887,0.000000
795,0.000000,249.707998,1.000000
796,-58.000000,369.696193,0.000000
797,-57.976182,369.449728,0.000000
798,-57.952498,369.203492,0.000000
799,-57.928947,368.957483,0.000000
800,-57.905527,368.711701,0.000000
801,-57.882235,368.466145,0.000000
802,-57.859071,368.220815,0.000000
803,-57.836032,367.975710,0.000000
804,-57.813118,367.730830,0.000000
805,-57.790326,367.486175,0.000000
806,-57.767656,367.241743,0.000000
807,-57.745104,366.997535,0.000000
808,-57.722671,366.753550,0.000000
809,-57.700354,366.509787,0.000000
810,-57.678152,366.266246,0.000000
811,-57.656064,366.022927,0.000000
812,-57.634087,365.779829,0.000000
813,-57.612222,365.536951,0.000000
814,-57.590465,365.294294,0.000000
815,-57.568816,365.051857,0.000000
816,-57.547274,364.809638,0.000000
817,-57.525837,364.567639,0.000000
818,-57.504504,364.325859,0.000000
819,-57.483273,364.084296,0.000000
820,-57.462144,363.842951,0.000000
821,-57.441114,363.601823,0.000000
822,-57.420183,363.360913,0.000000
823,-57.399350,363.120218,0.000000
824,-57.378613,362.879740,0.000000
825,-57.357970,362.639477,0.000000
826,-57.337422,362.399429,0.000000
827,-57.316966,362.159597,0.000000
828,-57.296602,361.919978,0.000000
829,-57.276328,361.680574,0.000000
830,-57.256143,361.441384,0.000000
831,-57.236047,361.202406,0.000000
832,-57.216037,360.963642,0.000000
833,-57.196113,360.725090,0.000000
834,-57.176274,360.486750,0.000000
835,-57.156519,360.248622,0.000000
836,-57.136847,360.010706,0.000000
837,-57.117256,359.773000,0.000000
838,-57.097747,359.535506,0.000000
839,-57.078316,359.298221,0.000000
840,-57.058965,359.061147,0.000000
841,-57.039691,358.824282,0.000000
842,-57.020494,358.587627,0.000000
843,-57.001373,358.351181,0.000000
844,-56.982327,358.114943,0.000000
845,-56.963355,357.878913,0.000000
846,-56.944456,357.643092,0.000000
847,-56.925630,357.407478,0.000000
848,-56.906874,357.172071,0.000000
849,-56.888189,356.936872,0.000000
850,-56.869573,356.701878,0.000000
851,-56.851027,356.467092,0.000000
852,-56.832548,356.232511,0.000000
853,-56.814136,355.998136,0.000000
854,-56.795790,355.763966,0.000000
855,-56.777510,355.530001,0.000000
856,-56.759295,355.296241,0.000000
857,-56.741143,355.062686,0.000000
858,-56.723054,354.829334,0.000000
859,-56.705028,354.596186,0.000000
860,-56.687063,354.363242,0.000000
861,-56.669159,354.130501,0.000000
862,-56.651315,353.897963,0.000000
863,-56.633531,353.665628,0.000000
864,-56.615805,353.433494,0.000000
865,-56.598137,353.201563,0.000000
866,-56.580526,352.969834,0.000000
867,-56.562972,352.738306,0.000000
868,-56.545474,352.506979,0.000000
869,-56.528031,352.275853,0.000000
870,-56.510642,352.044928,0.000000
871,-56.493308,351.814203,0.000000
872,-56.476026,351.583678,0.000000
873,-56.458797,351.353353,0.000000
874,-56.441620,351.123227,0.000000
875,-56.424495,350.893301,0.000000
876,-56.407420,350.663573,0.000000
877,-56.390395,350.434044,0.000000
878,-56.373420,350.204714,0.000000
879,-56.356494,349.975582,0.000000
880,-56.339617,349.746647,0.000000
881,-56.322787,349.517910,0.000000
882,-56.306004,349.289371,0.000000
883,-56.289268,349.061029,0.000000
884,-56.272578,348.832883,0.000000
885,-56.255934,348.604935,0.000000
886,-56.239335,348.377182,0.000000
887,-56.222780,348.149626,0.000000
888,-56.206270,347.922265,0.000000
889,-56.189802,347.695100,0.000000
890,-56.173378,347.468131,0.000000
891,-56.156997,347.241356,0.000000
892,-56.140657,347.014777,0.000000
893,-56.124359,346.788392,0.000000
894,-56.108102,346.562201,0.000000
895,-56.091885,346.336205,0.000000
896,-56.075708,346.110402,0.000000
897,-56.059571,345.884794,0.000000
898,-56.043473,345.659378,0.000000
899,-56.027414,345.434156,0.000000
900,-56.011393,345.209127,0.000000
901,-55.995410,344.984290,0.000000
902,-55.979464,344.759646,0.000000
903,-55.963555,344.535195,0.000000
904,-55.947683,344.310935,0.000000
905,-55.931847,344.086867,0.000000
906,-55.916046,343.862991,0.000000
907,-55.900281,343.639306,0.000000
908,-55.884550,343.415813,0.000000
909,-55.868854,343.192510,0.000000
910,-55.853192,342.969398,0.000000
911,-55.837564,342.746477,0.000000
912,-55.821969,342.523746,0.000000
913,-55.806406,342.301205,0.000000
914,-55.790877,342.078853,0.000000
915,-55.775379,341.856692,0.000000
916,-55.759913,341.634720,0.000000
917,-55.744479,341.412937,0.000000
918,-55.729076,341.191343,0.000000
919,-55.713703,340.969938,0.000000
920,-55.698361,340.748721,0.000000
921,-55.683049,340.527693,0.000000
922,-55.667766,340.306853,0.000000
923,-55.652513,340.086201,0.000000
924,-55.637289,339.865737,0.000000
925,-55.622093,339.645460,0.000000
926,-55.606926,339.425371,0.000000
927,-55.591787,339.205469,0.000000
928,-55.576675,338.985754,0.000000
929,-55.561591,338.766226,0.000000
930,-55.546534,338.546884,0.000000
931,-55.531504,338.327729,0.000000
932,-55.516501,338.108760,0.000000
933,-55.501523,337.889976,0.000000
934,-55.486571,337.671379,0.000000
935,-55.471645,337.452967,0.000000
936,-55.456745,337.234741,0.000000
937,-55.441869,337.016700,0.000000
938,-55.427018,336.798844,0.000000
939,-55.412192,336.581172,0.000000
940,-55.397389,336.363686,0.000000
941,-55.382611,336.146384,0.000000
942,-55.367856,335.929266,0.000000
943,-55.353125,335.712332,0.000000
944,-55.338417,335.495582,0.000000
945,-55.323731,335.279016,0.000000
946,-55.309069,335.062633,0.000000
947,-55.294428,334.846434,0.000000
948,-55.279810,334.630418,0.000000
949,-55.265213,334.414585,0.000000
950,-55.250639,334.198934,0.000000
951,-55.236085,333.983467,0.000000
952,-55.221553,333.768182,0.000000
953,-55.207041,333.553079,0.000000
954,-55.192550,333.338158,0.000000
955,-55.178080,333.123419,0.000000
956,-55.163630,332.908862,0.000000
957,-55.149199,332.694486,0.000000
958,-55.134789,332.480292,0.000000
959,-55.120398,332.266279,0.000000
960,-55.106026,332.052447,0.000000
961,-55.091673,331.838796,0.000000
962,-55.077339,331.625326,0.000000
963,-55.063024,331.412036,0.000000
964,-55.048727,331.198926,0.000000
965,-55.034449,330.985997,0.000000
966,-55.020188,330.773248,0.000000
967,-55.005946,330.560679,0.000000
968,-54.991721,330.348289,0.000000
969,-54.977513,330.136079,0.000000
970,-54.963322,329.924048,0.000000
971,-54.949149,329.712197,0.000000
972,-54.934992,329.500524,0.000000
973,-54.920852,329.289030,0.000000
974,-54.906729,329.077716,0.000000
975,-54.892621,328.866579,0.000000
976,-54.878530,328.655621,0.000000
977,-54.864455,328.444841,0.000000
978,-54.850395,328.234239,0.000000
979,-54.836351,328.023816,0.000000
980,-54.822322,327.813569,0.000000
981,-54.808308,327.603501,0.000000
982,-54.794309,327.393610,0.000000
983,-54.780325,327.183896,0.000000
984,-54.766356,326.974359,0.000000
985,-54.752401,326.764999,0.000000
986,-54.738461,326.555816,0.000000
987,-54.724534,326.346810,0.000000
988,-54.710622,326.137980,0.000000
989,-54.696723,325.929326,0.000000
990,-54.682838,325.720849,0.000000
991,-54.668966,325.512547,0.000000
992,-54.655108,325.304421,0.000000
993,-54.641263,325.096472,0.000000
994,-54.627431,324.888697,0.000000
995,-54.613611,324.681098,0.000000
996,-54.599805,324.473675,0.000000
997,-54.586010,324.266426,0.000000
998,-54.572229,324.059352,0.000000
999,-54.558459,323.852454,0.000000
1000,-54.544701,323.645729,0.000000
1001,-54.530956,323.439180,0.000000
1002,-54.517222,323.232804,0.000000
1003,-54.503499,323.026603,0.000000
1004,-54.489788,322.820576,0.000000
1005,-54.476089,322.614723,0.000000
1006,-54.462401,322.409044,0.000000
1007,-54.448723,322.203538,0.000000
1008,-54.435057,321.998206,0.000000
1009,-54.421401,321.793047,0.000000
1010,-54.407756,321.588061,0.000000
1011,-54.394121,321.383248,0.000000
1012,-54.380497,321.178608,0.000000
1013,-54.366883,320.974141,0.000000
1014,-54.353279,320.769847,0.000000
1015,-54.339685,320.565725,0.000000
1016,-54.326100,320.361775,0.000000
1017,-54.312526,320.157998,0.000000
1018,-54.298961,319.954392,0.000000
1019,-54.285405,319.750959,0.000000
1020,-54.271858,319.547697,0.000000
1021,-54.258321,319.344607,0.000000
1022,-54.244792,319.141688,0.000000
1023,-54.231273,318.938941,0.000000
1024,-54.217762,318.736365,0.000000
1025,-54.204260,318.533960,0.000000
1026,-54.190766,318.331726,0.000000
1027,-54.177281,318.129663,0.000000
1028,-54.163804,317.927770,0.000000
1029,-54.150335,317.726048,0.000000
1030,-54.136874,317.524497,0.000000
1031,-54.123421,317.323116,0.000000
1032,-54.109976,317.121904,0.000000
1033,-54.096538,316.920863,0.000000
1034,-54.083108,316.719992,0.000000
1035,-54.069685,316.519290,0.000000
1036,-54.056269,316.318758,0.000000
1037,-54.042861,316.118396,0.000000
1038,-54.029459,315.918202,0.000000
1039,-54.016065,315.718178,0.000000
1040,-54.002677,315.518323,0.000000
1041,-53.989296,315.318637,0.000000
1042,-53.975921,315.119120,0.000000
1043,-53.962553,314.919772,0.000000
1044,-53.949191,314.720592,0.000000
1045,-53.935836,314.521580,0.000000
1046,-53.922486,314.322737,0.000000
1047,-53.909143,314.124062,0.000000
1048,-53.895805,313.925555,0.000000
1049,-53.882473,313.727215,0.000000
1050,-53.869147,313.529044,0.000000
1051,-53.855826,313.331040,0.000000
1052,-53.842510,313.133204,0.000000
1053,-53.829200,312.935535,0.000000
1054,-53.815895,312.738034,0.000000
1055,-53.802595,312.540699,0.000000
1056,-53.789300,312.343532,0.000000
1057,-53.776010,312.146531,0.000000
1058,-53.762725,311.949698,0.000000
1059,-53.749444,311.753031,0.000000
1060,-53.736167,311.556530,0.000000
1061,-53.722896,311.360196,0.000000
1062,-53.709628,311.164028,0.000000
1063,-53.696364,310.968026,0.000000
1064,-53.683105,310.772191,0.000000
1065,-53.669849,310.576521,0.000000
1066,-53.656597,310.381017,0.000000
1067,-53.643349,310.185679,0.000000
1068,-53.630105,309.990506,0.000000
1069,-53.616864,309.795499,0.000000
1070,-53.603626,309.600657,0.000000
1071,-53.590392,309.405980,0.000000
1072,-53.577161,309.211468,0.000000
1073,-53.563933,309.017122,0.000000
1074,-53.550708,308.822940,0.000000
1075,-53.537485,308.628922,0.000000
1076,-53.524266,308.435070,0.000000
1077,-53.511049,308.241382,0.000000
1078,-53.497834,308.047858,0.000000
1079,-53.484622,307.854499,0.000000
1080,-53.471412,307.661303,0.000000
1081,-53.458204,307.468272,0.000000
1082,-53.444999,307.275405,0.000000
1083,-53.431795,307.082701,0.000000
1084,-53.418593,306.890161,0.000000
1085,-53.405393,306.697785,0.000000
1086,-53.392194,306.505572,0.000000
1087,-53.378997,306.313522,0.000000
1088,-53.365801,306.121636,0.000000
1089,-53.352607,305.929913,0.000000
1090,-53.339414,305.738352,0.000000
1091,-53.326221,305.546955,0.000000
1092,-53.313030,305.355721,0.000000
1093,-53.299839,305.164649,0.000000
1094,-53.286650,304.973739,0.000000
1095,-53.273460,304.782992,0.000000
1096,-53.260271,304.592408,0.000000
1097,-53.247083,304.401986,0.000000
1098,-53.233895,304.211725,0.000000
1099,-53.220707,304.021627,0.000000
1100,-53.207519,303.831691,0.000000
1101,-53.194330,303.641916,0.000000
1102,-53.181142,303.452303,0.000000
1103,-53.167953,303.262852,0.000000
1104,-53.154764,303.073562,0.000000
1105,-53.141574,302.884434,0.000000
1106,-53.128384,302.695467,0.000000
1107,-53.115192,302.506661,0.000000
1108,-53.102000,302.318016,0.000000
1109,-53.088807,302.129532,0.000000
1110,-53.075612,301.941209,0.000000
1111,-53.062417,301.753046,0.000000
1112,-53.049220,301.565045,0.000000
1113,-53.036021,301.377203,0.000000
1114,-53.022820,301.189522,0.000000
1115,-53.009618,301.002002,0.000000
1116,-52.996414,300.814642,0.000000
1117,-52.983208,300.627441,0.000000
1118,-52.970000,300.440401,0.000000
1119,-52.956789,300.253521,0.000000
1120,-52.943576,300.066800,0.000000
1121,-52.930361,299.880240,0.000000
1122,-52.917143,299.693839,0.000000
1123,-52.903922,299.507597,0.000000
1124,-52.890698,299.321515,0.000000
1125,-52.877471,299.135592,0.000000
1126,-52.864241,298.949828,0.000000
1127,-52.851008,298.764224,0.000000
1128,-52.837771,298.578778,0.000000
1129,-52.824531,298.393492,0.000000
1130,-52.811286,298.208364,0.000000
1131,-52.798039,298.023395,0.000000
1132,-52.784787,297.838585,0.000000
1133,-52.771531,297.653933,0.000000
1134,-52.758270,297.469439,0.000000
1135,-52.745006,297.285104,0.000000
1136,-52.731736,297.100928,0.000000
1137,-52.718462,296.916909,0.000000
1138,-52.705184,296.733048,0.000000
1139,-52.691900,296.549346,0.000000
1140,-52.678611,296.365801,0.000000
1141,-52.665317,296.182414,0.000000
1142,-52.652018,295.999185,0.000000
1143,-52.638713,295.816114,0.000000
1144,-52.625402,295.633200,0.000000
1145,-52.612086,295.450443,0.000000
1146,-52.598764,295.267844,0.000000
1147,-52.585435,295.085402,0.000000
1148,-52.572100,294.903117,0.000000
1149,-52.558759,294.720990,0.000000
1150,-52.545411,294.539019,0.000000
1151,-52.532056,294.357205,0.000000
1152,-52.518695,294.175548,0.000000
1153,-52.505326,293.994048,0.000000
1154,-52.491951,293.812705,0.000000
1155,-52.478567,293.631518,0.000000
1156,-52.465177,293.450487,0.000000
1157,-52.451778,293.269613,0.000000
1158,-52.438372,293.088895,0.000000
1159,-52.424957,292.908334,0.000000
1160,-52.411535,292.727928,0.000000
1161,-52.398104,292.547679,0.000000
1162,-52.384664,292.367585,0.000000
1163,-52.371216,292.187648,0.000000
1164,-52.357759,292.007866,0.000000
1165,-52.344292,291.828240,0.000000
1166,-52.330817,291.648770,0.000000
1167,-52.317332,291.469455,0.000000
1168,-52.303837,291.290296,0.000000
1169,-52.290332,291.111292,0.000000
1170,-52.276818,290.932444,0.000000
1171,-52.263293,290.753751,0.000000
1172,-52.249758,290.575213,0.000000
1173,-52.236212,290.396830,0.000000
1174,-52.222656,290.218602,0.000000
1175,-52.209089,290.040529,0.000000
1176,-52.195510,289.862611,0.000000
1177,-52.181920,289.684848,0.000000
1178,-52.168319,289.507240,0.000000
1179,-52.154706,289.329786,0.000000
1180,-52.141080,289.152487,0.000000
1181,-52.127443,288.975343,0.000000
1182,-52.113793,288.798353,0.000000
1183,-52.100131,288.621517,0.000000
1184,-52.086456,288.444836,0.000000
1185,-52.072767,288.268308,0.000000
1186,-52.059066,288.091936,0.000000
1187,-52.045351,287.915717,0.000000
1188,-52.031622,287.739652,0.000000
1189,-52.017879,287.563741,0.000000
1190,-52.004123,287.387984,0.000000
1191,-51.990351,287.212381,0.000000
1192,-51.976566,287.036932,0.000000
1193,-51.962765,286.861637,0.000000
1194,-51.948949,286.686495,0.000000
1195,-51.935118,286.511507,0.000000
1196,-51.921271,286.336672,0.000000
1197,-51.907408,286.161991,0.000000
1198,-51.893529,285.987463,0.000000
1199,-51.879634,285.813089,0.000000
1200,-51.865722,285.638868,0.000000
1201,-51.851793,285.464800,0.000000
1202,-51.837847,285.290885,0.000000
1203,-51.823884,285.117124,0.000000
1204,-51.809902,284.943515,0.000000
1205,-51.795903,284.770060,0.000000
1206,-51.781886,284.596757,0.000000
1207,-51.767850,284.423608,0.000000
1208,-51.753795,284.250611,0.000000
1209,-51.739721,284.077767,0.000000
1210,-51.725627,283.905076,0.000000
1211,-51.711514,283.732538,0.000000
1212,-51.697381,283.560152,0.000000
1213,-51.683227,283.387919,0.000000
1214,-51.669053,283.215838,0.000000
1215,-51.654857,283.043910,0.000000
1216,-51.640640,282.872135,0.000000
1217,-51.626402,282.700512,0.000000
1218,-51.612142,282.529041,0.000000
1219,-51.597859,282.357723,0.000000
1220,-51.583554,282.186556,0.000000
1221,-51.569225,282.015543,0.000000
1222,-51.554874,281.844681,0.000000
1223,-51.540498,281.673972,0.000000
1224,-51.526099,281.503414,0.000000
1225,-51.511675,281.333009,0.000000
1226,-51.497226,281.162756,0.000000
1227,-51.482752,280.992655,0.000000
1228,-51.468253,280.822706,0.000000
1229,-51.453727,280.652909,0.000000
1230,-51.439175,280.483263,0.000000
1231,-51.424597,280.313770,0.000000
1232,-51.409991,280.144429,0.000000
1233,-51.395358,279.975239,0.000000
1234,-51.380696,279.806201,0.000000
1235,-51.366006,279.637315,0.000000
1236,-51.351288,279.468581,0.000000
1237,-51.336540,279.299998,0.000000
1238,-51.321762,279.131568,0.000000
1239,-51.306954,278.963289,0.000000
1240,-51.292115,278.795161,0.000000
1241,-51.277245,278.627185,0.000000
1242,-51.262344,278.459361,0.000000
1243,-51.247410,278.291689,0.000000
1244,-51.232444,278.124168,0.000000
1245,-51.217445,277.956799,0.000000
1246,-51.202412,277.789581,0.000000
1247,-51.187345,277.622515,0.000000
1248,-51.172243,277.455600,0.000000
1249,-51.157106,277.288837,0.000000
1250,-51.141933,277.122226,0.000000
1251,-51.126724,276.955766,0.000000
1252,-51.111478,276.789457,0.000000
1253,-51.096195,276.623300,0.000000
1254,-51.080873,276.457295,0.000000
1255,-51.065513,276.291441,0.000000
1256,-51.050114,276.125739,0.000000
1257,-51.034674,275.960188,0.000000
1258,-51.019194,275.794789,0.000000
1259,-51.003673,275.629541,0.000000
1260,-50.988111,275.464445,0.000000
1261,-50.972505,275.299500,0.000000
1262,-50.956857,275.134707,0.000000
1263,-50.941165,274.970066,0.000000
1264,-50.925428,274.805576,0.000000
1265,-50.909646,274.641238,0.000000
1266,-50.893818,274.477051,0.000000
1267,-50.877943,274.313016,0.000000
1268,-50.862020,274.149133,0.000000
1269,-50.846050,273.985402,0.000000
1270,-50.830030,273.821822,0.000000
1271,-50.813960,273.658394,0.000000
1272,-50.797840,273.495118,0.000000
1273,-50.781668,273.331994,0.000000
1274,-50.765443,273.169021,0.000000
1275,-50.749166,273.006201,0.000000
1276,-50.732834,272.843532,0.000000
1277,-50.716447,272.681015,0.000000
1278,-50.700003,272.518651,0.000000
1279,-50.683503,272.356438,0.000000
1280,-50.666945,272.194378,0.000000
1281,-50.650328,272.032470,0.000000
1282,-50.633651,271.870714,0.000000
1283,-50.616913,271.709111,0.000000
1284,-50.600113,271.547659,0.000000
1285,-50.583250,271.386361,0.000000
1286,-50.566322,271.225214,0.000000
1287,-50.549329,271.064221,0.000000
1288,-50.532269,270.903380,0.000000
1289,-50.515142,270.742691,0.000000
1290,-50.497946,270.582156,0.000000
1291,-50.480679,270.421773,0.000000
1292,-50.463341,270.261544,0.000000
1293,-50.445930,270.101467,0.000000
1294,-50.428445,269.941544,0.000000
1295,-50.410885,269.781773,0.000000
1296,-50.393248,269.622157,0.000000
1297,-50.375532,269.462693,0.000000
1298,-50.357737,269.303383,0.000000
1299,-50.339860,269.144227,0.000000
1300,-50.321901,268.985225,0.000000
1301,-50.303857,268.826376,0.000000
1302,-50.285727,268.667681,0.000000
1303,-50.267509,268.509141,0.000000
1304,-50.249202,268.350755,0.000000
1305,-50.230804,268.192523,0.000000
1306,-50.212313,268.034446,0.000000
1307,-50.193728,267.876524,0.000000
1308,-50.175045,267.718756,0.000000
1309,-50.156264,267.561143,0.000000
1310,-50.137383,267.403686,0.000000
1311,-50.118399,267.246384,0.000000
1312,-50.099310,267.089237,0.000000
1313,-50.080114,266.932246,0.000000
1314,-50.060810,266.775411,0.000000
1315,-50.041393,266.618732,0.000000
1316,-50.021863,266.462209,0.000000
1317,-50.002217,266.305843,0.000000
1318,-49.982453,266.149633,0.000000
1319,-49.962567,265.993580,0.000000
1320,-49.942557,265.837684,0.000000
1321,-49.922420,265.681945,0.000000
1322,-49.902155,265.526364,0.000000
1323,-49.881757,265.370941,0.000000
1324,-49.861223,265.215676,0.000000
1325,-49.840552,265.060569,0.000000
1326,-49.819739,264.905620,0.000000
1327,-49.798781,264.750830,0.000000
1328,-49.777675,264.596200,0.000000
1329,-49.756418,264.441728,0.000000
1330,-49.735005,264.287417,0.000000
1331,-49.713433,264.133265,0.000000
1332,-49.691699,263.979274,0.000000
1333,-49.669798,263.825443,0.000000
1334,-49.647726,263.671773,0.000000
1335,-49.625479,263.518265,0.000000
1336,-49.603053,263.364918,0.000000
1337,-49.580443,263.211733,0.000000
1338,-49.557644,263.058711,0.000000
1339,-49.534651,262.905852,0.000000
1340,-49.511460,262.753155,0.000000
1341,-49.488064,262.600623,0.000000
1342,-49.464459,262.448254,0.000000
1343,-49.440640,262.296050,0.000000
1344,-49.416599,262.144011,0.000000
1345,-49.392331,261.992137,0.000000
1346,-49.367830,261.840430,0.000000
1347,-49.343089,261.688888,0.000000
1348,-49.318101,261.537514,0.000000
1349,-49.292859,261.386308,0.000000
1350,-49.267356,261.235269,0.000000
1351,-49.241583,261.084399,0.000000
1352,-49.215534,260.933699,0.000000
1353,-49.189198,260.783168,0.000000
1354,-49.162568,260.632808,0.000000
1355,-49.135635,260.482620,0.000000
1356,-49.108388,260.332603,0.000000
1357,-49.080818,260.182759,0.000000
1358,-49.052913,260.033088,0.000000
1359,-49.024665,259.883592,0.000000
1360,-48.996059,259.734270,0.000000
1361,-48.967086,259.585124,0.000000
1362,-48.937731,259.436155,0.000000
1363,-48.907981,259.287364,0.000000
1364,-48.877824,259.138751,0.000000
1365,-48.847243,258.990318,0.000000
1366,-48.816224,258.842065,0.000000
1367,-48.784750,258.693994,0.000000
1368,-48.752804,258.546105,0.000000
1369,-48.720368,258.398400,0.000000
1370,-48.687422,258.250880,0.000000
1371,-48.653947,258.103546,0.000000
1372,-48.619922,257.956400,0.000000
1373,-48.585323,257.809443,0.000000
1374,-48.550126,257.662676,0.000000
1375,-48.514307,257.516100,0.000000
1376,-48.477838,257.369718,0.000000
1377,-48.440689,257.223531,0.000000
1378,-48.402832,257.077540,0.000000
1379,-48.364232,256.931747,0.000000
1380,-48.324856,256.786155,0.000000
1381,-48.284665,256.640764,0.000000
1382,-48.243619,256.495578,0.000000
1383,-48.201677,256.350598,0.000000
1384,-48.158792,256.205827,0.000000
1385,-48.114914,256.061266,0.000000
1386,-48.069990,255.916919,0.000000
1387,-48.023962,255.772787,0.000000
1388,-47.976769,255.628875,0.000000
1389,-47.928342,255.485184,0.000000
1390,-47.878609,255.341719,0.000000
1391,-47.827490,255.198481,0.000000
1392,-47.774898,255.055476,0.000000
1393,-47.720738,254.912705,0.000000
1394,-47.664905,254.770175,0.000000
1395,-47.607285,254.627888,0.000000
1396,-47.547752,254.485850,0.000000
1397,-47.486166,254.344066,0.000000
1398,-47.422373,254.202540,0.000000
1399,-47.356199,254.061279,0.000000
1400,-47.287453,253.920288,0.000000
1401,-47.215919,253.779575,0.000000
1402,-47.141352,253.639146,0.000000
1403,-47.063477,253.499009,0.000000
1404,-46.981982,253.359174,0.000000
1405,-46.896507,253.219649,0.000000
1406,-46.806640,253.080446,0.000000
1407,-46.711904,252.941574,0.000000
1408,-46.611741,252.803048,0.000000
1409,-46.505497,252.664881,0.000000
1410,-46.392397,252.527090,0.000000
1411,-46.271510,252.389692,0.000000
1412,-46.141713,252.252709,0.000000
1413,-46.001630,252.116162,0.000000
1414,-45.849551,251.980080,0.000000
1415,-45.683320,251.844495,0.000000
1416,-45.500168,251.709443,0.000000
1417,-45.296457,251.574970,0.000000
1418,-45.067295,251.441129,0.000000
1419,-44.805888,251.307989,0.000000
1420,-44.502451,251.175635,0.000000
1421,-44.142210,251.044178,0.000000
1422,-43.701468,250.913769,0.000000
1423,-43.139010,250.784623,0.000000
1424,-42.374528,250.657062,0.000000
1425,-41.222256,250.531625,0.000000
1426,-39.108985,250.409345,0.000000
1427,-32.838765,250.292781,0.000000
1428,0.000000,250.193016,1.000000
1429,-58.000000,370.180887,0.000000
1430,-57.976555,369.934100,0.000000
1431,-57.953239,369.687540,0.000000
1432,-57.930050,369.441206,0.000000
1433,-57.906986,369.195099,0.000000
1434,-57.884047,368.949217,0.000000
1435,-57.861230,368.703560,0.000000
1436,-57.838533,368.458127,0.000000
1437,-57.815956,368.212919,0.000000
1438,-57.793497,367.967935,0.000000
1439,-57.771154,367.723173,0.000000
1440,-57.748925,367.478635,0.000000
1441,-57.726810,367.234319,0.000000
1442,-57.704807,366.990224,0.000000
1443,-57.682914,366.746351,0.000000
1444,-57.661131,366.502699,0.000000
1445,-57.639455,366.259268,0.000000
1446,-57.617885,366.016056,0.000000
1447,-57.596420,365.773065,0.000000
1448,-57.575059,365.530292,0.000000
1449,-57.553801,365.287739,0.000000
1450,-57.532643,365.045403,0.000000
1451,-57.511585,364.803286,0.000000
1452,-57.490626,364.561386,0.000000
1453,-57.469764,364.319704,0.000000
1454,-57.448998,364.078238,0.000000
1455,-57.428327,363.836988,0.000000
1456,-57.407750,363.595955,0.000000
1457,-57.387265,363.355137,0.000000
1458,-57.366872,363.114534,0.000000
1459,-57.346569,362.874146,0.000000
1460,-57.326355,362.633972,0.000000
1461,-57.306229,362.394013,0.000000
1462,-57.286190,362.154267,0.000000
1463,-57.266236,361.914734,0.000000
1464,-57.246368,361.675414,0.000000
1465,-57.226583,361.436307,0.000000
1466,-57.206881,361.197412,0.000000
1467,-57.187260,360.958729,0.000000
1468,-57.167720,360.720257,0.000000
1469,-57.148260,360.481996,0.000000
1470,-57.128878,360.243946,0.000000
1471,-57.109574,360.006106,0.000000
1472,-57.090347,359.768477,0.000000
1473,-57.071196,359.531057,0.000000
1474,-57.052119,359.293846,0.000000
1475,-57.033117,359.056845,0.000000
1476,-57.014187,358.820052,0.000000
1477,-56.995329,358.583467,0.000000
1478,-56.976543,358.347091,0.000000
1479,-56.957827,358.110922,0.000000
1480,-56.939181,357.874961,0.000000
1481,-56.920603,357.639206,0.000000
1482,-56.902094,357.403658,0.000000
1483,-56.883651,357.168317,0.000000
1484,-56.865274,356.933182,0.000000
1485,-56.846963,356.698252,0.000000
1486,-56.828716,356.463528,0.000000
1487,-56.810533,356.229009,0.000000
1488,-56.792414,355.994695,0.000000
1489,-56.774356,355.760586,0.000000
1490,-56.756360,355.526680,0.000000
1491,-56.738425,355.292979,0.000000
1492,-56.720550,355.059481,0.000000
1493,-56.702734,354.826187,0.000000
1494,-56.684977,354.593095,0.000000
1495,-56.667278,354.360206,0.000000
1496,-56.649635,354.127520,0.000000
1497,-56.632050,353.895036,0.000000
1498,-56.614520,353.662754,0.000000
1499,-56.597046,353.430673,0.000000
1500,-56.579626,353.198794,0.000000
1501,-56.562260,352.967116,0.000000
1502,-56.544947,352.735639,0.000000
1503,-56.527687,352.504362,0.000000
1504,-56.510479,352.273285,0.000000
1505,-56.493322,352.042408,0.000000
1506,-56.476216,351.811731,0.000000
1507,-56.459160,351.581253,0.000000
1508,-56.442153,351.350975,0.000000
1509,-56.425196,351.120895,0.000000
1510,-56.408287,350.891014,0.000000
1511,-56.391426,350.661331,0.000000
1512,-56.374612,350.431846,0.000000
1513,-56.357845,350.202559,0.000000
1514,-56.341124,349.973470,0.000000
1515,-56.324448,349.744578,0.000000
1516,-56.307818,349.515883,0.000000
1517,-56.291232,349.287385,0.000000
1518,-56.274690,349.059084,0.000000
1519,-56.258192,348.830978,0.000000
1520,-56.241737,348.603069,0.000000
1521,-56.225324,348.375356,0.000000
1522,-56.208954,348.147838,0.000000
1523,-56.192625,347.920516,0.000000
1524,-56.176337,347.693388,0.000000
1525,-56.160089,347.466456,0.000000
1526,-56.143882,347.239718,0.000000
1527,-56.127714,347.013175,0.000000
1528,-56.111585,346.786825,0.000000
1529,-56.095496,346.560670,0.000000
1530,-56.079444,346.334708,0.000000
1531,-56.063430,346.108940,0.000000
1532,-56.047454,345.883365,0.000000
1533,-56.031515,345.657982,0.000000
1534,-56.015612,345.432793,0.000000
1535,-55.999745,345.207796,0.000000
1536,-55.983914,344.982992,0.000000
1537,-55.968119,344.758379,0.000000
1538,-55.952358,344.533959,0.000000
1539,-55.936632,344.309730,0.000000
1540,-55.920940,344.085692,0.000000
1541,-55.905281,343.861846,0.000000
1542,-55.889656,343.638191,0.000000
1543,-55.874064,343.414726,0.000000
1544,-55.858505,343.191452,0.000000
1545,-55.842978,342.968368,0.000000
1546,-55.827482,342.745475,0.000000
1547,-55.812019,342.522771,0.000000
1548,-55.796586,342.300257,0.000000
1549,-55.781184,342.077933,0.000000
1550,-55.765812,341.855798,0.000000
1551,-55.750471,341.633852,0.000000
1552,-55.735159,341.412095,0.000000
1553,-55.719877,341.190526,0.000000
1554,-55.704624,340.969146,0.000000
1555,-55.689400,340.747954,0.000000
1556,-55.674204,340.526951,0.000000
1557,-55.659036,340.306135,0.000000
1558,-55.643896,340.085507,0.000000
1559,-55.628784,339.865066,0.000000
1560,-55.613698,339.644813,0.000000
1561,-55.598640,339.424746,0.000000
1562,-55.583608,339.204867,0.000000
1563,-55.568602,338.985174,0.000000
1564,-55.553623,338.765667,0.000000
1565,-55.538669,338.546347,0.000000
1566,-55.523740,338.327213,0.000000
1567,-55.508837,338.108265,0.000000
1568,-55.493958,337.889503,0.000000
1569,-55.479105,337.670926,0.000000
1570,-55.464275,337.452534,0.000000
1571,-55.449469,337.234328,0.000000
1572,-55.434687,337.016306,0.000000
1573,-55.419929,336.798470,0.000000
1574,-55.405194,336.580818,0.000000
1575,-55.390482,336.363350,0.000000
1576,-55.375792,336.146066,0.000000
1577,-55.361125,335.928967,0.000000
1578,-55.346481,335.712051,0.000000
1579,-55.331858,335.495319,0.000000
1580,-55.317257,335.278771,0.000000
1581,-55.302677,335.062405,0.000000
1582,-55.288119,334.846223,0.000000
1583,-55.273582,334.630224,0.000000
1584,-55.259065,334.414408,0.000000
1585,-55.244569,334.198774,0.000000
1586,-55.230093,333.983323,0.000000
1587,-55.215638,333.768054,0.000000
1588,-55.201202,333.552967,0.000000
1589,-55.186786,333.338061,0.000000
1590,-55.172389,333.123338,0.000000
1591,-55.158012,332.908796,0.000000
1592,-55.143653,332.694435,0.000000
1593,-55.129314,332.480256,0.000000
1594,-55.114993,332.266258,0.000000
1595,-55.100690,332.052440,0.000000
1596,-55.086405,331.838803,0.000000
1597,-55.072139,331.625347,0.000000
1598,-55.057890,331.412071,0.000000
1599,-55.043659,331.198975,0.000000
1600,-55.029445,330.986060,0.000000
1601,-55.015248,330.773324,0.000000
1602,-55.001068,330.560768,0.000000
1603,-54.986905,330.348391,0.000000
1604,-54.972759,330.136194,0.000000
1605,-54.958628,329.924175,0.000000
1606,-54.944515,329.712336,0.000000
1607,-54.930417,329.500676,0.000000
1608,-54.916335,329.289194,0.000000
1609,-54.902269,329.077891,0.000000
1610,-54.888218,328.866767,0.000000
1611,-54.874182,328.655820,0.000000
1612,-54.860162,328.445052,0.000000
1613,-54.846157,328.234462,0.000000
1614,-54.832166,328.024049,0.000000
1615,-54.818190,327.813814,0.000000
1616,-54.804229,327.603756,0.000000
1617,-54.790282,327.393875,0.000000
1618,-54.776349,327.184172,0.000000
1619,-54.762430,326.974646,0.000000
1620,-54.748524,326.765296,0.000000
1621,-54.734633,326.556123,0.000000
1622,-54.720755,326.347127,0.000000
1623,-54.706890,326.138307,0.000000
1624,-54.693038,325.929663,0.000000
1625,-54.679199,325.721195,0.000000
1626,-54.665374,325.512903,0.000000
1627,-54.651560,325.304787,0.000000
1628,-54.637760,325.096846,0.000000
1629,-54.623972,324.889081,0.000000
1630,-54.610196,324.681491,0.000000
1631,-54.596432,324.474076,0.000000
1632,-54.582680,324.266836,0.000000
1633,-54.568940,324.059771,0.000000
1634,-54.555211,323.852881,0.000000
1635,-54.541495,323.646165,0.000000
1636,-54.527789,323.439623,0.000000
1637,-54.514095,323.233256,0.000000
1638,-54.500411,323.027063,0.000000
1639,-54.486739,322.821044,0.000000
1640,-54.473078,322.615199,0.000000
1641,-54.459427,322.409527,0.000000
1642,-54.445787,322.204029,0.000000
1643,-54.432157,321.998704,0.000000
1644,-54.418537,321.793553,0.000000
1645,-54.404928,321.588574,0.000000
1646,-54.391329,321.383769,0.000000
1647,-54.377739,321.179136,0.000000
1648,-54.364159,320.974676,0.000000
1649,-54.350589,320.770388,0.000000
1650,-54.337028,320.566273,0.000000
1651,-54.323477,320.362330,0.000000
1652,-54.309935,320.158559,0.000000
1653,-54.296402,319.954960,0.000000
1654,-54.282878,319.751533,0.000000
1655,-54.269363,319.548278,0.000000
1656,-54.255856,319.345194,0.000000
1657,-54.242358,319.142282,0.000000
1658,-54.228869,318.939541,0.000000
1659,-54.215388,318.736971,0.000000
1660,-54.201915,318.534572,0.000000
1661,-54.188450,318.332343,0.000000
1662,-54.174994,318.130286,0.000000
1663,-54.161545,317.928399,0.000000
1664,-54.148104,317.726683,0.000000
1665,-54.134670,317.525137,0.000000
1666,-54.121244,317.323761,0.000000
1667,-54.107826,317.122555,0.000000
1668,-54.094414,316.921519,0.000000
1669,-54.081010,316.720653,0.000000
1670,-54.067613,316.519957,0.000000
1671,-54.054223,316.319430,0.000000
1672,-54.040840,316.119072,0.000000
1673,-54.027463,315.918884,0.000000
1674,-54.014093,315.718865,0.000000
1675,-54.000729,315.519014,0.000000
1676,-53.987372,315.319333,0.000000
1677,-53.974021,315.119821,0.000000
1678,-53.960676,314.920477,0.000000
1679,-53.947338,314.721301,0.000000
1680,-53.934005,314.522294,0.000000
1681,-53.920677,314.323455,0.000000
1682,-53.907356,314.124784,0.000000
1683,-53.894040,313.926282,0.000000
1684,-53.880730,313.727947,0.000000
1685,-53.867424,313.529779,0.000000
1686,-53.854125,313.331780,0.000000
1687,-53.840830,313.133948,0.000000
1688,-53.827540,312.936283,0.000000
1689,-53.814255,312.738785,0.000000
1690,-53.800975,312.541455,0.000000
1691,-53.787700,312.344291,0.000000
1692,-53.774429,312.147294,0.000000
1693,-53.761163,311.950464,0.000000
1694,-53.747901,311.753801,0.000000
1695,-53.734643,311.557304,0.000000
1696,-53.721390,311.360973,0.000000
1697,-53.708140,311.164809,0.000000
1698,-53.694895,310.968811,0.000000
1699,-53.681653,310.772979,0.000000
1700,-53.668415,310.577312,0.000000
1701,-53.655180,310.381811,0.000000
1702,-53.641949,310.186476,0.000000
1703,-53.628722,309.991307,0.000000
1704,-53.615497,309.796303,0.000000
1705,-53.602276,309.601464,0.000000
1706,-53.589058,309.406790,0.000000
1707,-53.575843,309.212282,0.000000
1708,-53.562631,309.017938,0.000000
1709,-53.549421,308.823759,0.000000
1710,-53.536214,308.629745,0.000000
1711,-53.523010,308.435895,0.000000
1712,-53.509808,308.242209,0.000000
1713,-53.496608,308.048689,0.000000
1714,-53.483411,307.855332,0.000000
1715,-53.470215,307.662139,0.000000
1716,-53.457022,307.469110,0.000000
1717,-53.443830,307.276246,0.000000
1718,-53.430641,307.083545,0.000000
1719,-53.417452,306.891007,0.000000
1720,-53.404266,306.698633,0.000000
1721,-53.391081,306.506423,0.000000
1722,-53.377897,306.314376,0.000000
1723,-53.364714,306.122492,0.000000
1724,-53.351533,305.930771,0.000000
1725,-53.338352,305.739213,0.000000
1726,-53.325172,305.547818,0.000000
1727,-53.311993,305.356585,0.000000
1728,-53.298815,305.165516,0.000000
1729,-53.285637,304.974609,0.000000
1730,-53.272460,304.783864,0.000000
1731,-53.259283,304.593281,0.000000
1732,-53.246106,304.402861,0.000000
1733,-53.232930,304.212603,0.000000
1734,-53.219753,304.022507,0.000000
1735,-53.206576,303.832572,0.000000
1736,-53.193399,303.642800,0.000000
1737,-53.180222,303.453189,0.000000
1738,-53.167044,303.263739,0.000000
1739,-53.153865,303.074451,0.000000
1740,-53.140686,302.885325,0.000000
1741,-53.127506,302.696359,0.000000
1742,-53.114325,302.507555,0.000000
1743,-53.101143,302.318912,0.000000
1744,-53.087959,302.130430,0.000000
1745,-53.074775,301.942108,0.000000
1746,-53.061589,301.753947,0.000000
1747,-53.048401,301.565947,0.000000
1748,-53.035212,301.378107,0.000000
1749,-53.022021,301.190428,0.000000
1750,-53.008829,301.002909,0.000000
1751,-52.995634,300.815550,0.000000
1752,-52.982437,300.628352,0.000000
1753,-52.969237,300.441313,0.000000
1754,-52.956036,300.254434,0.000000
1755,-52.942832,300.067715,0.000000
1756,-52.929625,299.881156,0.000000
1757,-52.916415,299.694756,0.000000
1758,-52.903203,299.508516,0.000000
1759,-52.889987,299.322435,0.000000
1760,-52.876769,299.136513,0.000000
1761,-52.863547,298.950751,0.000000
1762,-52.850321,298.765147,0.000000
1763,-52.837092,298.579703,0.000000
1764,-52.823860,298.394418,0.000000
1765,-52.810623,298.209291,0.000000
1766,-52.797383,298.024323,0.000000
1767,-52.784139,297.839514,0.000000
1768,-52.770890,297.654863,0.000000
1769,-52.757637,297.470371,0.000000
1770,-52.744380,297.286037,0.000000
1771,-52.731118,297.101861,0.000000
1772,-52.717851,296.917844,0.000000
1773,-52.704579,296.733984,0.000000
1774,-52.691303,296.550283,0.000000
1775,-52.678021,296.366739,0.000000
1776,-52.664733,296.183353,0.000000
1777,-52.651441,296.000125,0.000000
1778,-52.638142,295.817055,0.000000
1779,-52.624838,295.634141,0.000000
1780,-52.611528,295.451386,0.000000
1781,-52.598212,295.268787,0.000000
1782,-52.584890,295.086346,0.000000
1783,-52.571561,294.904062,0.000000
1784,-52.558226,294.721936,0.000000
1785,-52.544884,294.539966,0.000000
1786,-52.531536,294.358153,0.000000
1787,-52.518180,294.176496,0.000000
1788,-52.504817,293.994997,0.000000
1789,-52.491447,293.813654,0.000000
1790,-52.478070,293.632468,0.000000
1791,-52.464685,293.451438,0.000000
1792,-52.451292,293.270565,0.000000
1793,-52.437891,293.089847,0.000000
1794,-52.424482,292.909286,0.000000
1795,-52.411065,292.728882,0.000000
1796,-52.397639,292.548633,0.000000
1797,-52.384205,292.368540,0.000000
1798,-52.370761,292.188603,0.000000
1799,-52.357309,292.008822,0.000000
1800,-52.343848,291.829197,0.000000
1801,-52.330377,291.649727,0.000000
1802,-52.316897,291.470413,0.000000
1803,-52.303407,291.291254,0.000000
1804,-52.289908,291.112251,0.000000
1805,-52.276398,290.933403,0.000000
1806,-52.262878,290.754710,0.000000
1807,-52.249348,290.576173,0.000000
1808,-52.235806,290.397790,0.000000
1809,-52.222255,290.219563,0.000000
1810,-52.208692,290.041491,0.000000
1811,-52.195118,289.863573,0.000000
1812,-52.181532,289.685811,0.000000
1813,-52.167935,289.508203,0.000000
1814,-52.154326,289.330749,0.000000
1815,-52.140705,289.153451,0.000000
1816,-52.127072,288.976306,0.000000
1817,-52.113426,288.799317,0.000000
1818,-52.099768,288.622481,0.000000
1819,-52.086096,288.445800,0.000000
1820,-52.072412,288.269273,0.000000
1821,-52.058715,288.092901,0.000000
1822,-52.045003,287.916682,0.000000
1823,-52.031279,287.740618,0.000000
1824,-52.017540,287.564707,0.000000
1825,-52.003787,287.388951,0.000000
1826,-51.990019,287.213348,0.000000
1827,-51.976237,287.037899,0.000000
1828,-51.962440,286.862604,0.000000
1829,-51.948627,286.687462,0.000000
1830,-51.934800,286.512474,0.000000
1831,-51.920956,286.337640,0.000000
1832,-51.907097,286.162959,0.000000
1833,-51.893221,285.988431,0.000000
1834,-51.879329,285.814057,0.000000
1835,-51.865421,285.639836,0.000000
1836,-51.851495,285.465769,0.000000
1837,-51.837552,285.291854,0.000000
1838,-51.823592,285.118093,0.000000
1839,-51.809614,284.944484,0.000000
1840,-51.795618,284.771029,0.000000
1841,-51.781604,284.597727,0.000000
1842,-51.767571,284.424577,0.000000
1843,-51.753519,284.251581,0.000000
1844,-51.739448,284.078737,0.000000
1845,-51.725357,283.906046,0.000000
1846,-51.711247,283.733508,0.000000
1847,-51.697116,283.561122,0.000000
1848,-51.682965,283.388889,0.000000
1849,-51.668794,283.216808,0.000000
1850,-51.654601,283.044880,0.000000
1851,-51.640387,282.873105,0.000000
1852,-51.626152,282.701482,0.000000
1853,-51.611894,282.530011,0.000000
1854,-51.597614,282.358693,0.000000
1855,-51.583311,282.187527,0.000000
1856,-51.568986,282.016513,0.000000
1857,-51.554636,281.845651,0.000000
1858,-51.540264,281.674942,0.000000
1859,-51.525867,281.504384,0.000000
1860,-51.511445,281.333979,0.000000
1861,-51.496999,281.163726,0.000000
1862,-51.482527,280.993625,0.000000
1863,-51.468030,280.823676,0.000000
1864,-51.453507,280.653878,0.000000
1865,-51.438958,280.484233,0.000000
1866,-51.424381,280.314740,0.000000
1867,-51.409778,280.145398,0.000000
1868,-51.395147,279.976209,0.000000
1869,-51.380487,279.807171,0.000000
1870,-51.365800,279.638285,0.000000
1871,-51.351083,279.469550,0.000000
1872,-51.336337,279.300968,0.000000
1873,-51.321562,279.132537,0.000000
1874,-51.306756,278.964258,0.000000
1875,-51.291919,278.796130,0.000000
1876,-51.277051,278.628154,0.000000
1877,-51.262152,278.460330,0.000000
1878,-51.247220,278.292657,0.000000
1879,-51.232256,278.125136,0.000000
1880,-51.217259,277.957767,0.000000
1881,-51.202227,277.790549,0.000000
1882,-51.187162,277.623483,0.000000
1883,-51.172062,277.456568,0.000000
1884,-51.156927,277.289805,0.000000
1885,-51.141756,277.123193,0.000000
1886,-51.126549,276.956733,0.000000
1887,-51.111305,276.790424,0.000000
1888,-51.096023,276.624267,0.000000
1889,-51.080703,276.458262,0.000000
1890,-51.065345,276.292408,0.000000
1891,-51.049947,276.126705,0.000000
1892,-51.034510,275.961154,0.000000
1893,-51.019031,275.795755,0.000000
1894,-51.003512,275.630507,0.000000
1895,-50.987951,275.465410,0.000000
1896,-50.972347,275.300466,0.000000
1897,-50.956700,275.135672,0.000000
1898,-50.941010,274.971031,0.000000
1899,-50.925274,274.806541,0.000000
1900,-50.909494,274.642202,0.000000
1901,-50.893667,274.478015,0.000000
1902,-50.877794,274.313980,0.000000
1903,-50.861873,274.150097,0.000000
1904,-50.845904,273.986365,0.000000
1905,-50.829885,273.822785,0.000000
1906,-50.813817,273.659357,0.000000
1907,-50.797698,273.496081,0.000000
1908,-50.781527,273.332956,0.000000
1909,-50.765304,273.169983,0.000000
1910,-50.749028,273.007162,0.000000
1911,-50.732697,272.844494,0.000000
1912,-50.716312,272.681977,0.000000
1913,-50.699870,272.519612,0.000000
1914,-50.683371,272.357399,0.000000
1915,-50.666814,272.195339,0.000000
1916,-50.650198,272.033430,0.000000
1917,-50.633523,271.871674,0.000000
1918,-50.616786,271.710070,0.000000
1919,-50.599987,271.548619,0.000000
1920,-50.583125,271.387320,0.000000
1921,-50.566198,271.226173,0.000000
1922,-50.549206,271.065179,0.000000
1923,-50.532148,270.904338,0.000000
1924,-50.515022,270.743649,0.000000
1925,-50.497827,270.583113,0.000000
1926,-50.480561,270.422730,0.000000
1927,-50.463224,270.262500,0.000000
1928,-50.445814,270.102424,0.000000
1929,-50.428331,269.942500,0.000000
1930,-50.410771,269.782729,0.000000
1931,-50.393135,269.623112,0.000000
1932,-50.375420,269.463648,0.000000
1933,-50.357626,269.304338,0.000000
1934,-50.339750,269.145181,0.000000
1935,-50.321792,268.986179,0.000000
1936,-50.303749,268.827330,0.000000
1937,-50.285620,268.668635,0.000000
1938,-50.267403,268.510094,0.000000
1939,-50.249097,268.351708,0.000000
1940,-50.230700,268.193476,0.000000
1941,-50.212210,268.035398,0.000000
1942,-50.193625,267.877475,0.000000
1943,-50.174944,267.719707,0.000000
1944,-50.156164,267.562094,0.000000
1945,-50.137283,267.404636,0.000000
1946,-50.118300,267.247334,0.000000
1947,-50.099212,267.090187,0.000000
1948,-50.080017,266.933196,0.000000
1949,-50.060713,266.776360,0.000000
1950,-50.041297,266.619681,0.000000
1951,-50.021768,266.463157,0.000000
1952,-50.002123,266.306790,0.000000
1953,-49.982359,266.150580,0.000000
1954,-49.962474,265.994527,0.000000
1955,-49.942464,265.838631,0.000000
1956,-49.922329,265.682892,0.000000
1957,-49.902064,265.527310,0.000000
1958,-49.881666,265.371886,0.000000
1959,-49.861134,265.216621,0.000000
1960,-49.840463,265.061513,0.000000
1961,-49.819650,264.906564,0.000000
1962,-49.798693,264.751774,0.000000
1963,-49.777588,264.597143,0.000000
1964,-49.756331,264.442672,0.000000
1965,-49.734919,264.288360,0.000000
1966,-49.713348,264.134208,0.000000
1967,-49.691614,263.980216,0.000000
1968,-49.669714,263.826385,0.000000
1969,-49.647642,263.672715,0.000000
1970,-49.625396,263.519206,0.000000
1971,-49.602970,263.365859,0.000000
1972,-49.580360,263.212673,0.000000
1973,-49.557562,263.059651,0.000000
1974,-49.534569,262.906791,0.000000
1975,-49.511378,262.754094,0.000000
1976,-49.487984,262.601561,0.000000
1977,-49.464379,262.449192,0.000000
1978,-49.440560,262.296987,0.000000
1979,-49.416520,262.144948,0.000000
1980,-49.392252,261.993074,0.000000
1981,-49.367751,261.841366,0.000000
1982,-49.343011,261.689824,0.000000
1983,-49.318023,261.538450,0.000000
1984,-49.292781,261.387243,0.000000
1985,-49.267278,261.236204,0.000000
1986,-49.241506,261.085334,0.000000
1987,-49.215457,260.934633,0.000000
1988,-49.189121,260.784102,0.000000
1989,-49.162492,260.633741,0.000000
1990,-49.135558,260.483552,0.000000
1991,-49.108311,260.333535,0.000000
1992,-49.080741,260.183690,0.000000
1993,-49.052837,260.034019,0.000000
1994,-49.024588,259.884522,0.000000
1995,-48.995983,259.735201,0.000000
1996,-48.967009,259.586054,0.000000
1997,-48.937655,259.437085,0.000000
1998,-48.907905,259.288293,0.000000
1999,-48.877748,259.139680,0.000000
