0,-58.000000,0.000000,0.000000
1,-57.691800,0.000000,0.000000
2,-57.387782,0.000822,0.000000
3,-57.087877,0.002454,0.000000
4,-56.792015,0.004885,0.000000
5,-56.500124,0.008103,0.000000
6,-56.212130,0.012097,0.000000
7,-55.927962,0.016856,0.000000
8,-55.647540,0.022371,0.000000
9,-55.370791,0.028629,0.000000
10,-55.097635,0.035621,0.000000
11,-54.827991,0.043337,0.000000
12,-54.561773,0.051767,0.000000
13,-54.298893,0.060901,0.000000
14,-54.039263,0.070730,0.000000
15,-53.782787,0.081245,0.000000
16,-53.529363,0.092436,0.000000
17,-53.278892,0.104297,0.000000
18,-53.031271,0.116817,0.000000
19,-52.786382,0.129989,0.000000
20,-52.544097,0.143805,0.000000
21,-52.304285,0.158258,0.000000
22,-52.066820,0.173341,0.000000
23,-51.831553,0.189047,0.000000
24,-51.598312,0.205371,0.000000
25,-51.366941,0.222305,0.000000
26,-51.137264,0.239845,0.000000
27,-50.909080,0.257986,0.000000
28,-50.682179,0.276723,0.000000
29,-50.456315,0.296052,0.000000
30,-50.231220,0.315972,0.000000
31,-50.006645,0.336478,0.000000
32,-49.782266,0.357569,0.000000
33,-49.557709,0.379244,0.000000
34,-49.332586,0.401504,0.000000
35,-49.106513,0.424350,0.000000
36,-48.878978,0.447783,0.000000
37,-48.649378,0.471807,0.000000
38,-48.417054,0.496428,0.000000
39,-48.181258,0.521651,0.000000
40,-47.941093,0.547487,0.000000
41,-47.695434,0.573945,0.000000
42,-47.443015,0.601042,0.000000
43,-47.182423,0.628793,0.000000
44,-46.911642,0.657221,0.000000
45,-46.628238,0.686351,0.000000
46,-46.328969,0.716218,0.000000
47,-46.009570,0.746864,0.000000
48,-45.664699,0.778340,0.000000
49,-45.286013,0.810716,0.000000
50,-44.862239,0.844079,0.000000
51,-44.375419,0.878550,0.000000
52,-43.795539,0.914297,0.000000
53,-43.067626,0.951566,0.000000
54,-42.080403,0.990751,0.000000
55,-40.540303,1.032543,0.000000
56,-37.333024,1.078414,0.000000
57,-21.699938,1.132807,0.000000
58,0.000000,1.228852,1.000000
59,-58.000000,121.382699,0.000000
60,-57.785171,121.301777,0.000000
61,-57.573197,121.221482,0.000000
62,-57.364032,121.141806,0.000000
63,-57.157634,121.062741,0.000000
64,-56.953957,120.984279,0.000000
65,-56.752957,120.906412,0.000000
66,-56.554589,120.829133,0.000000
67,-56.358810,120.752435,0.000000
68,-56.165575,120.676310,0.000000
69,-55.974840,120.600751,0.000000
70,-55.786559,120.525751,0.000000
71,-55.600690,120.451303,0.000000
72,-55.417188,120.377400,0.000000
73,-55.236008,120.304036,0.000000
74,-55.057106,120.231204,0.000000
75,-54.880437,120.158897,0.000000
76,-54.705955,120.087110,0.000000
77,-54.533612,120.015836,0.000000
78,-54.363362,119.945070,0.000000
79,-54.195160,119.874804,0.000000
80,-54.028959,119.805034,0.000000
81,-53.864710,119.735753,0.000000
82,-53.702362,119.666957,0.000000
83,-53.541868,119.598639,0.000000
84,-53.383181,119.530795,0.000000
85,-53.226252,119.463419,0.000000
86,-53.071029,119.396507,0.000000
87,-52.917464,119.330053,0.000000
88,-52.765498,119.264053,0.000000
89,-52.615071,119.198503,0.000000
90,-52.466131,119.133397,0.000000
91,-52.318615,119.068732,0.000000
92,-52.172483,119.004503,0.000000
93,-52.027668,118.940707,0.000000
94,-51.884107,118.877339,0.000000
95,-51.741726,118.814397,0.000000
96,-51.600472,118.751876,0.000000
97,-51.460270,118.689773,0.000000
98,-51.321067,118.628086,0.000000
99,-51.182793,118.566811,0.000000
100,-51.045357,118.505946,0.000000
101,-50.908698,118.445487,0.000000
102,-50.772716,118.385434,0.000000
103,-50.637326,118.325783,0.000000
104,-50.502442,118.266533,0.000000
105,-50.367957,118.207682,0.000000
106,-50.233802,118.149229,0.000000
107,-50.099861,118.091173,0.000000
108,-49.966026,118.033513,0.000000
109,-49.832135,117.976247,0.000000
110,-49.698106,117.919378,0.000000
111,-49.563807,117.862903,0.000000
112,-49.429080,117.806824,0.000000
113,-49.293809,117.751142,0.000000
114,-49.157799,117.695858,0.000000
115,-49.020830,117.640973,0.000000
116,-48.882741,117.586491,0.000000
117,-48.743304,117.532412,0.000000
118,-48.602254,117.478742,0.000000
119,-48.459288,117.425483,0.000000
120,-48.314097,117.372642,0.000000
121,-48.166409,117.320222,0.000000
122,-48.015795,117.268232,0.000000
123,-47.861804,117.216677,0.000000
124,-47.703790,117.165568,0.000000
125,-47.541309,117.114914,0.000000
126,-47.373687,117.064728,0.000000
127,-47.200114,117.015021,0.000000
128,-47.019608,116.965811,0.000000
129,-46.830940,116.917115,0.000000
130,-46.632718,116.868954,0.000000
131,-46.423016,116.821354,0.000000
132,-46.199595,116.774345,0.000000
133,-45.959755,116.727964,0.000000
134,-45.699346,116.682252,0.000000
135,-45.413534,116.637266,0.000000
136,-45.095075,116.593072,0.000000
137,-44.733834,116.549756,0.000000
138,-44.313618,116.507433,0.000000
139,-43.808963,116.466258,0.000000
140,-43.174096,116.426457,0.000000
141,-42.319854,116.388375,0.000000
142,-41.029007,116.352596,0.000000
143,-38.587387,116.320284,0.000000
144,-30.297453,116.294504,0.000000
145,0.000000,116.290848,1.000000
146,-58.000000,236.367987,0.000000
147,-57.873621,236.210409,0.000000
148,-57.748838,236.053272,0.000000
149,-57.625626,235.896573,0.000000
150,-57.503964,235.740307,0.000000
151,-57.383827,235.584470,0.000000
152,-57.265195,235.429056,0.000000
153,-57.148043,235.274063,0.000000
154,-57.032350,235.119486,0.000000
155,-56.918094,234.965320,0.000000
156,-56.805253,234.811561,0.000000
157,-56.693805,234.658206,0.000000
158,-56.583730,234.505251,0.000000
159,-56.475005,234.352691,0.000000
160,-56.367610,234.200522,0.000000
161,-56.261525,234.048742,0.000000
162,-56.156730,233.897345,0.000000
163,-56.053205,233.746329,0.000000
164,-55.950930,233.595690,0.000000
165,-55.849882,233.445423,0.000000
166,-55.750046,233.295527,0.000000
167,-55.651399,233.145996,0.000000
168,-55.553925,232.996829,0.000000
169,-55.457604,232.848020,0.000000
170,-55.362418,232.699568,0.000000
171,-55.268347,232.551469,0.000000
172,-55.175374,232.403719,0.000000
173,-55.083480,232.256315,0.000000
174,-54.992648,232.109255,0.000000
175,-54.902860,231.962535,0.000000
176,-54.814097,231.816153,0.000000
177,-54.726341,231.670104,0.000000
178,-54.639576,231.524387,0.000000
179,-54.553783,231.378999,0.000000
180,-54.468947,231.233936,0.000000
181,-54.385049,231.089196,0.000000
182,-54.302076,230.944777,0.000000
183,-54.220008,230.800675,0.000000
184,-54.138832,230.656888,0.000000
185,-54.058531,230.513413,0.000000
186,-53.979089,230.370248,0.000000
187,-53.900483,230.227390,0.000000
188,-53.822703,230.084837,0.000000
189,-53.745737,229.942587,0.000000
190,-53.669565,229.800637,0.000000
191,-53.594176,229.658984,0.000000
192,-53.519547,229.517627,0.000000
193,-53.445672,229.376563,0.000000
194,-53.372531,229.235790,0.000000
195,-53.300111,229.095306,0.000000
196,-53.228396,228.955109,0.000000
197,-53.157373,228.815197,0.000000
198,-53.087029,228.675567,0.000000
199,-53.017348,228.536218,0.000000
200,-52.948317,228.397148,0.000000
201,-52.879915,228.258354,0.000000
202,-52.812134,228.119835,0.000000
203,-52.744957,227.981590,0.000000
204,-52.678374,227.843616,0.000000
205,-52.612367,227.705911,0.000000
206,-52.546921,227.568474,0.000000
207,-52.482026,227.431303,0.000000
208,-52.417659,227.294397,0.000000
209,-52.353822,227.157754,0.000000
210,-52.290504,227.021372,0.000000
211,-52.227678,226.885249,0.000000
212,-52.165338,226.749385,0.000000
213,-52.103466,226.613778,0.000000
214,-52.042054,226.478427,0.000000
215,-51.981090,226.343329,0.000000
216,-51.920540,226.208484,0.000000
217,-51.860406,226.073890,0.000000
218,-51.800683,225.939546,0.000000
219,-51.741345,225.805451,0.000000
220,-51.682387,225.671604,0.000000
221,-51.623800,225.538004,0.000000
222,-51.565573,225.404648,0.000000
223,-51.507691,225.271537,0.000000
224,-51.450130,225.138669,0.000000
225,-51.392881,225.006043,0.000000
226,-51.335935,224.873658,0.000000
227,-51.279282,224.741513,0.000000
228,-51.222904,224.609607,0.000000
229,-51.166793,224.477939,0.000000
230,-51.110924,224.346509,0.000000
231,-51.055300,224.215316,0.000000
232,-50.999893,224.084358,0.000000
233,-50.944694,223.953636,0.000000
234,-50.889692,223.823147,0.000000
235,-50.834868,223.692893,0.000000
236,-50.780201,223.562871,0.000000
237,-50.725683,223.433082,0.000000
238,-50.671308,223.303525,0.000000
239,-50.617044,223.174199,0.000000
240,-50.562890,223.045104,0.000000
241,-50.508813,222.916240,0.000000
242,-50.454809,222.787606,0.000000
243,-50.400858,222.659201,0.000000
244,-50.346967,222.531026,0.000000
245,-50.293117,222.403080,0.000000
246,-50.239263,222.275363,0.000000
247,-50.185410,222.147875,0.000000
248,-50.131528,222.020615,0.000000
249,-50.077618,221.893584,0.000000
250,-50.023655,221.766781,0.000000
251,-49.969605,221.640207,0.000000
252,-49.915416,221.513861,0.000000
253,-49.861096,221.387744,0.000000
254,-49.806646,221.261856,0.000000
255,-49.752042,221.136197,0.000000
256,-49.697233,221.010768,0.000000
257,-49.642220,220.885568,0.000000
258,-49.586981,220.760599,0.000000
259,-49.531490,220.635860,0.000000
260,-49.475726,220.511352,0.000000
261,-49.419650,220.387076,0.000000
262,-49.363228,220.263032,0.000000
263,-49.306437,220.139221,0.000000
264,-49.249242,220.015645,0.000000
265,-49.191622,219.892303,0.000000
266,-49.133541,219.769197,0.000000
267,-49.074940,219.646328,0.000000
268,-49.015771,219.523697,0.000000
269,-48.956015,219.401306,0.000000
270,-48.895613,219.279156,0.000000
271,-48.834521,219.157248,0.000000
272,-48.772693,219.035585,0.000000
273,-48.710059,218.914167,0.000000
274,-48.646590,218.792998,0.000000
275,-48.582175,218.672078,0.000000
276,-48.516760,218.551411,0.000000
277,-48.450264,218.430999,0.000000
278,-48.382611,218.310844,0.000000
279,-48.313773,218.190950,0.000000
280,-48.243605,218.071319,0.000000
281,-48.172017,217.951955,0.000000
282,-48.098920,217.832862,0.000000
283,-48.024191,217.714043,0.000000
284,-47.947660,217.595502,0.000000
285,-47.869054,217.477245,0.000000
286,-47.788357,217.359276,0.000000
287,-47.705416,217.241601,0.000000
288,-47.619967,217.124226,0.000000
289,-47.531862,217.007156,0.000000
290,-47.440770,216.890400,0.000000
291,-47.346439,216.773964,0.000000
292,-47.248547,216.657858,0.000000
293,-47.146664,216.542090,0.000000
294,-47.040406,216.426671,0.000000
295,-46.929208,216.311612,0.000000
296,-46.812589,216.196926,0.000000
297,-46.689703,216.082628,0.000000
298,-46.559831,215.968734,0.000000
299,-46.421814,215.855262,0.000000
300,-46.274562,215.742233,0.000000
301,-46.116616,215.629673,0.000000
302,-45.946138,215.517609,0.000000
303,-45.760511,215.406074,0.000000
304,-45.556786,215.295109,0.000000
305,-45.331319,215.184761,0.000000
306,-45.078515,215.075087,0.000000
307,-44.790661,214.966161,0.000000
308,-44.456352,214.858075,0.000000
309,-44.057651,214.750953,0.000000
310,-43.567369,214.644965,0.000000
311,-42.933423,214.540356,0.000000
312,-42.051250,214.437506,0.000000
313,-40.654322,214.337078,0.000000
314,-37.786080,214.240442,0.000000
315,-25.463668,214.151519,0.000000
316,0.000000,214.095515,1.000000
317,-58.000000,334.107451,0.000000
318,-57.948805,333.884713,0.000000
319,-57.898135,333.662259,0.000000
320,-57.847981,333.440090,0.000000
321,-57.798338,333.218202,0.000000
322,-57.749198,332.996594,0.000000
323,-57.700553,332.775265,0.000000
324,-57.652398,332.554214,0.000000
325,-57.604725,332.333438,0.000000
326,-57.557528,332.112936,0.000000
327,-57.510800,331.892708,0.000000
328,-57.464534,331.672750,0.000000
329,-57.418725,331.453063,0.000000
330,-57.373367,331.233644,0.000000
331,-57.328451,331.014493,0.000000
332,-57.283973,330.795608,0.000000
333,-57.239928,330.576987,0.000000
334,-57.196307,330.358629,0.000000
335,-57.153106,330.140533,0.000000
336,-57.110320,329.922698,0.000000
337,-57.067941,329.705122,0.000000
338,-57.025965,329.487804,0.000000
339,-56.984385,329.270743,0.000000
340,-56.943197,329.053937,0.000000
341,-56.902395,328.837386,0.000000
342,-56.861973,328.621088,0.000000
343,-56.821928,328.405042,0.000000
344,-56.782252,328.189247,0.000000
345,-56.742941,327.973702,0.000000
346,-56.703990,327.758405,0.000000
347,-56.665394,327.543355,0.000000
348,-56.627148,327.328552,0.000000
349,-56.589246,327.113994,0.000000
350,-56.551686,326.899680,0.000000
351,-56.514460,326.685609,0.000000
352,-56.477565,326.471780,0.000000
353,-56.440997,326.258192,0.000000
354,-56.404751,326.044844,0.000000
355,-56.368822,325.831735,0.000000
356,-56.333207,325.618864,0.000000
357,-56.297901,325.406229,0.000000
358,-56.262899,325.193831,0.000000
359,-56.228198,324.981667,0.000000
360,-56.193793,324.769738,0.000000
361,-56.159681,324.558041,0.000000
362,-56.125856,324.346577,0.000000
363,-56.092315,324.135343,0.000000
364,-56.059054,323.924340,0.000000
365,-56.026069,323.713567,0.000000
366,-55.993357,323.503021,0.000000
367,-55.960911,323.292704,0.000000
368,-55.928729,323.082613,0.000000
369,-55.896810,322.872748,0.000000
370,-55.865147,322.663108,0.000000
371,-55.833738,322.453692,0.000000
372,-55.802581,322.244500,0.000000
373,-55.771669,322.035530,0.000000
374,-55.741002,321.826782,0.000000
375,-55.710574,321.618255,0.000000
376,-55.680384,321.409948,0.000000
377,-55.650427,321.201860,0.000000
378,-55.620700,320.993991,0.000000
379,-55.591201,320.786340,0.000000
380,-55.561926,320.578906,0.000000
381,-55.532872,320.371688,0.000000
382,-55.504036,320.164686,0.000000
383,-55.475414,319.957899,0.000000
384,-55.447005,319.751326,0.000000
385,-55.418804,319.544966,0.000000
386,-55.390810,319.338820,0.000000
387,-55.363018,319.132885,0.000000
388,-55.335426,318.927162,0.000000
389,-55.308033,318.721649,0.000000
390,-55.280833,318.516347,0.000000
391,-55.253826,318.311254,0.000000
392,-55.227009,318.106369,0.000000
393,-55.200378,317.901693,0.000000
394,-55.173931,317.697224,0.000000
395,-55.147666,317.492962,0.000000
396,-55.121580,317.288907,0.000000
397,-55.095671,317.085057,0.000000
398,-55.069935,316.881411,0.000000
399,-55.044372,316.677971,0.000000
400,-55.018978,316.474734,0.000000
401,-54.993750,316.271700,0.000000
402,-54.968687,316.068869,0.000000
403,-54.943787,315.866240,0.000000
404,-54.919047,315.663812,0.000000
405,-54.894464,315.461586,0.000000
406,-54.870036,315.259560,0.000000
407,-54.845762,315.057733,0.000000
408,-54.821639,314.856106,0.000000
409,-54.797665,314.654678,0.000000
410,-54.773839,314.453447,0.000000
411,-54.750156,314.252415,0.000000
412,-54.726617,314.051580,0.000000
413,-54.703219,313.850941,0.000000
414,-54.679959,313.650498,0.000000
415,-54.656836,313.450252,0.000000
416,-54.633848,313.250200,0.000000
417,-54.610993,313.050343,0.000000
418,-54.588269,312.850680,0.000000
419,-54.565674,312.651211,0.000000
420,-54.543206,312.451935,0.000000
421,-54.520864,312.252852,0.000000
422,-54.498645,312.053961,0.000000
423,-54.476546,311.855262,0.000000
424,-54.454570,311.656754,0.000000
425,-54.432712,311.458438,0.000000
426,-54.410973,311.260312,0.000000
427,-54.389350,311.062376,0.000000
428,-54.367841,310.864629,0.000000
429,-54.346445,310.667072,0.000000
430,-54.325161,310.469703,0.000000
431,-54.303984,310.272523,0.000000
432,-54.282916,310.075531,0.000000
433,-54.261953,309.878726,0.000000
434,-54.241095,309.682108,0.000000
435,-54.220341,309.485677,0.000000
436,-54.199687,309.289433,0.000000
437,-54.179134,309.093374,0.000000
438,-54.158681,308.897501,0.000000
439,-54.138325,308.701813,0.000000
440,-54.118066,308.506309,0.000000
441,-54.097900,308.310990,0.000000
442,-54.077827,308.115855,0.000000
443,-54.057847,307.920904,0.000000
444,-54.037957,307.726136,0.000000
445,-54.018155,307.531550,0.000000
446,-53.998442,307.337148,0.000000
447,-53.978810,307.142927,0.000000
448,-53.959265,306.948888,0.000000
449,-53.939802,306.755031,0.000000
450,-53.920423,306.561355,0.000000
451,-53.901124,306.367860,0.000000
452,-53.881908,306.174545,0.000000
453,-53.862768,305.981410,0.000000
454,-53.843709,305.788455,0.000000
455,-53.824726,305.595680,0.000000
456,-53.805822,305.403083,0.000000
457,-53.786989,305.210666,0.000000
458,-53.768232,305.018427,0.000000
459,-53.749547,304.826366,0.000000
460,-53.730932,304.634483,0.000000
461,-53.712387,304.442777,0.000000
462,-53.693912,304.251249,0.000000
463,-53.675504,304.059898,0.000000
464,-53.657164,303.868723,0.000000
465,-53.638891,303.677725,0.000000
466,-53.620683,303.486903,0.000000
467,-53.602543,303.296257,0.000000
468,-53.584465,303.105786,0.000000
469,-53.566446,302.915490,0.000000
470,-53.548491,302.725369,0.000000
471,-53.530597,302.535423,0.000000
472,-53.512762,302.345651,0.000000
473,-53.494987,302.156053,0.000000
474,-53.477268,301.966629,0.000000
475,-53.459607,301.777379,0.000000
476,-53.441999,301.588302,0.000000
477,-53.424450,301.399398,0.000000
478,-53.406955,301.210666,0.000000
479,-53.389513,301.022107,0.000000
480,-53.372122,300.833721,0.000000
481,-53.354786,300.645506,0.000000
482,-53.337499,300.457463,0.000000
483,-53.320259,300.269591,0.000000
484,-53.303069,300.081891,0.000000
485,-53.285929,299.894361,0.000000
486,-53.268837,299.707003,0.000000
487,-53.251791,299.519814,0.000000
488,-53.234790,299.332796,0.000000
489,-53.217832,299.145949,0.000000
490,-53.200919,298.959270,0.000000
491,-53.184051,298.772762,0.000000
492,-53.167227,298.586422,0.000000
493,-53.150444,298.400252,0.000000
494,-53.133705,298.214251,0.000000
495,-53.117005,298.028418,0.000000
496,-53.100346,297.842754,0.000000
497,-53.083723,297.657258,0.000000
498,-53.067140,297.471930,0.000000
499,-53.050597,297.286770,0.000000
500,-53.034089,297.101777,0.000000
501,-53.017616,296.916952,0.000000
502,-53.001178,296.732293,0.000000
503,-52.984780,296.547802,0.000000
504,-52.968413,296.363477,0.000000
505,-52.952082,296.179319,0.000000
506,-52.935783,295.995328,0.000000
507,-52.919513,295.811502,0.000000
508,-52.903277,295.627842,0.000000
509,-52.887072,295.444348,0.000000
510,-52.870895,295.261020,0.000000
511,-52.854749,295.077857,0.000000
512,-52.838635,294.894859,0.000000
513,-52.822549,294.712026,0.000000
514,-52.806492,294.529358,0.000000
515,-52.790459,294.346855,0.000000
516,-52.774456,294.164516,0.000000
517,-52.758476,293.982341,0.000000
518,-52.742525,293.800330,0.000000
519,-52.726597,293.618483,0.000000
520,-52.710692,293.436800,0.000000
521,-52.694811,293.255280,0.000000
522,-52.678953,293.073924,0.000000
523,-52.663113,292.892731,0.000000
524,-52.647299,292.711701,0.000000
525,-52.631505,292.530833,0.000000
526,-52.615732,292.350129,0.000000
527,-52.599983,292.169587,0.000000
528,-52.584248,291.989207,0.000000
529,-52.568533,291.808990,0.000000
530,-52.552835,291.628934,0.000000
531,-52.537158,291.449041,0.000000
532,-52.521499,291.269309,0.000000
533,-52.505854,291.089739,0.000000
534,-52.490228,290.910330,0.000000
535,-52.474610,290.731083,0.000000
536,-52.459011,290.551996,0.000000
537,-52.443428,290.373071,0.000000
538,-52.427860,290.194307,0.000000
539,-52.412308,290.015703,0.000000
540,-52.396772,289.837260,0.000000
541,-52.381247,289.658977,0.000000
542,-52.365742,289.480854,0.000000
543,-52.350244,289.302892,0.000000
544,-52.334762,289.125089,0.000000
545,-52.319287,288.947446,0.000000
546,-52.303826,288.769963,0.000000
547,-52.288374,288.592640,0.000000
548,-52.272933,288.415476,0.000000
549,-52.257501,288.238471,0.000000
550,-52.242073,288.061625,0.000000
551,-52.226657,287.884939,0.000000
552,-52.211251,287.708411,0.000000
553,-52.195851,287.532042,0.000000
554,-52.180455,287.355832,0.000000
555,-52.165064,287.179780,0.000000
556,-52.149681,287.003887,0.000000
557,-52.134303,286.828152,0.000000
558,-52.118931,286.652575,0.000000
559,-52.103563,286.477156,0.000000
560,-52.088198,286.301895,0.000000
561,-52.072836,286.126792,0.000000
562,-52.057483,285.951847,0.000000
563,-52.042129,285.777059,0.000000
564,-52.026778,285.602429,0.000000
565,-52.011425,285.427956,0.000000
566,-51.996075,285.253640,0.000000
567,-51.980712,285.079481,0.000000
568,-51.965349,284.905480,0.000000
569,-51.949990,284.731635,0.000000
570,-51.934630,284.557947,0.000000
571,-51.919265,284.384417,0.000000
572,-51.903890,284.211042,0.000000
573,-51.888519,284.037825,0.000000
574,-51.873143,283.864763,0.000000
575,-51.857768,283.691858,0.000000
576,-51.842383,283.519110,0.000000
577,-51.826998,283.346517,0.000000
578,-51.811610,283.174081,0.000000
579,-51.796207,283.001801,0.000000
580,-51.780805,282.829676,0.000000
581,-51.765394,282.657708,0.000000
582,-51.749981,282.485895,0.000000
583,-51.734553,282.314238,0.000000
584,-51.719128,282.142736,0.000000
585,-51.703690,281.971390,0.000000
586,-51.688240,281.800199,0.000000
587,-51.672782,281.629164,0.000000
588,-51.657322,281.458284,0.000000
589,-51.641845,281.287559,0.000000
590,-51.626357,281.116989,0.000000
591,-51.610862,280.946574,0.000000
592,-51.595356,280.776314,0.000000
593,-51.579830,280.606209,0.000000
594,-51.564298,280.436259,0.000000
595,-51.548751,280.266463,0.000000
596,-51.533189,280.096822,0.000000
597,-51.517612,279.927336,0.000000
598,-51.502022,279.758004,0.000000
599,-51.486417,279.588827,0.000000
600,-51.470789,279.419804,0.000000
601,-51.455153,279.250935,0.000000
602,-51.439489,279.082221,0.000000
603,-51.423813,278.913661,0.000000
604,-51.408130,278.745255,0.000000
605,-51.392419,278.577003,0.000000
606,-51.376688,278.408905,0.000000
607,-51.360940,278.240961,0.000000
608,-51.345167,278.073172,0.000000
609,-51.329374,277.905536,0.000000
610,-51.313551,277.738054,0.000000
611,-51.297709,277.570726,0.000000
612,-51.281849,277.403551,0.000000
613,-51.265960,277.236531,0.000000
614,-51.250042,277.069664,0.000000
615,-51.234113,276.902951,0.000000
616,-51.218152,276.736391,0.000000
617,-51.202164,276.569985,0.000000
618,-51.186145,276.403733,0.000000
619,-51.170095,276.237634,0.000000
620,-51.154021,276.071688,0.000000
621,-51.137922,275.905897,0.000000
622,-51.121789,275.740258,0.000000
623,-51.105628,275.574773,0.000000
624,-51.089429,275.409442,0.000000
625,-51.073198,275.244264,0.000000
626,-51.056935,275.079239,0.000000
627,-51.040641,274.914368,0.000000
628,-51.024321,274.749650,0.000000
629,-51.007957,274.585085,0.000000
630,-50.991553,274.420674,0.000000
631,-50.975116,274.256416,0.000000
632,-50.958645,274.092312,0.000000
633,-50.942127,273.928360,0.000000
634,-50.925572,273.764563,0.000000
635,-50.908987,273.600918,0.000000
636,-50.892351,273.437427,0.000000
637,-50.875680,273.274089,0.000000
638,-50.858965,273.110904,0.000000
639,-50.842202,272.947873,0.000000
640,-50.825391,272.784996,0.000000
641,-50.808529,272.622271,0.000000
642,-50.791625,272.459700,0.000000
643,-50.774677,272.297283,0.000000
644,-50.757674,272.135019,0.000000
645,-50.740627,271.972908,0.000000
646,-50.723518,271.810952,0.000000
647,-50.706367,271.649148,0.000000
648,-50.689154,271.487499,0.000000
649,-50.671892,271.326002,0.000000
650,-50.654570,271.164660,0.000000
651,-50.637190,271.003472,0.000000
652,-50.619752,270.842437,0.000000
653,-50.602258,270.681556,0.000000
654,-50.584698,270.520829,0.000000
655,-50.567073,270.360256,0.000000
656,-50.549384,270.199837,0.000000
657,-50.531628,270.039572,0.000000
658,-50.513811,269.879461,0.000000
659,-50.495913,269.719505,0.000000
660,-50.477942,269.559703,0.000000
661,-50.459902,269.400055,0.000000
662,-50.441801,269.240562,0.000000
663,-50.423622,269.081223,0.000000
664,-50.405380,268.922040,0.000000
665,-50.387058,268.763011,0.000000
666,-50.368674,268.604137,0.000000
667,-50.350203,268.445417,0.000000
668,-50.331666,268.286853,0.000000
669,-50.313035,268.128444,0.000000
670,-50.294327,267.970191,0.000000
671,-50.275533,267.812092,0.000000
672,-50.256653,267.654149,0.000000
673,-50.237680,267.496362,0.000000
674,-50.218614,267.338731,0.000000
675,-50.199452,267.181256,0.000000
676,-50.180205,267.023936,0.000000
677,-50.160861,266.866773,0.000000
678,-50.141414,266.709766,0.000000
679,-50.121873,266.552916,0.000000
680,-50.102221,266.396222,0.000000
681,-50.082469,266.239686,0.000000
682,-50.062610,266.083306,0.000000
683,-50.042633,265.927084,0.000000
684,-50.022548,265.771019,0.000000
685,-50.002348,265.615111,0.000000
686,-49.982030,265.459361,0.000000
687,-49.961538,265.303770,0.000000
688,-49.940953,265.148337,0.000000
689,-49.920236,264.993062,0.000000
690,-49.899376,264.837946,0.000000
691,-49.878401,264.682989,0.000000
692,-49.857259,264.528191,0.000000
693,-49.835994,264.373553,0.000000
694,-49.814579,264.219075,0.000000
695,-49.793018,264.064757,0.000000
696,-49.771312,263.910599,0.000000
697,-49.749477,263.756602,0.000000
698,-49.727461,263.602765,0.000000
699,-49.705279,263.449090,0.000000
700,-49.682935,263.295577,0.000000
701,-49.660445,263.142225,0.000000
702,-49.637769,262.989036,0.000000
703,-49.614897,262.836009,0.000000
704,-49.591873,262.683145,0.000000
705,-49.568644,262.530445,0.000000
706,-49.545227,262.377908,0.000000
707,-49.521598,262.225536,0.000000
708,-49.497773,262.073328,0.000000
709,-49.473755,261.921285,0.000000
710,-49.449534,261.769408,0.000000
711,-49.425085,261.617696,0.000000
712,-49.400398,261.466151,0.000000
713,-49.375477,261.314772,0.000000
714,-49.350338,261.163561,0.000000
715,-49.324931,261.012518,0.000000
716,-49.299285,260.861643,0.000000
717,-49.273379,260.710937,0.000000
718,-49.247202,260.560401,0.000000
719,-49.220744,260.410035,0.000000
720,-49.194009,260.259839,0.000000
721,-49.166974,260.109816,0.000000
722,-49.139631,259.959964,0.000000
723,-49.111969,259.810285,0.000000
724,-49.084021,259.660779,0.000000
725,-49.055709,259.511448,0.000000
726,-49.027053,259.362292,0.000000
727,-48.998029,259.213312,0.000000
728,-48.968644,259.064508,0.000000
729,-48.938889,258.915882,0.000000
730,-48.908714,258.767435,0.000000
731,-48.878140,258.619166,0.000000
732,-48.847118,258.471079,0.000000
733,-48.815682,258.323172,0.000000
734,-48.783769,258.175448,0.000000
735,-48.751401,258.027908,0.000000
736,-48.718515,257.880552,0.000000
737,-48.685119,257.733383,0.000000
738,-48.651180,257.586400,0.000000
739,-48.616678,257.439606,0.000000
740,-48.581568,257.293002,0.000000
741,-48.545842,257.146589,0.000000
742,-48.509471,257.000369,0.000000
743,-48.472436,256.854344,0.000000
744,-48.434694,256.708514,0.000000
745,-48.396241,256.562883,0.000000
746,-48.357056,256.417451,0.000000
747,-48.317099,256.272220,0.000000
748,-48.276301,256.127193,0.000000
749,-48.234630,255.982372,0.000000
750,-48.192033,255.837758,0.000000
751,-48.148495,255.693354,0.000000
752,-48.103948,255.549163,0.000000
753,-48.058351,255.405186,0.000000
754,-48.011625,255.261427,0.000000
755,-47.963691,255.117888,0.000000
756,-47.914387,254.974573,0.000000
757,-47.863745,254.831485,0.000000
758,-47.811635,254.688628,0.000000
759,-47.758005,254.546004,0.000000
760,-47.702803,254.403619,0.000000
761,-47.645903,254.261476,0.000000
762,-47.587182,254.119579,0.000000
763,-47.526445,253.977933,0.000000
764,-47.463573,253.836544,0.000000
765,-47.398450,253.695417,0.000000
766,-47.330884,253.554558,0.000000
767,-47.260691,253.413972,0.000000
768,-47.187613,253.273668,0.000000
769,-47.111395,253.133652,0.000000
770,-47.031715,252.993932,0.000000
771,-46.948251,252.854518,0.000000
772,-46.860617,252.715420,0.000000
773,-46.768429,252.576648,0.000000
774,-46.671089,252.438215,0.000000
775,-46.568007,252.300133,0.000000
776,-46.458485,252.162418,0.000000
777,-46.341557,252.025087,0.000000
778,-46.216512,251.888160,0.000000
779,-46.081915,251.751657,0.000000
780,-45.936285,251.615604,0.000000
781,-45.777363,251.480030,0.000000
782,-45.603153,251.344971,0.000000
783,-45.410468,251.210466,0.000000
784,-45.195271,251.076564,0.000000
785,-44.951677,250.943326,0.000000
786,-44.671989,250.810826,0.000000
787,-44.343917,250.679160,0.000000
788,-43.949333,250.548457,0.000000
789,-43.456945,250.418893,0.000000
790,-42.812666,250.290729,0.000000
791,-41.899917,250.164368,0.000000
792,-40.415148,250.040525,0.000000
793,-37.198103,249.920724,0.000000
794,-20.667276,249.809582,0.000000
795,0.000000,249.742596,1.000000
796,-58.000000,369.730768,0.000000
797,-57.976208,369.484281,0.000000
798,-57.952549,369.238022,0.000000
799,-57.929023,368.991989,0.000000
800,-57.905627,368.746184,0.000000
801,-57.882359,368.500605,0.000000
802,-57.859219,368.255252,0.000000
803,-57.836204,368.010124,0.000000
804,-57.813312,367.765220,0.000000
805,-57.790543,367.520542,0.000000
806,-57.767895,367.276086,0.000000
807,-57.745366,367.031855,0.000000
808,-57.722954,366.787846,0.000000
809,-57.700658,366.544059,0.000000
810,-57.678477,366.300495,0.000000
811,-57.656410,366.057152,0.000000
812,-57.634454,365.814030,0.000000
813,-57.612608,365.571129,0.000000
814,-57.590872,365.328448,0.000000
815,-57.569243,365.085987,0.000000
816,-57.547720,364.843745,0.000000
817,-57.526302,364.601722,0.000000
818,-57.504988,364.359917,0.000000
819,-57.483776,364.118331,0.000000
820,-57.462665,363.876962,0.000000
821,-57.441654,363.635810,0.000000
822,-57.420741,363.394875,0.000000
823,-57.399925,363.154157,0.000000
824,-57.379205,362.913654,0.000000
825,-57.358580,362.673367,0.000000
826,-57.338049,362.433296,0.000000
827,-57.317609,362.193439,0.000000
828,-57.297262,361.953796,0.000000
829,-57.277004,361.714368,0.000000
830,-57.256836,361.475153,0.000000
831,-57.236755,361.236151,0.000000
832,-57.216762,360.997362,0.000000
833,-57.196853,360.758786,0.000000
834,-57.177030,360.520422,0.000000
835,-57.157290,360.282270,0.000000
836,-57.137632,360.044329,0.000000
837,-57.118057,359.806599,0.000000
838,-57.098561,359.569080,0.000000
839,-57.079146,359.331771,0.000000
840,-57.059808,359.094672,0.000000
841,-57.040548,358.857783,0.000000
842,-57.021365,358.621103,0.000000
843,-57.002258,358.384632,0.000000
844,-56.983225,358.148370,0.000000
845,-56.964267,357.912315,0.000000
846,-56.945381,357.676469,0.000000
847,-56.926567,357.440831,0.000000
848,-56.907824,357.205399,0.000000
849,-56.889151,356.970175,0.000000
850,-56.870548,356.735157,0.000000
851,-56.852013,356.500345,0.000000
852,-56.833547,356.265740,0.000000
853,-56.815146,356.031340,0.000000
854,-56.796812,355.797145,0.000000
855,-56.778543,355.563156,0.000000
856,-56.760338,355.329371,0.000000
857,-56.742197,355.095791,0.000000
858,-56.724119,354.862414,0.000000
859,-56.706103,354.629242,0.000000
860,-56.688149,354.396273,0.000000
861,-56.670255,354.163507,0.000000
862,-56.652421,353.930944,0.000000
863,-56.634646,353.698583,0.000000
864,-56.616929,353.466425,0.000000
865,-56.599271,353.234469,0.000000
866,-56.581669,353.002715,0.000000
867,-56.564123,352.771162,0.000000
868,-56.546634,352.539810,0.000000
869,-56.529199,352.308660,0.000000
870,-56.511818,352.077709,0.000000
871,-56.494491,351.846959,0.000000
872,-56.477217,351.616409,0.000000
873,-56.459995,351.386059,0.000000
874,-56.442826,351.155909,0.000000
875,-56.425707,350.925957,0.000000
876,-56.408640,350.696205,0.000000
877,-56.391623,350.466651,0.000000
878,-56.374654,350.237296,0.000000
879,-56.357736,350.008138,0.000000
880,-56.340866,349.779179,0.000000
881,-56.324043,349.550417,0.000000
882,-56.307267,349.321853,0.000000
883,-56.290538,349.093486,0.000000
884,-56.273855,348.865315,0.000000
885,-56.257217,348.637342,0.000000
886,-56.240624,348.409564,0.000000
887,-56.224076,348.181983,0.000000
888,-56.207572,347.954597,0.000000
889,-56.191112,347.727407,0.000000
890,-56.174694,347.500413,0.000000
891,-56.158319,347.273613,0.000000
892,-56.141985,347.047009,0.000000
893,-56.125693,346.820599,0.000000
894,-56.109442,346.594383,0.000000
895,-56.093231,346.368362,0.000000
896,-56.077061,346.142535,0.000000
897,-56.060930,345.916901,0.000000
898,-56.044837,345.691460,0.000000
899,-56.028784,345.466213,0.000000
900,-56.012768,345.241159,0.000000
901,-55.996791,345.016298,0.000000
902,-55.980848,344.791629,0.000000
903,-55.964943,344.567152,0.000000
904,-55.949073,344.342867,0.000000
905,-55.933240,344.118775,0.000000
906,-55.917442,343.894874,0.000000
907,-55.901679,343.671164,0.000000
908,-55.885952,343.447645,0.000000
909,-55.870258,343.224318,0.000000
910,-55.854599,343.001181,0.000000
911,-55.838972,342.778235,0.000000
912,-55.823381,342.555479,0.000000
913,-55.807822,342.332913,0.000000
914,-55.792295,342.110537,0.000000
915,-55.776801,341.888350,0.000000
916,-55.761339,341.666353,0.000000
917,-55.745907,341.444545,0.000000
918,-55.730506,341.222927,0.000000
919,-55.715137,341.001497,0.000000
920,-55.699798,340.780255,0.000000
921,-55.684488,340.559202,0.000000
922,-55.669209,340.338338,0.000000
923,-55.653959,340.117661,0.000000
924,-55.638737,339.897172,0.000000
925,-55.623543,339.676871,0.000000
926,-55.608380,339.456757,0.000000
927,-55.593243,339.236830,0.000000
928,-55.578134,339.017090,0.000000
929,-55.563054,338.797537,0.000000
930,-55.547999,338.578170,0.000000
931,-55.532971,338.358990,0.000000
932,-55.517970,338.139997,0.000000
933,-55.502995,337.921189,0.000000
934,-55.488045,337.702567,0.000000
935,-55.473121,337.484130,0.000000
936,-55.458222,337.265879,0.000000
937,-55.443349,337.047813,0.000000
938,-55.428501,336.829933,0.000000
939,-55.413677,336.612237,0.000000
940,-55.398877,336.394725,0.000000
941,-55.384100,336.177399,0.000000
942,-55.369348,335.960256,0.000000
943,-55.354619,335.743298,0.000000
944,-55.339913,335.526523,0.000000
945,-55.325231,335.309932,0.000000
946,-55.310569,335.093525,0.000000
947,-55.295931,334.877301,0.000000
948,-55.281315,334.661261,0.000000
949,-55.266722,334.445403,0.000000
950,-55.252149,334.229728,0.000000
951,-55.237598,334.014236,0.000000
952,-55.223068,333.798926,0.000000
953,-55.208559,333.583799,0.000000
954,-55.194071,333.368854,0.000000
955,-55.179603,333.154090,0.000000
956,-55.165155,332.939509,0.000000
957,-55.150728,332.725109,0.000000
958,-55.136320,332.510890,0.000000
959,-55.121932,332.296853,0.000000
960,-55.107562,332.082996,0.000000
961,-55.093212,331.869321,0.000000
962,-55.078880,331.655826,0.000000
963,-55.064568,331.442512,0.000000
964,-55.050273,331.229378,0.000000
965,-55.035996,331.016424,0.000000
966,-55.021739,330.803651,0.000000
967,-55.007499,330.591057,0.000000
968,-54.993276,330.378643,0.000000
969,-54.979071,330.166409,0.000000
970,-54.964883,329.954354,0.000000
971,-54.950712,329.742478,0.000000
972,-54.936558,329.530781,0.000000
973,-54.922419,329.319263,0.000000
974,-54.908298,329.107924,0.000000
975,-54.894193,328.896763,0.000000
976,-54.880105,328.685781,0.000000
977,-54.866031,328.474977,0.000000
978,-54.851974,328.264351,0.000000
979,-54.837931,328.053902,0.000000
980,-54.823904,327.843632,0.000000
981,-54.809893,327.633539,0.000000
982,-54.795895,327.423624,0.000000
983,-54.781913,327.213886,0.000000
984,-54.767945,327.004325,0.000000
985,-54.753991,326.794941,0.000000
986,-54.740052,326.585734,0.000000
987,-54.726126,326.376703,0.000000
988,-54.712214,326.167849,0.000000
989,-54.698317,325.959171,0.000000
990,-54.684433,325.750670,0.000000
991,-54.670561,325.542344,0.000000
992,-54.656703,325.334194,0.000000
993,-54.642857,325.126220,0.000000
994,-54.629024,324.918422,0.000000
995,-54.615204,324.710799,0.000000
996,-54.601397,324.503351,0.000000
997,-54.587603,324.296079,0.000000
998,-54.573819,324.088981,0.000000
999,-54.560049,323.882058,0.000000
1000,-54.546290,323.675310,0.000000
1001,-54.532543,323.468737,0.000000
1002,-54.518809,323.262337,0.000000
1003,-54.505085,323.056112,0.000000
1004,-54.491372,322.850061,0.000000
1005,-54.477669,322.644184,0.000000
1006,-54.463977,322.438481,0.000000
1007,-54.450298,322.232952,0.000000
1008,-54.436629,322.027596,0.000000
1009,-54.422971,321.822413,0.000000
1010,-54.409325,321.617403,0.000000
1011,-54.395689,321.412567,0.000000
1012,-54.382064,321.207903,0.000000
1013,-54.368450,321.003413,0.000000
1014,-54.354846,320.799095,0.000000
1015,-54.341252,320.594949,0.000000
1016,-54.327669,320.390976,0.000000
1017,-54.314092,320.187175,0.000000
1018,-54.300528,319.983546,0.000000
1019,-54.286971,319.780089,0.000000
1020,-54.273424,319.576803,0.000000
1021,-54.259886,319.373690,0.000000
1022,-54.246359,319.170748,0.000000
1023,-54.232838,318.967977,0.000000
1024,-54.219328,318.765377,0.000000
1025,-54.205825,318.562949,0.000000
1026,-54.192331,318.360691,0.000000
1027,-54.178846,318.158605,0.000000
1028,-54.165370,317.956689,0.000000
1029,-54.151900,317.754943,0.000000
1030,-54.138439,317.553368,0.000000
1031,-54.124987,317.351964,0.000000
1032,-54.111541,317.150729,0.000000
1033,-54.098104,316.949665,0.000000
1034,-54.084674,316.748770,0.000000
1035,-54.071251,316.548045,0.000000
1036,-54.057836,316.347490,0.000000
1037,-54.044428,316.147104,0.000000
1038,-54.031026,315.946887,0.000000
1039,-54.017631,315.746840,0.000000
1040,-54.004244,315.546962,0.000000
1041,-53.990862,315.347253,0.000000
1042,-53.977483,315.147712,0.000000
1043,-53.964109,314.948340,0.000000
1044,-53.950742,314.749137,0.000000
1045,-53.937380,314.550103,0.000000
1046,-53.924026,314.351236,0.000000
1047,-53.910677,314.152538,0.000000
1048,-53.897335,313.954008,0.000000
1049,-53.883999,313.755646,0.000000
1050,-53.870668,313.557451,0.000000
1051,-53.857341,313.359425,0.000000
1052,-53.844021,313.161565,0.000000
1053,-53.830704,312.963874,0.000000
1054,-53.817394,312.766349,0.000000
1055,-53.804090,312.568992,0.000000
1056,-53.790790,312.371802,0.000000
1057,-53.777493,312.174779,0.000000
1058,-53.764204,311.977922,0.000000
1059,-53.750917,311.781232,0.000000
1060,-53.737637,311.584709,0.000000
1061,-53.724360,311.388352,0.000000
1062,-53.711087,311.192162,0.000000
1063,-53.697820,310.996138,0.000000
1064,-53.684558,310.800279,0.000000
1065,-53.671299,310.604587,0.000000
1066,-53.658044,310.409060,0.000000
1067,-53.644795,310.213700,0.000000
1068,-53.631548,310.018504,0.000000
1069,-53.618305,309.823475,0.000000
1070,-53.605066,309.628610,0.000000
1071,-53.591830,309.433911,0.000000
1072,-53.578596,309.239377,0.000000
1073,-53.565366,309.045008,0.000000
1074,-53.552136,308.850804,0.000000
1075,-53.538912,308.656764,0.000000
1076,-53.525688,308.462889,0.000000
1077,-53.512471,308.269179,0.000000
1078,-53.499255,308.075633,0.000000
1079,-53.486041,307.882251,0.000000
1080,-53.472830,307.689033,0.000000
1081,-53.459621,307.495980,0.000000
1082,-53.446415,307.303090,0.000000
1083,-53.433211,307.110364,0.000000
1084,-53.420009,306.917802,0.000000
1085,-53.406809,306.725404,0.000000
1086,-53.393610,306.533169,0.000000
1087,-53.380409,306.341097,0.000000
1088,-53.367211,306.149189,0.000000
1089,-53.354017,305.957443,0.000000
1090,-53.340823,305.765861,0.000000
1091,-53.327631,305.574442,0.000000
1092,-53.314439,305.383185,0.000000
1093,-53.301249,305.192091,0.000000
1094,-53.288057,305.001160,0.000000
1095,-53.274869,304.810391,0.000000
1096,-53.261680,304.619784,0.000000
1097,-53.248491,304.429340,0.000000
1098,-53.235301,304.239058,0.000000
1099,-53.222116,304.048938,0.000000
1100,-53.208929,303.858979,0.000000
1101,-53.195742,303.669183,0.000000
1102,-53.182556,303.479548,0.000000
1103,-53.169369,303.290075,0.000000
1104,-53.156179,303.100764,0.000000
1105,-53.142991,302.911613,0.000000
1106,-53.129801,302.722624,0.000000
1107,-53.116612,302.533796,0.000000
1108,-53.103422,302.345130,0.000000
1109,-53.090231,302.156624,0.000000
1110,-53.077038,301.968279,0.000000
1111,-53.063842,301.780094,0.000000
1112,-53.050647,301.592071,0.000000
1113,-53.037450,301.404208,0.000000
1114,-53.024253,301.216505,0.000000
1115,-53.011052,301.028963,0.000000
1116,-52.997850,300.841581,0.000000
1117,-52.984646,300.654359,0.000000
1118,-52.971440,300.467297,0.000000
1119,-52.958233,300.280395,0.000000
1120,-52.945024,300.093653,0.000000
1121,-52.931811,299.907070,0.000000
1122,-52.918594,299.720647,0.000000
1123,-52.905374,299.534384,0.000000
1124,-52.892152,299.348280,0.000000
1125,-52.878926,299.162336,0.000000
1126,-52.865696,298.976550,0.000000
1127,-52.852463,298.790924,0.000000
1128,-52.839226,298.605457,0.000000
1129,-52.825985,298.420149,0.000000
1130,-52.812742,298.234999,0.000000
1131,-52.799494,298.050009,0.000000
1132,-52.786241,297.865177,0.000000
1133,-52.772986,297.680504,0.000000
1134,-52.759724,297.495989,0.000000
1135,-52.746457,297.311632,0.000000
1136,-52.733189,297.127434,0.000000
1137,-52.719914,296.943394,0.000000
1138,-52.706636,296.759512,0.000000
1139,-52.693350,296.575788,0.000000
1140,-52.680060,296.392222,0.000000
1141,-52.666764,296.208813,0.000000
1142,-52.653465,296.025563,0.000000
1143,-52.640157,295.842470,0.000000
1144,-52.626845,295.659534,0.000000
1145,-52.613527,295.476757,0.000000
1146,-52.600200,295.294136,0.000000
1147,-52.586869,295.111673,0.000000
1148,-52.573533,294.929367,0.000000
1149,-52.560185,294.747218,0.000000
1150,-52.546831,294.565226,0.000000
1151,-52.533470,294.383391,0.000000
1152,-52.520103,294.201713,0.000000
1153,-52.506730,294.020191,0.000000
1154,-52.493347,293.838827,0.000000
1155,-52.479952,293.657618,0.000000
1156,-52.466550,293.476567,0.000000
1157,-52.453145,293.295672,0.000000
1158,-52.439729,293.114933,0.000000
1159,-52.426307,292.934350,0.000000
1160,-52.412878,292.753924,0.000000
1161,-52.399442,292.573654,0.000000
1162,-52.385998,292.393540,0.000000
1163,-52.372547,292.213581,0.000000
1164,-52.359090,292.033779,0.000000
1165,-52.345623,291.854132,0.000000
1166,-52.332146,291.674641,0.000000
1167,-52.318659,291.495306,0.000000
1168,-52.305161,291.316126,0.000000
1169,-52.291655,291.137101,0.000000
1170,-52.278137,290.958232,0.000000
1171,-52.264610,290.779518,0.000000
1172,-52.251071,290.600960,0.000000
1173,-52.237522,290.422556,0.000000
1174,-52.223962,290.244308,0.000000
1175,-52.210396,290.066214,0.000000
1176,-52.196820,289.888276,0.000000
1177,-52.183229,289.710492,0.000000
1178,-52.169624,289.532863,0.000000
1179,-52.156010,289.355389,0.000000
1180,-52.142384,289.178069,0.000000
1181,-52.128748,289.000904,0.000000
1182,-52.115098,288.823894,0.000000
1183,-52.101433,288.647038,0.000000
1184,-52.087759,288.470336,0.000000
1185,-52.074071,288.293788,0.000000
1186,-52.060373,288.117395,0.000000
1187,-52.046658,287.941156,0.000000
1188,-52.032929,287.765071,0.000000
1189,-52.019184,287.589139,0.000000
1190,-52.005425,287.413362,0.000000
1191,-51.991653,287.237739,0.000000
1192,-51.977848,287.062269,0.000000
1193,-51.964030,286.886954,0.000000
1194,-51.950203,286.711792,0.000000
1195,-51.936359,286.536783,0.000000
1196,-51.922492,286.361928,0.000000
1197,-51.908613,286.187227,0.000000
1198,-51.894722,286.012680,0.000000
1199,-51.880809,285.838285,0.000000
1200,-51.866885,285.664044,0.000000
1201,-51.852941,285.489957,0.000000
1202,-51.838986,285.316022,0.000000
1203,-51.825016,285.142241,0.000000
1204,-51.811021,284.968613,0.000000
1205,-51.797006,284.795138,0.000000
1206,-51.782973,284.621815,0.000000
1207,-51.768921,284.448646,0.000000
1208,-51.754851,284.275630,0.000000
1209,-51.740763,284.102767,0.000000
1210,-51.726657,283.930056,0.000000
1211,-51.712535,283.757499,0.000000
1212,-51.698390,283.585093,0.000000
1213,-51.684225,283.412841,0.000000
1214,-51.670043,283.240741,0.000000
1215,-51.655836,283.068794,0.000000
1216,-51.641603,282.896999,0.000000
1217,-51.627356,282.725357,0.000000
1218,-51.613085,282.553867,0.000000
1219,-51.598790,282.382530,0.000000
1220,-51.584471,282.211345,0.000000
1221,-51.570130,282.040312,0.000000
1222,-51.555771,281.869431,0.000000
1223,-51.541389,281.698703,0.000000
1224,-51.526981,281.528127,0.000000
1225,-51.512557,281.357703,0.000000
1226,-51.498097,281.187431,0.000000
1227,-51.483617,281.017311,0.000000
1228,-51.469106,280.847343,0.000000
1229,-51.454582,280.677528,0.000000
1230,-51.440023,280.507864,0.000000
1231,-51.425446,280.338352,0.000000
1232,-51.410846,280.168992,0.000000
1233,-51.396203,279.999783,0.000000
1234,-51.381544,279.830727,0.000000
1235,-51.366847,279.661823,0.000000
1236,-51.352130,279.493070,0.000000
1237,-51.337383,279.324469,0.000000
1238,-51.322600,279.156019,0.000000
1239,-51.307783,278.987722,0.000000
1240,-51.292943,278.819576,0.000000
1241,-51.278069,278.651582,0.000000
1242,-51.263167,278.483739,0.000000
1243,-51.248228,278.316048,0.000000
1244,-51.233263,278.148509,0.000000
1245,-51.218261,277.981121,0.000000
1246,-51.203229,277.813885,0.000000
1247,-51.188157,277.646801,0.000000
1248,-51.173056,277.479868,0.000000
1249,-51.157916,277.313087,0.000000
1250,-51.142748,277.146457,0.000000
1251,-51.127543,276.979978,0.000000
1252,-51.112300,276.813652,0.000000
1253,-51.097027,276.647477,0.000000
1254,-51.081702,276.481453,0.000000
1255,-51.066343,276.315581,0.000000
1256,-51.050949,276.149860,0.000000
1257,-51.035512,275.984291,0.000000
1258,-51.020037,275.818874,0.000000
1259,-51.004524,275.653608,0.000000
1260,-50.988975,275.488493,0.000000
1261,-50.973370,275.323530,0.000000
1262,-50.957724,275.158719,0.000000
1263,-50.942044,274.994059,0.000000
1264,-50.926311,274.829551,0.000000
1265,-50.910529,274.665195,0.000000
1266,-50.894700,274.500990,0.000000
1267,-50.878835,274.336937,0.000000
1268,-50.862913,274.173035,0.000000
1269,-50.846947,274.009285,0.000000
1270,-50.830937,273.845687,0.000000
1271,-50.814874,273.682241,0.000000
1272,-50.798763,273.518947,0.000000
1273,-50.782595,273.355804,0.000000
1274,-50.766381,273.192813,0.000000
1275,-50.750112,273.029974,0.000000
1276,-50.733784,272.867287,0.000000
1277,-50.717388,272.704752,0.000000
1278,-50.700944,272.542370,0.000000
1279,-50.684444,272.380139,0.000000
1280,-50.667879,272.218060,0.000000
1281,-50.651249,272.056134,0.000000
1282,-50.634566,271.894360,0.000000
1283,-50.617820,271.732738,0.000000
1284,-50.601013,271.571269,0.000000
1285,-50.584134,271.409952,0.000000
1286,-50.567196,271.248788,0.000000
1287,-50.550194,271.087776,0.000000
1288,-50.533120,270.926917,0.000000
1289,-50.515975,270.766211,0.000000
1290,-50.498759,270.605657,0.000000
1291,-50.481454,270.445257,0.000000
1292,-50.464082,270.285010,0.000000
1293,-50.446643,270.124915,0.000000
1294,-50.429133,269.964975,0.000000
1295,-50.411559,269.805187,0.000000
1296,-50.393901,269.645553,0.000000
1297,-50.376165,269.486072,0.000000
1298,-50.358363,269.326745,0.000000
1299,-50.340477,269.167571,0.000000
1300,-50.322502,269.008552,0.000000
1301,-50.304444,268.849686,0.000000
1302,-50.286301,268.690974,0.000000
1303,-50.268083,268.532417,0.000000
1304,-50.249771,268.374014,0.000000
1305,-50.231366,268.215765,0.000000
1306,-50.212871,268.057671,0.000000
1307,-50.194282,267.899732,0.000000
1308,-50.175589,267.741947,0.000000
1309,-50.156796,267.584318,0.000000
1310,-50.137903,267.426843,0.000000
1311,-50.118921,267.269524,0.000000
1312,-50.099827,267.112361,0.000000
1313,-50.080624,266.955353,0.000000
1314,-50.061311,266.798501,0.000000
1315,-50.041887,266.641805,0.000000
1316,-50.022358,266.485266,0.000000
1317,-50.002700,266.328883,0.000000
1318,-49.982930,266.172656,0.000000
1319,-49.963002,266.016587,0.000000
1320,-49.942945,265.860675,0.000000
1321,-49.922762,265.704920,0.000000
1322,-49.902441,265.549322,0.000000
1323,-49.881998,265.393883,0.000000
1324,-49.861422,265.238602,0.000000
1325,-49.840699,265.083479,0.000000
1326,-49.819860,264.928515,0.000000
1327,-49.798852,264.773709,0.000000
1328,-49.777692,264.619063,0.000000
1329,-49.756395,264.464577,0.000000
1330,-49.734935,264.310250,0.000000
1331,-49.713344,264.156084,0.000000
1332,-49.691567,264.002077,0.000000
1333,-49.669622,263.848232,0.000000
1334,-49.647524,263.694547,0.000000
1335,-49.625250,263.541024,0.000000
1336,-49.602786,263.387663,0.000000
1337,-49.580137,263.234464,0.000000
1338,-49.557306,263.081427,0.000000
1339,-49.534280,262.928553,0.000000
1340,-49.511064,262.775843,0.000000
1341,-49.487619,262.623296,0.000000
1342,-49.463976,262.470914,0.000000
1343,-49.440110,262.318696,0.000000
1344,-49.416052,262.166643,0.000000
1345,-49.391750,262.014756,0.000000
1346,-49.367208,261.863035,0.000000
1347,-49.342430,261.711480,0.000000
1348,-49.317418,261.560093,0.000000
1349,-49.292150,261.408873,0.000000
1350,-49.266628,261.257821,0.000000
1351,-49.240829,261.106938,0.000000
1352,-49.214758,260.956225,0.000000
1353,-49.188391,260.805682,0.000000
1354,-49.161746,260.655309,0.000000
1355,-49.134773,260.505107,0.000000
1356,-49.107517,260.355078,0.000000
1357,-49.079941,260.205221,0.000000
1358,-49.052037,260.055538,0.000000
1359,-49.023769,259.906029,0.000000
1360,-48.995155,259.756695,0.000000
1361,-48.966174,259.607536,0.000000
1362,-48.936803,259.458555,0.000000
1363,-48.907047,259.309751,0.000000
1364,-48.876887,259.161126,0.000000
1365,-48.846299,259.012680,0.000000
1366,-48.815264,258.864415,0.000000
1367,-48.783760,258.716331,0.000000
1368,-48.751793,258.568430,0.000000
1369,-48.719318,258.420713,0.000000
1370,-48.686340,258.273181,0.000000
1371,-48.652813,258.125836,0.000000
1372,-48.618717,257.978678,0.000000
1373,-48.584074,257.831709,0.000000
1374,-48.548809,257.684930,0.000000
1375,-48.512892,257.538343,0.000000
1376,-48.476305,257.391950,0.000000
1377,-48.439018,257.245752,0.000000
1378,-48.401053,257.099751,0.000000
1379,-48.362364,256.953948,0.000000
1380,-48.322894,256.808346,0.000000
1381,-48.282590,256.662946,0.000000
1382,-48.241448,256.517751,0.000000
1383,-48.199425,256.372762,0.000000
1384,-48.156453,256.227981,0.000000
1385,-48.112477,256.083412,0.000000
1386,-48.067470,255.939057,0.000000
1387,-48.021340,255.794917,0.000000
1388,-47.974043,255.650997,0.000000
1389,-47.925374,255.507299,0.000000
1390,-47.875430,255.363827,0.000000
1391,-47.824083,255.220583,0.000000
1392,-47.771204,255.077572,0.000000
1393,-47.716779,254.934797,0.000000
1394,-47.660683,254.792262,0.000000
1395,-47.602754,254.649972,0.000000
1396,-47.542944,254.507932,0.000000
1397,-47.481060,254.366145,0.000000
1398,-47.416984,254.224618,0.000000
1399,-47.350525,254.083357,0.000000
1400,-47.281422,253.942366,0.000000
1401,-47.209603,253.801654,0.000000
1402,-47.134663,253.661228,0.000000
1403,-47.056389,253.521094,0.000000
1404,-46.974533,253.381263,0.000000
1405,-46.888632,253.241744,0.000000
1406,-46.798298,253.102546,0.000000
1407,-46.703081,252.963682,0.000000
1408,-46.602312,252.825165,0.000000
1409,-46.495329,252.687009,0.000000
1410,-46.381199,252.549230,0.000000
1411,-46.259421,252.411847,0.000000
1412,-46.128529,252.274881,0.000000
1413,-45.987214,252.138355,0.000000
1414,-45.833384,252.002297,0.000000
1415,-45.665294,251.866740,0.000000
1416,-45.479844,251.731721,0.000000
1417,-45.273379,251.597287,0.000000
1418,-45.040894,251.463493,0.000000
1419,-44.775458,251.330409,0.000000
1420,-44.466535,251.198120,0.000000
1421,-44.098219,251.066744,0.000000
1422,-43.646089,250.936438,0.000000
1423,-43.065313,250.807424,0.000000
1424,-42.269233,250.680045,0.000000
1425,-41.049526,250.554874,0.000000
1426,-38.735955,250.433038,0.000000
1427,-31.149416,250.317454,0.000000
1428,0.000000,250.222177,1.000000
1429,-58.000000,370.210029,0.000000
1430,-57.976576,369.963222,0.000000
1431,-57.953281,369.716643,0.000000
1432,-57.930113,369.470290,0.000000
1433,-57.907070,369.224163,0.000000
1434,-57.884151,368.978261,0.000000
1435,-57.861353,368.732584,0.000000
1436,-57.838676,368.487132,0.000000
1437,-57.816119,368.241905,0.000000
1438,-57.793678,367.996900,0.000000
1439,-57.771354,367.752119,0.000000
1440,-57.749144,367.507561,0.000000
1441,-57.727047,367.263225,0.000000
1442,-57.705062,367.019111,0.000000
1443,-57.683187,366.775218,0.000000
1444,-57.661421,366.531546,0.000000
1445,-57.639762,366.288095,0.000000
1446,-57.618210,366.044863,0.000000
1447,-57.596762,365.801851,0.000000
1448,-57.575417,365.559059,0.000000
1449,-57.554175,365.316485,0.000000
1450,-57.533034,365.074130,0.000000
1451,-57.511991,364.831992,0.000000
1452,-57.491048,364.590072,0.000000
1453,-57.470201,364.348370,0.000000
1454,-57.449451,364.106883,0.000000
1455,-57.428795,363.865614,0.000000
1456,-57.408233,363.624560,0.000000
1457,-57.387763,363.383722,0.000000
1458,-57.367384,363.143098,0.000000
1459,-57.347095,362.902690,0.000000
1460,-57.326895,362.662496,0.000000
1461,-57.306784,362.422516,0.000000
1462,-57.286758,362.182750,0.000000
1463,-57.266819,361.943197,0.000000
1464,-57.246963,361.703856,0.000000
1465,-57.227191,361.464729,0.000000
1466,-57.207502,361.225813,0.000000
1467,-57.187895,360.987109,0.000000
1468,-57.168368,360.748617,0.000000
1469,-57.148920,360.510335,0.000000
1470,-57.129551,360.272265,0.000000
1471,-57.110259,360.034404,0.000000
1472,-57.091044,359.796754,0.000000
1473,-57.071905,359.559314,0.000000
1474,-57.052839,359.322082,0.000000
1475,-57.033849,359.085060,0.000000
1476,-57.014930,358.848246,0.000000
1477,-56.996084,358.611641,0.000000
1478,-56.977308,358.375244,0.000000
1479,-56.958604,358.139054,0.000000
1480,-56.939968,357.903072,0.000000
1481,-56.921401,357.667297,0.000000
1482,-56.902902,357.431728,0.000000
1483,-56.884469,357.196366,0.000000
1484,-56.866103,356.961210,0.000000
1485,-56.847802,356.726260,0.000000
1486,-56.829565,356.491515,0.000000
1487,-56.811391,356.256975,0.000000
1488,-56.793281,356.022640,0.000000
1489,-56.775233,355.788509,0.000000
1490,-56.757246,355.554583,0.000000
1491,-56.739320,355.320861,0.000000
1492,-56.721453,355.087342,0.000000
1493,-56.703646,354.854027,0.000000
1494,-56.685897,354.620914,0.000000
1495,-56.668207,354.388005,0.000000
1496,-56.650573,354.155298,0.000000
1497,-56.632995,353.922793,0.000000
1498,-56.615473,353.690489,0.000000
1499,-56.598006,353.458388,0.000000
1500,-56.580593,353.226488,0.000000
1501,-56.563234,352.994788,0.000000
1502,-56.545928,352.763290,0.000000
1503,-56.528674,352.531992,0.000000
1504,-56.511473,352.300894,0.000000
1505,-56.494322,352.069996,0.000000
1506,-56.477221,351.839298,0.000000
1507,-56.460171,351.608800,0.000000
1508,-56.443170,351.378500,0.000000
1509,-56.426219,351.148399,0.000000
1510,-56.409315,350.918497,0.000000
1511,-56.392460,350.688793,0.000000
1512,-56.375652,350.459288,0.000000
1513,-56.358891,350.229980,0.000000
1514,-56.342176,350.000869,0.000000
1515,-56.325507,349.771956,0.000000
1516,-56.308882,349.543240,0.000000
1517,-56.292302,349.314721,0.000000
1518,-56.275765,349.086399,0.000000
1519,-56.259273,348.858272,0.000000
1520,-56.242823,348.630342,0.000000
1521,-56.226416,348.402608,0.000000
1522,-56.210050,348.175069,0.000000
1523,-56.193727,347.947726,0.000000
1524,-56.177444,347.720577,0.000000
1525,-56.161202,347.493624,0.000000
1526,-56.144999,347.266865,0.000000
1527,-56.128837,347.040300,0.000000
1528,-56.112713,346.813930,0.000000
1529,-56.096628,346.587753,0.000000
1530,-56.080582,346.361771,0.000000
1531,-56.064573,346.135981,0.000000
1532,-56.048601,345.910385,0.000000
1533,-56.032666,345.684982,0.000000
1534,-56.016767,345.459772,0.000000
1535,-56.000905,345.234754,0.000000
1536,-55.985079,345.009928,0.000000
1537,-55.969285,344.785295,0.000000
1538,-55.953528,344.560853,0.000000
1539,-55.937805,344.336603,0.000000
1540,-55.922115,344.112545,0.000000
1541,-55.906458,343.888677,0.000000
1542,-55.890837,343.665001,0.000000
1543,-55.875247,343.441516,0.000000
1544,-55.859690,343.218221,0.000000
1545,-55.844164,342.995116,0.000000
1546,-55.828671,342.772202,0.000000
1547,-55.813210,342.549477,0.000000
1548,-55.797778,342.326942,0.000000
1549,-55.782378,342.104597,0.000000
1550,-55.767009,341.882441,0.000000
1551,-55.751669,341.660474,0.000000
1552,-55.736358,341.438696,0.000000
1553,-55.721078,341.217106,0.000000
1554,-55.705827,340.995706,0.000000
1555,-55.690603,340.774493,0.000000
1556,-55.675408,340.553468,0.000000
1557,-55.660243,340.332632,0.000000
1558,-55.645104,340.111983,0.000000
1559,-55.629993,339.891521,0.000000
1560,-55.614910,339.671247,0.000000
1561,-55.599853,339.451160,0.000000
1562,-55.584822,339.231259,0.000000
1563,-55.569819,339.011546,0.000000
1564,-55.554841,338.792018,0.000000
1565,-55.539890,338.572678,0.000000
1566,-55.524963,338.353523,0.000000
1567,-55.510061,338.134554,0.000000
1568,-55.495184,337.915771,0.000000
1569,-55.480332,337.697173,0.000000
1570,-55.465504,337.478761,0.000000
1571,-55.450699,337.260534,0.000000
1572,-55.435920,337.042491,0.000000
1573,-55.421164,336.824634,0.000000
1574,-55.406431,336.606961,0.000000
1575,-55.391720,336.389473,0.000000
1576,-55.377032,336.172169,0.000000
1577,-55.362366,335.955048,0.000000
1578,-55.347724,335.738112,0.000000
1579,-55.333102,335.521360,0.000000
1580,-55.318503,335.304790,0.000000
1581,-55.303926,335.088405,0.000000
1582,-55.289369,334.872202,0.000000
1583,-55.274834,334.656182,0.000000
1584,-55.260320,334.440345,0.000000
1585,-55.245826,334.224691,0.000000
1586,-55.231351,334.009219,0.000000
1587,-55.216898,333.793929,0.000000
1588,-55.202464,333.578822,0.000000
1589,-55.188051,333.363896,0.000000
1590,-55.173656,333.149152,0.000000
1591,-55.159281,332.934589,0.000000
1592,-55.144925,332.720208,0.000000
1593,-55.130588,332.506008,0.000000
1594,-55.116268,332.291989,0.000000
1595,-55.101968,332.078151,0.000000
1596,-55.087685,331.864494,0.000000
1597,-55.073420,331.651017,0.000000
1598,-55.059173,331.437721,0.000000
1599,-55.044944,331.224605,0.000000
1600,-55.030732,331.011668,0.000000
1601,-55.016538,330.798912,0.000000
1602,-55.002360,330.586335,0.000000
1603,-54.988199,330.373938,0.000000
1604,-54.974055,330.161720,0.000000
1605,-54.959927,329.949682,0.000000
1606,-54.945815,329.737822,0.000000
1607,-54.931720,329.526142,0.000000
1608,-54.917641,329.314640,0.000000
1609,-54.903577,329.103316,0.000000
1610,-54.889528,328.892171,0.000000
1611,-54.875495,328.681204,0.000000
1612,-54.861477,328.470416,0.000000
1613,-54.847474,328.259805,0.000000
1614,-54.833486,328.049372,0.000000
1615,-54.819511,327.839116,0.000000
1616,-54.805552,327.629038,0.000000
1617,-54.791606,327.419137,0.000000
1618,-54.777674,327.209414,0.000000
1619,-54.763757,326.999867,0.000000
1620,-54.749853,326.790497,0.000000
1621,-54.735962,326.581304,0.000000
1622,-54.722084,326.372287,0.000000
1623,-54.708220,326.163447,0.000000
1624,-54.694369,325.954783,0.000000
1625,-54.680530,325.746294,0.000000
1626,-54.666704,325.537982,0.000000
1627,-54.652891,325.329846,0.000000
1628,-54.639091,325.121885,0.000000
1629,-54.625302,324.914099,0.000000
1630,-54.611525,324.706489,0.000000
1631,-54.597760,324.499054,0.000000
1632,-54.584008,324.291794,0.000000
1633,-54.570268,324.084709,0.000000
1634,-54.556538,323.877799,0.000000
1635,-54.542820,323.671063,0.000000
1636,-54.529113,323.464501,0.000000
1637,-54.515417,323.258114,0.000000
1638,-54.501732,323.051901,0.000000
1639,-54.488058,322.845861,0.000000
1640,-54.474394,322.639996,0.000000
1641,-54.460739,322.434304,0.000000
1642,-54.447095,322.228786,0.000000
1643,-54.433463,322.023442,0.000000
1644,-54.419840,321.818270,0.000000
1645,-54.406231,321.613272,0.000000
1646,-54.392630,321.408446,0.000000
1647,-54.379040,321.203794,0.000000
1648,-54.365460,320.999314,0.000000
1649,-54.351889,320.795006,0.000000
1650,-54.338329,320.590871,0.000000
1651,-54.324776,320.386909,0.000000
1652,-54.311232,320.183118,0.000000
1653,-54.297698,319.979499,0.000000
1654,-54.284174,319.776052,0.000000
1655,-54.270658,319.572777,0.000000
1656,-54.257153,319.369674,0.000000
1657,-54.243654,319.166742,0.000000
1658,-54.230164,318.963981,0.000000
1659,-54.216683,318.761391,0.000000
1660,-54.203210,318.558972,0.000000
1661,-54.189745,318.356725,0.000000
1662,-54.176288,318.154647,0.000000
1663,-54.162839,317.952741,0.000000
1664,-54.149398,317.751005,0.000000
1665,-54.135964,317.549439,0.000000
1666,-54.122539,317.348044,0.000000
1667,-54.109120,317.146818,0.000000
1668,-54.095709,316.945763,0.000000
1669,-54.082306,316.744877,0.000000
1670,-54.068908,316.544161,0.000000
1671,-54.055518,316.343615,0.000000
1672,-54.042134,316.143237,0.000000
1673,-54.028758,315.943030,0.000000
1674,-54.015388,315.742991,0.000000
1675,-54.002025,315.543121,0.000000
1676,-53.988668,315.343421,0.000000
1677,-53.975312,315.143889,0.000000
1678,-53.961962,314.944525,0.000000
1679,-53.948618,314.745330,0.000000
1680,-53.935281,314.546304,0.000000
1681,-53.921949,314.347446,0.000000
1682,-53.908622,314.148755,0.000000
1683,-53.895302,313.950233,0.000000
1684,-53.881989,313.751879,0.000000
1685,-53.868678,313.553693,0.000000
1686,-53.855372,313.355674,0.000000
1687,-53.842073,313.157822,0.000000
1688,-53.828776,312.960138,0.000000
1689,-53.815486,312.762621,0.000000
1690,-53.802199,312.565272,0.000000
1691,-53.788918,312.368089,0.000000
1692,-53.775640,312.171073,0.000000
1693,-53.762369,311.974224,0.000000
1694,-53.749101,311.777542,0.000000
1695,-53.735839,311.581026,0.000000
1696,-53.722581,311.384676,0.000000
1697,-53.709328,311.188493,0.000000
1698,-53.696077,310.992476,0.000000
1699,-53.682832,310.796625,0.000000
1700,-53.669591,310.600939,0.000000
1701,-53.656355,310.405420,0.000000
1702,-53.643121,310.210066,0.000000
1703,-53.629891,310.014878,0.000000
1704,-53.616665,309.819855,0.000000
1705,-53.603440,309.624997,0.000000
1706,-53.590218,309.430305,0.000000
1707,-53.576999,309.235777,0.000000
1708,-53.563787,309.041415,0.000000
1709,-53.550573,308.847217,0.000000
1710,-53.537364,308.653184,0.000000
1711,-53.524159,308.459316,0.000000
1712,-53.510956,308.265612,0.000000
1713,-53.497753,308.072072,0.000000
1714,-53.484554,307.878697,0.000000
1715,-53.471356,307.685486,0.000000
1716,-53.458162,307.492438,0.000000
1717,-53.444972,307.299555,0.000000
1718,-53.431782,307.106835,0.000000
1719,-53.418593,306.914280,0.000000
1720,-53.405407,306.721887,0.000000
1721,-53.392222,306.529658,0.000000
1722,-53.379038,306.337593,0.000000
1723,-53.365852,306.145690,0.000000
1724,-53.352670,305.953951,0.000000
1725,-53.339488,305.762374,0.000000
1726,-53.326309,305.570961,0.000000
1727,-53.313130,305.379710,0.000000
1728,-53.299952,305.188622,0.000000
1729,-53.286772,304.997696,0.000000
1730,-53.273597,304.806933,0.000000
1731,-53.260422,304.616332,0.000000
1732,-53.247243,304.425894,0.000000
1733,-53.234066,304.235617,0.000000
1734,-53.220892,304.045503,0.000000
1735,-53.207715,303.855550,0.000000
1736,-53.194541,303.665759,0.000000
1737,-53.181366,303.476130,0.000000
1738,-53.168189,303.286662,0.000000
1739,-53.155008,303.097356,0.000000
1740,-53.141828,302.908211,0.000000
1741,-53.128648,302.719227,0.000000
1742,-53.115469,302.530405,0.000000
1743,-53.102287,302.341743,0.000000
1744,-53.089106,302.153243,0.000000
1745,-53.075921,301.964903,0.000000
1746,-53.062736,301.776724,0.000000
1747,-53.049551,301.588706,0.000000
1748,-53.036363,301.400848,0.000000
1749,-53.023175,301.213150,0.000000
1750,-53.009983,301.025613,0.000000
1751,-52.996789,300.838236,0.000000
1752,-52.983593,300.651019,0.000000
1753,-52.970396,300.463962,0.000000
1754,-52.957194,300.277065,0.000000
1755,-52.943990,300.090328,0.000000
1756,-52.930785,299.903751,0.000000
1757,-52.917578,299.717333,0.000000
1758,-52.904370,299.531074,0.000000
1759,-52.891156,299.344975,0.000000
1760,-52.877939,299.159036,0.000000
1761,-52.864717,298.973255,0.000000
1762,-52.851490,298.787634,0.000000
1763,-52.838261,298.602171,0.000000
1764,-52.825028,298.416868,0.000000
1765,-52.811791,298.231723,0.000000
1766,-52.798554,298.046737,0.000000
1767,-52.785312,297.861910,0.000000
1768,-52.772063,297.677241,0.000000
1769,-52.758812,297.492731,0.000000
1770,-52.745554,297.308379,0.000000
1771,-52.732293,297.124185,0.000000
1772,-52.719024,296.940150,0.000000
1773,-52.705750,296.756272,0.000000
1774,-52.692471,296.572553,0.000000
1775,-52.679188,296.388991,0.000000
1776,-52.665901,296.205588,0.000000
1777,-52.652607,296.022341,0.000000
1778,-52.639305,295.839253,0.000000
1779,-52.625998,295.656322,0.000000
1780,-52.612686,295.473549,0.000000
1781,-52.599364,295.290932,0.000000
1782,-52.586039,295.108474,0.000000
1783,-52.572706,294.926172,0.000000
1784,-52.559367,294.744027,0.000000
1785,-52.546023,294.562040,0.000000
1786,-52.532667,294.380209,0.000000
1787,-52.519306,294.198535,0.000000
1788,-52.505938,294.017018,0.000000
1789,-52.492560,293.835657,0.000000
1790,-52.479168,293.654453,0.000000
1791,-52.465773,293.473406,0.000000
1792,-52.452368,293.292515,0.000000
1793,-52.438958,293.111780,0.000000
1794,-52.425542,292.931202,0.000000
1795,-52.412119,292.750780,0.000000
1796,-52.398689,292.570514,0.000000
1797,-52.385251,292.390404,0.000000
1798,-52.371806,292.210449,0.000000
1799,-52.358349,292.030651,0.000000
1800,-52.344885,291.851008,0.000000
1801,-52.331415,291.671521,0.000000
1802,-52.317931,291.492190,0.000000
1803,-52.304438,291.313014,0.000000
1804,-52.290936,291.133993,0.000000
1805,-52.277422,290.955128,0.000000
1806,-52.263898,290.776419,0.000000
1807,-52.250365,290.597864,0.000000
1808,-52.236822,290.419464,0.000000
1809,-52.223268,290.241220,0.000000
1810,-52.209703,290.063130,0.000000
1811,-52.196129,289.885196,0.000000
1812,-52.182541,289.707416,0.000000
1813,-52.168941,289.529791,0.000000
1814,-52.155328,289.352321,0.000000
1815,-52.141705,289.175005,0.000000
1816,-52.128071,288.997844,0.000000
1817,-52.114423,288.820837,0.000000
1818,-52.100765,288.643985,0.000000
1819,-52.087092,288.467287,0.000000
1820,-52.073408,288.290743,0.000000
1821,-52.059711,288.114353,0.000000
1822,-52.045999,287.938118,0.000000
1823,-52.032273,287.762037,0.000000
1824,-52.018534,287.586109,0.000000
1825,-52.004781,287.410336,0.000000
1826,-51.991015,287.234716,0.000000
1827,-51.977217,287.059250,0.000000
1828,-51.963405,286.883938,0.000000
1829,-51.949585,286.708780,0.000000
1830,-51.935741,286.533775,0.000000
1831,-51.921881,286.358924,0.000000
1832,-51.908008,286.184227,0.000000
1833,-51.894118,286.009682,0.000000
1834,-51.880216,285.835292,0.000000
1835,-51.866289,285.661054,0.000000
1836,-51.852350,285.486970,0.000000
1837,-51.838391,285.313039,0.000000
1838,-51.824417,285.139262,0.000000
1839,-51.810433,284.965637,0.000000
1840,-51.796424,284.792165,0.000000
1841,-51.782397,284.618847,0.000000
1842,-51.768351,284.445681,0.000000
1843,-51.754286,284.272669,0.000000
1844,-51.740204,284.099809,0.000000
1845,-51.726094,283.927102,0.000000
1846,-51.711967,283.754547,0.000000
1847,-51.697823,283.582146,0.000000
1848,-51.683663,283.409897,0.000000
1849,-51.669477,283.237801,0.000000
1850,-51.655275,283.065857,0.000000
1851,-51.641048,282.894066,0.000000
1852,-51.626806,282.722427,0.000000
1853,-51.612540,282.550940,0.000000
1854,-51.598251,282.379606,0.000000
1855,-51.583937,282.208425,0.000000
1856,-51.569601,282.037395,0.000000
1857,-51.555242,281.866518,0.000000
1858,-51.540866,281.695793,0.000000
1859,-51.526463,281.525220,0.000000
1860,-51.512043,281.354800,0.000000
1861,-51.497588,281.184531,0.000000
1862,-51.483113,281.014414,0.000000
1863,-51.468607,280.844450,0.000000
1864,-51.454072,280.674637,0.000000
1865,-51.439518,280.504977,0.000000
1866,-51.424936,280.335468,0.000000
1867,-51.410326,280.166111,0.000000
1868,-51.395693,279.996906,0.000000
1869,-51.381028,279.827853,0.000000
1870,-51.366337,279.658952,0.000000
1871,-51.351620,279.490203,0.000000
1872,-51.336867,279.321605,0.000000
1873,-51.322090,279.153159,0.000000
1874,-51.307278,278.984864,0.000000
1875,-51.292432,278.816722,0.000000
1876,-51.277563,278.648731,0.000000
1877,-51.262661,278.480892,0.000000
1878,-51.247727,278.313204,0.000000
1879,-51.232766,278.145668,0.000000
1880,-51.217769,277.978283,0.000000
1881,-51.202732,277.811051,0.000000
1882,-51.187665,277.643969,0.000000
1883,-51.172568,277.477040,0.000000
1884,-51.157433,277.310261,0.000000
1885,-51.142265,277.143635,0.000000
1886,-51.127054,276.977160,0.000000
1887,-51.111816,276.810836,0.000000
1888,-51.096537,276.644664,0.000000
1889,-51.081217,276.478644,0.000000
1890,-51.065862,276.312775,0.000000
1891,-51.050463,276.147057,0.000000
1892,-51.035030,275.981491,0.000000
1893,-51.019555,275.816077,0.000000
1894,-51.004037,275.650814,0.000000
1895,-50.988477,275.485703,0.000000
1896,-50.972877,275.320743,0.000000
1897,-50.957236,275.155935,0.000000
1898,-50.941551,274.991278,0.000000
1899,-50.925822,274.826773,0.000000
1900,-50.910044,274.662420,0.000000
1901,-50.894220,274.498218,0.000000
1902,-50.878354,274.334168,0.000000
1903,-50.862438,274.170270,0.000000
1904,-50.846476,274.006523,0.000000
1905,-50.830460,273.842928,0.000000
1906,-50.814391,273.679485,0.000000
1907,-50.798270,273.516194,0.000000
1908,-50.782097,273.353054,0.000000
1909,-50.765873,273.190067,0.000000
1910,-50.749599,273.027231,0.000000
1911,-50.733271,272.864547,0.000000
1912,-50.716880,272.702016,0.000000
1913,-50.700436,272.539636,0.000000
1914,-50.683931,272.377409,0.000000
1915,-50.667376,272.215333,0.000000
1916,-50.650751,272.053410,0.000000
1917,-50.634063,271.891639,0.000000
1918,-50.617322,271.730020,0.000000
1919,-50.600509,271.568554,0.000000
1920,-50.583635,271.407241,0.000000
1921,-50.566697,271.246079,0.000000
1922,-50.549695,271.085071,0.000000
1923,-50.532616,270.924215,0.000000
1924,-50.515470,270.763512,0.000000
1925,-50.498250,270.602962,0.000000
1926,-50.480955,270.442564,0.000000
1927,-50.463588,270.282320,0.000000
1928,-50.446149,270.122229,0.000000
1929,-50.428639,269.962291,0.000000
1930,-50.411055,269.802507,0.000000
1931,-50.393401,269.642876,0.000000
1932,-50.375670,269.483398,0.000000
1933,-50.357863,269.324074,0.000000
1934,-50.339981,269.164904,0.000000
1935,-50.322001,269.005887,0.000000
1936,-50.303938,268.847025,0.000000
1937,-50.285800,268.688316,0.000000
1938,-50.267572,268.529762,0.000000
1939,-50.249264,268.371362,0.000000
1940,-50.230855,268.213116,0.000000
1941,-50.212355,268.055025,0.000000
1942,-50.193761,267.897089,0.000000
1943,-50.175074,267.739308,0.000000
1944,-50.156286,267.581681,0.000000
1945,-50.137398,267.424210,0.000000
1946,-50.118407,267.266894,0.000000
1947,-50.099307,267.109734,0.000000
1948,-50.080103,266.952729,0.000000
1949,-50.060796,266.795880,0.000000
1950,-50.041373,266.639188,0.000000
1951,-50.021838,266.482651,0.000000
1952,-50.002181,266.326271,0.000000
1953,-49.982412,266.170048,0.000000
1954,-49.962488,266.013982,0.000000
1955,-49.942436,265.858072,0.000000
1956,-49.922272,265.702321,0.000000
1957,-49.901956,265.546726,0.000000
1958,-49.881518,265.391290,0.000000
1959,-49.860946,265.236012,0.000000
1960,-49.840228,265.080892,0.000000
1961,-49.819366,264.925931,0.000000
1962,-49.798363,264.771129,0.000000
1963,-49.777208,264.616486,0.000000
1964,-49.755915,264.462002,0.000000
1965,-49.734461,264.307678,0.000000
1966,-49.712846,264.153515,0.000000
1967,-49.691088,263.999511,0.000000
1968,-49.669148,263.845669,0.000000
1969,-49.647055,263.691987,0.000000
1970,-49.624757,263.538467,0.000000
1971,-49.602286,263.385109,0.000000
1972,-49.579642,263.231913,0.000000
1973,-49.556788,263.078879,0.000000
1974,-49.533768,262.926009,0.000000
1975,-49.510530,262.773301,0.000000
1976,-49.487104,262.620758,0.000000
1977,-49.463466,262.468378,0.000000
1978,-49.439605,262.316163,0.000000
1979,-49.415525,262.164114,0.000000
1980,-49.391228,262.012230,0.000000
1981,-49.366692,261.860511,0.000000
1982,-49.341918,261.708960,0.000000
1983,-49.316885,261.557576,0.000000
1984,-49.291622,261.406359,0.000000
1985,-49.266092,261.255310,0.000000
1986,-49.240299,261.104431,0.000000
1987,-49.214247,260.953720,0.000000
1988,-49.187885,260.803180,0.000000
1989,-49.161231,260.652810,0.000000
1990,-49.134277,260.502612,0.000000
1991,-49.106999,260.352585,0.000000
1992,-49.079428,260.202731,0.000000
1993,-49.051489,260.053051,0.000000
1994,-49.023226,259.903545,0.000000
1995,-48.994591,259.754214,0.000000
1996,-48.965588,259.605059,0.000000
1997,-48.936196,259.456081,0.000000
1998,-48.906421,259.307280,0.000000
1999,-48.876240,259.158658,0.000000
