0,-70.000000,0.000000,0.000000
1,-69.750000,0.000000,0.000000
2,-69.501249,0.001667,0.000000
3,-69.253744,0.004986,0.000000
4,-69.007477,0.009945,0.000000
5,-68.762444,0.016528,0.000000
6,-68.518639,0.024723,0.000000
7,-68.276058,0.034517,0.000000
8,-68.034694,0.045895,0.000000
9,-67.794542,0.058844,0.000000
10,-67.555598,0.073351,0.000000
11,-67.317855,0.089402,0.000000
12,-67.081309,0.106985,0.000000
13,-66.845954,0.126086,0.000000
14,-66.611785,0.146693,0.000000
15,-66.378798,0.168792,0.000000
16,-66.146985,0.192371,0.000000
17,-65.916344,0.217416,0.000000
18,-65.686867,0.243916,0.000000
19,-65.458551,0.271857,0.000000
20,-65.231390,0.301227,0.000000
21,-65.005379,0.332014,0.000000
22,-64.780513,0.364205,0.000000
23,-64.556786,0.397787,0.000000
24,-64.334195,0.432749,0.000000
25,-64.112733,0.469079,0.000000
26,-63.892395,0.506764,0.000000
27,-63.673177,0.545792,0.000000
28,-63.455073,0.586151,0.000000
29,-63.238079,0.627830,0.000000
30,-63.022190,0.670817,0.000000
31,-62.807399,0.715100,0.000000
32,-62.593703,0.760667,0.000000
33,-62.381097,0.807507,0.000000
34,-62.169575,0.855608,0.000000
35,-61.959132,0.904958,0.000000
36,-61.749764,0.955548,0.000000
37,-61.541465,1.007364,0.000000
38,-61.334230,1.060396,0.000000
39,-61.128055,1.114634,0.000000
40,-60.922934,1.170064,0.000000
41,-60.718862,1.226678,0.000000
42,-60.515834,1.284463,0.000000
43,-60.313845,1.343409,0.000000
44,-60.112890,1.403506,0.000000
45,-59.912964,1.464741,0.000000
46,-59.714061,1.527106,0.000000
47,-59.516177,1.590588,0.000000
48,-59.319306,1.655179,0.000000
49,-59.123442,1.720866,0.000000
50,-58.928581,1.787640,0.000000
51,-58.734717,1.855491,0.000000
52,-58.541845,1.924408,0.000000
53,-58.349958,1.994381,0.000000
54,-58.159052,2.065400,0.000000
55,-57.969120,2.137455,0.000000
56,-57.780158,2.210536,0.000000
57,-57.592158,2.284633,0.000000
58,-57.405115,2.359736,0.000000
59,-57.219023,2.435836,0.000000
60,-57.033875,2.512923,0.000000
61,-56.849665,2.590988,0.000000
62,-56.666387,2.670020,0.000000
63,-56.484033,2.750011,0.000000
64,-56.302598,2.830951,0.000000
65,-56.122072,2.912830,0.000000
66,-55.942450,2.995640,0.000000
67,-55.763723,3.079372,0.000000
68,-55.585884,3.164016,0.000000
69,-55.408925,3.249563,0.000000
70,-55.232836,3.336005,0.000000
71,-55.057609,3.423333,0.000000
72,-54.883235,3.511537,0.000000
73,-54.709705,3.600611,0.000000
74,-54.537008,3.690544,0.000000
75,-54.365133,3.781329,0.000000
76,-54.194071,3.872957,0.000000
77,-54.023809,3.965420,0.000000
78,-53.854336,4.058710,0.000000
79,-53.685638,4.152818,0.000000
80,-53.517702,4.247738,0.000000
81,-53.350515,4.343461,0.000000
82,-53.184062,4.439979,0.000000
83,-53.018327,4.537286,0.000000
84,-52.853293,4.635372,0.000000
85,-52.688943,4.734233,0.000000
86,-52.525259,4.833859,0.000000
87,-52.362221,4.934244,0.000000
88,-52.199807,5.035382,0.000000
89,-52.037997,5.137265,0.000000
90,-51.876766,5.239888,0.000000
91,-51.716090,5.343243,0.000000
92,-51.555941,5.447325,0.000000
93,-51.396292,5.552127,0.000000
94,-51.237112,5.657645,0.000000
95,-51.078368,5.763872,0.000000
96,-50.920026,5.870803,0.000000
97,-50.762049,5.978434,0.000000
98,-50.604396,6.086759,0.000000
99,-50.447026,6.195774,0.000000
100,-50.289892,6.305474,0.000000
101,-50.132944,6.415857,0.000000
102,-49.976131,6.526917,0.000000
103,-49.819394,6.638654,0.000000
104,-49.662671,6.751062,0.000000
105,-49.505896,6.864141,0.000000
106,-49.348996,6.977888,0.000000
107,-49.191893,7.092301,0.000000
108,-49.034501,7.207381,0.000000
109,-48.876727,7.323126,0.000000
110,-48.718470,7.439538,0.000000
111,-48.559618,7.556616,0.000000
112,-48.400050,7.674363,0.000000
113,-48.239632,7.792782,0.000000
114,-48.078217,7.911875,0.000000
115,-47.915642,8.031647,0.000000
116,-47.751726,8.152104,0.000000
117,-47.586268,8.273252,0.000000
118,-47.419043,8.395099,0.000000
119,-47.249800,8.517656,0.000000
120,-47.078256,8.640931,0.000000
121,-46.904088,8.764940,0.000000
122,-46.726932,8.889696,0.000000
123,-46.546369,9.015218,0.000000
124,-46.361917,9.141524,0.000000
125,-46.173019,9.268640,0.000000
126,-45.979021,9.396591,0.000000
127,-45.779155,9.525409,0.000000
128,-45.572505,9.655130,0.000000
129,-45.357971,9.785796,0.000000
130,-45.134214,9.917457,0.000000
131,-44.899584,10.050170,0.000000
132,-44.652014,10.184006,0.000000
133,-44.388868,10.319046,0.000000
134,-44.106719,10.455390,0.000000
135,-43.800995,10.593160,0.000000
136,-43.465418,10.732510,0.000000
137,-43.091055,10.873632,0.000000
138,-42.664621,11.016780,0.000000
139,-42.165194,11.162293,0.000000
140,-41.557252,11.310650,0.000000
141,-40.773852,11.462567,0.000000
142,-39.667780,11.619199,0.000000
143,-37.822933,11.782683,0.000000
144,-33.331968,11.957921,0.000000
145,0.000000,12.162515,1.000000
146,-58.000000,12.588640,0.000000
147,-57.816111,12.626678,0.000000
148,-57.633143,12.665815,0.000000
149,-57.451091,12.706041,0.000000
150,-57.269947,12.747347,0.000000
151,-57.089708,12.789723,0.000000
152,-56.910365,12.833159,0.000000
153,-56.731914,12.877646,0.000000
154,-56.554349,12.923175,0.000000
155,-56.377661,12.969735,0.000000
156,-56.201846,13.017318,0.000000
157,-56.026895,13.065915,0.000000
158,-55.852803,13.115516,0.000000
159,-55.679561,13.166112,0.000000
160,-55.507162,13.217694,0.000000
161,-55.335598,13.270254,0.000000
162,-55.164861,13.323783,0.000000
163,-54.994943,13.378271,0.000000
164,-54.825834,13.433711,0.000000
165,-54.657527,13.490093,0.000000
166,-54.490010,13.547409,0.000000
167,-54.323275,13.605651,0.000000
168,-54.157310,13.664810,0.000000
169,-53.992105,13.724879,0.000000
170,-53.827648,13.785848,0.000000
171,-53.663928,13.847711,0.000000
172,-53.500931,13.910459,0.000000
173,-53.338645,13.974085,0.000000
174,-53.177055,14.038580,0.000000
175,-53.016147,14.103938,0.000000
176,-52.855905,14.170151,0.000000
177,-52.696313,14.237211,0.000000
178,-52.537353,14.305111,0.000000
179,-52.379007,14.373845,0.000000
180,-52.221255,14.443406,0.000000
181,-52.064077,14.513786,0.000000
182,-51.907451,14.584979,0.000000
183,-51.751353,14.656980,0.000000
184,-51.595759,14.729781,0.000000
185,-51.440642,14.803376,0.000000
186,-51.285975,14.877761,0.000000
187,-51.131727,14.952929,0.000000
188,-50.977866,15.028874,0.000000
189,-50.824359,15.105592,0.000000
190,-50.671168,15.183078,0.000000
191,-50.518254,15.261326,0.000000
192,-50.365577,15.340333,0.000000
193,-50.213090,15.420095,0.000000
194,-50.060745,15.500607,0.000000
195,-49.908491,15.581867,0.000000
196,-49.756271,15.663871,0.000000
197,-49.604026,15.746616,0.000000
198,-49.451690,15.830101,0.000000
199,-49.299192,15.914322,0.000000
200,-49.146457,15.999280,0.000000
201,-48.993402,16.084973,0.000000
202,-48.839936,16.171400,0.000000
203,-48.685961,16.258562,0.000000
204,-48.531370,16.346461,0.000000
205,-48.376046,16.435097,0.000000
206,-48.219860,16.524473,0.000000
207,-48.062670,16.614592,0.000000
208,-47.904320,16.705459,0.000000
209,-47.744636,16.797079,0.000000
210,-47.583427,16.889458,0.000000
211,-47.420477,16.982603,0.000000
212,-47.255547,17.076525,0.000000
213,-47.088366,17.171233,0.000000
214,-46.918630,17.266739,0.000000
215,-46.745993,17.363059,0.000000
216,-46.570059,17.460209,0.000000
217,-46.390373,17.558208,0.000000
218,-46.206412,17.657078,0.000000
219,-46.017564,17.756845,0.000000
220,-45.823110,17.857539,0.000000
221,-45.622200,17.959193,0.000000
222,-45.413815,18.061847,0.000000
223,-45.196722,18.165549,0.000000
224,-44.969409,18.270352,0.000000
225,-44.729994,18.376322,0.000000
226,-44.476099,18.483534,0.000000
227,-44.204654,18.592082,0.000000
228,-43.911608,18.702077,0.000000
229,-43.591469,18.813659,0.000000
230,-43.236545,18.927004,0.000000
231,-42.835611,19.042337,0.000000
232,-42.371431,19.159959,0.000000
233,-41.815711,19.280282,0.000000
234,-41.117591,19.403910,0.000000
235,-40.172935,19.531780,0.000000
236,-38.720644,19.665521,0.000000
237,-35.823154,19.808498,0.000000
238,-23.773781,19.970315,0.000000
239,0.000000,20.211923,1.000000
240,-58.000000,20.611216,0.000000
241,-57.820123,20.622512,0.000000
242,-57.641133,20.634969,0.000000
243,-57.463026,20.648579,0.000000
244,-57.285796,20.663330,0.000000
245,-57.109437,20.679214,0.000000
246,-56.933943,20.696220,0.000000
247,-56.759310,20.714340,0.000000
248,-56.585530,20.733563,0.000000
249,-56.412598,20.753881,0.000000
250,-56.240507,20.775284,0.000000
251,-56.069250,20.797763,0.000000
252,-55.898822,20.821309,0.000000
253,-55.729215,20.845912,0.000000
254,-55.560422,20.871564,0.000000
255,-55.392436,20.898256,0.000000
256,-55.225248,20.925979,0.000000
257,-55.058852,20.954724,0.000000
258,-54.893238,20.984483,0.000000
259,-54.728398,21.015246,0.000000
260,-54.564324,21.047006,0.000000
261,-54.401005,21.079754,0.000000
262,-54.238433,21.113482,0.000000
263,-54.076596,21.148180,0.000000
264,-53.915485,21.183842,0.000000
265,-53.755088,21.220460,0.000000
266,-53.595393,21.258024,0.000000
267,-53.436388,21.296528,0.000000
268,-53.278061,21.335964,0.000000
269,-53.120397,21.376324,0.000000
270,-52.963382,21.417600,0.000000
271,-52.807002,21.459785,0.000000
272,-52.651239,21.502873,0.000000
273,-52.496078,21.546855,0.000000
274,-52.341501,21.591725,0.000000
275,-52.187488,21.637476,0.000000
276,-52.034020,21.684101,0.000000
277,-51.881075,21.731594,0.000000
278,-51.728631,21.779948,0.000000
279,-51.576665,21.829157,0.000000
280,-51.425150,21.879216,0.000000
281,-51.274061,21.930117,0.000000
282,-51.123367,21.981856,0.000000
283,-50.973039,22.034428,0.000000
284,-50.823043,22.087826,0.000000
285,-50.673345,22.142046,0.000000
286,-50.523908,22.197084,0.000000
287,-50.374692,22.252934,0.000000
288,-50.225654,22.309593,0.000000
289,-50.076747,22.367057,0.000000
290,-49.927924,22.425322,0.000000
291,-49.779130,22.484384,0.000000
292,-49.630309,22.544242,0.000000
293,-49.481399,22.604893,0.000000
294,-49.332335,22.666334,0.000000
295,-49.183043,22.728564,0.000000
296,-49.033447,22.791581,0.000000
297,-48.883462,22.855387,0.000000
298,-48.732996,22.919979,0.000000
299,-48.581949,22.985359,0.000000
300,-48.430212,23.051528,0.000000
301,-48.277665,23.118488,0.000000
302,-48.124177,23.186242,0.000000
303,-47.969603,23.254793,0.000000
304,-47.813783,23.324147,0.000000
305,-47.656541,23.394308,0.000000
306,-47.497680,23.465283,0.000000
307,-47.336981,23.537081,0.000000
308,-47.174197,23.609711,0.000000
309,-47.009052,23.683184,0.000000
310,-46.841234,23.757513,0.000000
311,-46.670387,23.832713,0.000000
312,-46.496105,23.908801,0.000000
313,-46.317921,23.985798,0.000000
314,-46.135294,24.063726,0.000000
315,-45.947592,24.142611,0.000000
316,-45.754073,24.222485,0.000000
317,-45.553855,24.303383,0.000000
318,-45.345881,24.385346,0.000000
319,-45.128867,24.468422,0.000000
320,-44.901234,24.552669,0.000000
321,-44.661013,24.638151,0.000000
322,-44.405700,24.724951,0.000000
323,-44.132056,24.813163,0.000000
324,-43.835781,24.902905,0.000000
325,-43.511010,24.994324,0.000000
326,-43.149465,25.087603,0.000000
327,-42.738953,25.182981,0.000000
328,-42.260524,25.280778,0.000000
329,-41.682564,25.381438,0.000000
330,-40.946949,25.485617,0.000000
331,-39.930589,25.594352,0.000000
332,-38.307191,25.709500,0.000000
333,-34.768632,25.835087,0.000000
334,-14.409895,25.983846,0.000000
335,0.000000,26.267833,1.000000
336,-58.000000,26.646941,0.000000
337,-57.823140,26.638117,0.000000
338,-57.647144,26.630503,0.000000
339,-57.472005,26.624087,0.000000
340,-57.297719,26.618860,0.000000
341,-57.124279,26.614812,0.000000
342,-56.951682,26.611934,0.000000
343,-56.779920,26.610217,0.000000
344,-56.608989,26.609650,0.000000
345,-56.438882,26.610224,0.000000
346,-56.269593,26.611931,0.000000
347,-56.101116,26.614761,0.000000
348,-55.933444,26.618704,0.000000
349,-55.766572,26.623752,0.000000
350,-55.600491,26.629896,0.000000
351,-55.435196,26.637126,0.000000
352,-55.270678,26.645434,0.000000
353,-55.106931,26.654812,0.000000
354,-54.943946,26.665250,0.000000
355,-54.781715,26.676739,0.000000
356,-54.620229,26.689272,0.000000
357,-54.459480,26.702839,0.000000
358,-54.299459,26.717433,0.000000
359,-54.140155,26.733046,0.000000
360,-53.981559,26.749668,0.000000
361,-53.823660,26.767292,0.000000
362,-53.666448,26.785910,0.000000
363,-53.509910,26.805514,0.000000
364,-53.354034,26.826096,0.000000
365,-53.198808,26.847649,0.000000
366,-53.044217,26.870164,0.000000
367,-52.890249,26.893636,0.000000
368,-52.736887,26.918055,0.000000
369,-52.584117,26.943416,0.000000
370,-52.431921,26.969710,0.000000
371,-52.280282,26.996932,0.000000
372,-52.129182,27.025074,0.000000
373,-51.978600,27.054129,0.000000
374,-51.828516,27.084091,0.000000
375,-51.678907,27.114954,0.000000
376,-51.529751,27.146711,0.000000
377,-51.381022,27.179357,0.000000
378,-51.232693,27.212886,0.000000
379,-51.084737,27.247292,0.000000
380,-50.937123,27.282569,0.000000
381,-50.789820,27.318713,0.000000
382,-50.642793,27.355719,0.000000
383,-50.496006,27.393581,0.000000
384,-50.349419,27.432296,0.000000
385,-50.202991,27.471858,0.000000
386,-50.056677,27.512266,0.000000
387,-49.910430,27.553514,0.000000
388,-49.764196,27.595599,0.000000
389,-49.617922,27.638519,0.000000
390,-49.471547,27.682271,0.000000
391,-49.325006,27.726853,0.000000
392,-49.178230,27.772264,0.000000
393,-49.031144,27.818501,0.000000
394,-48.883665,27.865565,0.000000
395,-48.735705,27.913456,0.000000
396,-48.587167,27.962173,0.000000
397,-48.437945,28.011718,0.000000
398,-48.287924,28.062092,0.000000
399,-48.136977,28.113299,0.000000
400,-47.984966,28.165342,0.000000
401,-47.831736,28.218224,0.000000
402,-47.677118,28.271952,0.000000
403,-47.520923,28.326531,0.000000
404,-47.362941,28.381970,0.000000
405,-47.202939,28.438277,0.000000
406,-47.040651,28.495463,0.000000
407,-46.875780,28.553541,0.000000
408,-46.707989,28.612524,0.000000
409,-46.536894,28.672429,0.000000
410,-46.362051,28.733274,0.000000
411,-46.182953,28.795083,0.000000
412,-45.999004,28.857880,0.000000
413,-45.809511,28.921694,0.000000
414,-45.613650,28.986558,0.000000
415,-45.410439,29.052512,0.000000
416,-45.198691,29.119600,0.000000
417,-44.976953,29.187877,0.000000
418,-44.743426,29.257404,0.000000
419,-44.495837,29.328257,0.000000
420,-44.231270,29.400524,0.000000
421,-43.945892,29.474314,0.000000
422,-43.634537,29.549760,0.000000
423,-43.290014,29.627030,0.000000
424,-42.901924,29.706340,0.000000
425,-42.454469,29.787973,0.000000
426,-41.922089,29.872317,0.000000
427,-41.259745,29.959928,0.000000
428,-40.377890,30.051663,0.000000
429,-39.062415,30.148972,0.000000
430,-36.610444,30.254726,0.000000
431,-28.460780,30.376474,0.000000
432,0.000000,30.552147,1.000000
433,-58.000000,30.916973,0.000000
434,-57.825275,30.893917,0.000000
435,-57.651396,30.872102,0.000000
436,-57.478357,30.851519,0.000000
437,-57.306154,30.832158,0.000000
438,-57.134780,30.814010,0.000000
439,-56.964231,30.797065,0.000000
440,-56.794501,30.781313,0.000000
441,-56.625585,30.766745,0.000000
442,-56.457476,30.753352,0.000000
443,-56.290170,30.741124,0.000000
444,-56.123659,30.730053,0.000000
445,-55.957938,30.720128,0.000000
446,-55.793000,30.711342,0.000000
447,-55.628838,30.703684,0.000000
448,-55.465447,30.697146,0.000000
449,-55.302818,30.691719,0.000000
450,-55.140944,30.687395,0.000000
451,-54.979818,30.684164,0.000000
452,-54.819432,30.682018,0.000000
453,-54.659778,30.680948,0.000000
454,-54.500846,30.680946,0.000000
455,-54.342629,30.682004,0.000000
456,-54.185117,30.684113,0.000000
457,-54.028300,30.687266,0.000000
458,-53.872168,30.691453,0.000000
459,-53.716710,30.696667,0.000000
460,-53.561916,30.702900,0.000000
461,-53.407773,30.710144,0.000000
462,-53.254269,30.718392,0.000000
463,-53.101393,30.727635,0.000000
464,-52.949129,30.737867,0.000000
465,-52.797463,30.749080,0.000000
466,-52.646381,30.761267,0.000000
467,-52.495867,30.774420,0.000000
468,-52.345904,30.788533,0.000000
469,-52.196475,30.803598,0.000000
470,-52.047560,30.819610,0.000000
471,-51.899139,30.836561,0.000000
472,-51.751193,30.854445,0.000000
473,-51.603698,30.873255,0.000000
474,-51.456632,30.892986,0.000000
475,-51.309968,30.913632,0.000000
476,-51.163680,30.935187,0.000000
477,-51.017741,30.957645,0.000000
478,-50.872120,30.981001,0.000000
479,-50.726784,31.005250,0.000000
480,-50.581699,31.030388,0.000000
481,-50.436830,31.056408,0.000000
482,-50.292136,31.083308,0.000000
483,-50.147576,31.111083,0.000000
484,-50.003105,31.139729,0.000000
485,-49.858675,31.169242,0.000000
486,-49.714235,31.199620,0.000000
487,-49.569727,31.230860,0.000000
488,-49.425094,31.262959,0.000000
489,-49.280270,31.295915,0.000000
490,-49.135185,31.329727,0.000000
491,-48.989765,31.364393,0.000000
492,-48.843926,31.399914,0.000000
493,-48.697581,31.436288,0.000000
494,-48.550633,31.473516,0.000000
495,-48.402976,31.511600,0.000000
496,-48.254495,31.550542,0.000000
497,-48.105063,31.590343,0.000000
498,-47.954541,31.631008,0.000000
499,-47.802776,31.672541,0.000000
500,-47.649599,31.714948,0.000000
501,-47.494820,31.758234,0.000000
502,-47.338232,31.802408,0.000000
503,-47.179598,31.847478,0.000000
504,-47.018656,31.893456,0.000000
505,-46.855109,31.940353,0.000000
506,-46.688619,31.988185,0.000000
507,-46.518804,32.036967,0.000000
508,-46.345221,32.086718,0.000000
509,-46.167362,32.137461,0.000000
510,-45.984635,32.189220,0.000000
511,-45.796346,32.242025,0.000000
512,-45.601674,32.295909,0.000000
513,-45.399639,32.350912,0.000000
514,-45.189057,32.407078,0.000000
515,-44.968479,32.464461,0.000000
516,-44.736109,32.523123,0.000000
517,-44.489682,32.583138,0.000000
518,-44.226290,32.644596,0.000000
519,-43.942113,32.707606,0.000000
520,-43.632003,32.772300,0.000000
521,-43.288798,32.838845,0.000000
522,-42.902146,32.907457,0.000000
523,-42.456329,32.978418,0.000000
524,-41.925939,33.052114,0.000000
525,-41.266258,33.129101,0.000000
526,-40.388525,33.210229,0.000000
527,-39.081092,33.296938,0.000000
528,-36.652646,33.392074,0.000000
529,-28.673088,33.503083,0.000000
530,0.000000,33.666919,1.000000
531,-58.000000,34.021362,0.000000
532,-57.826828,33.987958,0.000000
533,-57.654488,33.955819,0.000000
534,-57.482976,33.924937,0.000000
535,-57.312286,33.895300,0.000000
536,-57.142414,33.866901,0.000000
537,-56.973355,33.839728,0.000000
538,-56.805102,33.813773,0.000000
539,-56.637650,33.789027,0.000000
540,-56.470995,33.765479,0.000000
541,-56.305129,33.743121,0.000000
542,-56.140048,33.721943,0.000000
543,-55.975745,33.701936,0.000000
544,-55.812213,33.683091,0.000000
545,-55.649447,33.665400,0.000000
546,-55.487439,33.648852,0.000000
547,-55.326183,33.633440,0.000000
548,-55.165672,33.619154,0.000000
549,-55.005898,33.605985,0.000000
550,-54.846853,33.593926,0.000000
551,-54.688529,33.582967,0.000000
552,-54.530919,33.573101,0.000000
553,-54.374013,33.564317,0.000000
554,-54.217803,33.556610,0.000000
555,-54.062279,33.549969,0.000000
556,-53.907431,33.544387,0.000000
557,-53.753248,33.539856,0.000000
558,-53.599721,33.536368,0.000000
559,-53.446838,33.533916,0.000000
560,-53.294586,33.532490,0.000000
561,-53.142954,33.532085,0.000000
562,-52.991928,33.532692,0.000000
563,-52.841494,33.534303,0.000000
564,-52.691639,33.536912,0.000000
565,-52.542346,33.540512,0.000000
566,-52.393599,33.545094,0.000000
567,-52.245382,33.550653,0.000000
568,-52.097677,33.557182,0.000000
569,-51.950464,33.564673,0.000000
570,-51.803723,33.573121,0.000000
571,-51.657433,33.582519,0.000000
572,-51.511571,33.592861,0.000000
573,-51.366113,33.604141,0.000000
574,-51.221034,33.616354,0.000000
575,-51.076307,33.629492,0.000000
576,-50.931902,33.643552,0.000000
577,-50.787789,33.658527,0.000000
578,-50.643935,33.674414,0.000000
579,-50.500305,33.691206,0.000000
580,-50.356863,33.708900,0.000000
581,-50.213567,33.727491,0.000000
582,-50.070376,33.746976,0.000000
583,-49.927243,33.767350,0.000000
584,-49.784120,33.788611,0.000000
585,-49.640954,33.810754,0.000000
586,-49.497689,33.833779,0.000000
587,-49.354262,33.857682,0.000000
588,-49.210609,33.882461,0.000000
589,-49.066658,33.908115,0.000000
590,-48.922332,33.934644,0.000000
591,-48.777548,33.962046,0.000000
592,-48.632214,33.990322,0.000000
593,-48.486233,34.019473,0.000000
594,-48.339495,34.049500,0.000000
595,-48.191884,34.080405,0.000000
596,-48.043268,34.112191,0.000000
597,-47.893507,34.144862,0.000000
598,-47.742443,34.178422,0.000000
599,-47.589901,34.212878,0.000000
600,-47.435689,34.248236,0.000000
601,-47.279591,34.284504,0.000000
602,-47.121365,34.321691,0.000000
603,-46.960741,34.359810,0.000000
604,-46.797412,34.398872,0.000000
605,-46.631030,34.438893,0.000000
606,-46.461198,34.479890,0.000000
607,-46.287459,34.521883,0.000000
608,-46.109284,34.564893,0.000000
609,-45.926059,34.608948,0.000000
610,-45.737060,34.654078,0.000000
611,-45.541429,34.700317,0.000000
612,-45.338140,34.747707,0.000000
613,-45.125949,34.796294,0.000000
614,-44.903328,34.846133,0.000000
615,-44.668376,34.897290,0.000000
616,-44.418687,34.949844,0.000000
617,-44.151151,35.003886,0.000000
618,-43.861663,35.059532,0.000000
619,-43.544644,35.116923,0.000000
620,-43.192270,35.176235,0.000000
621,-42.793095,35.237699,0.000000
622,-42.329501,35.301620,0.000000
623,-41.772455,35.368418,0.000000
624,-41.069507,35.438706,0.000000
625,-40.112455,35.513447,0.000000
626,-38.626665,35.594320,0.000000
627,-35.602239,35.684827,0.000000
628,-22.162757,35.795196,0.000000
629,0.000000,35.994794,1.000000
630,-58.000000,36.341478,0.000000
631,-57.827988,36.300340,0.000000
632,-57.656798,36.260485,0.000000
633,-57.486427,36.221905,0.000000
634,-57.316870,36.184589,0.000000
635,-57.148120,36.148528,0.000000
636,-56.980173,36.113712,0.000000
637,-56.813024,36.080132,0.000000
638,-56.646668,36.047778,0.000000
639,-56.481098,36.016641,0.000000
640,-56.316310,35.986712,0.000000
641,-56.152297,35.957980,0.000000
642,-55.989053,35.930439,0.000000
643,-55.826572,35.904077,0.000000
644,-55.664849,35.878886,0.000000
645,-55.503875,35.854857,0.000000
646,-55.343646,35.831982,0.000000
647,-55.184152,35.810251,0.000000
648,-55.025388,35.789656,0.000000
649,-54.867346,35.770188,0.000000
650,-54.710017,35.751838,0.000000
651,-54.553394,35.734599,0.000000
652,-54.397468,35.718461,0.000000
653,-54.242231,35.703416,0.000000
654,-54.087672,35.689457,0.000000
655,-53.933784,35.676574,0.000000
656,-53.780554,35.664760,0.000000
657,-53.627974,35.654007,0.000000
658,-53.476031,35.644307,0.000000
659,-53.324714,35.635653,0.000000
660,-53.174012,35.628036,0.000000
661,-53.023910,35.621449,0.000000
662,-52.874397,35.615885,0.000000
663,-52.725457,35.611336,0.000000
664,-52.577076,35.607795,0.000000
665,-52.429238,35.605255,0.000000
666,-52.281926,35.603709,0.000000
667,-52.135123,35.603151,0.000000
668,-51.988811,35.603573,0.000000
669,-51.842969,35.604969,0.000000
670,-51.697578,35.607332,0.000000
671,-51.552614,35.610658,0.000000
672,-51.408056,35.614938,0.000000
673,-51.263877,35.620168,0.000000
674,-51.120052,35.626341,0.000000
675,-50.976554,35.633453,0.000000
676,-50.833351,35.641498,0.000000
677,-50.690413,35.650471,0.000000
678,-50.547705,35.660366,0.000000
679,-50.405192,35.671180,0.000000
680,-50.262836,35.682908,0.000000
681,-50.120595,35.695547,0.000000
682,-49.978425,35.709091,0.000000
683,-49.836279,35.723538,0.000000
684,-49.694107,35.738884,0.000000
685,-49.551853,35.755127,0.000000
686,-49.409460,35.772264,0.000000
687,-49.266864,35.790294,0.000000
688,-49.123997,35.809214,0.000000
689,-48.980786,35.829023,0.000000
690,-48.837150,35.849721,0.000000
691,-48.693003,35.871307,0.000000
692,-48.548251,35.893783,0.000000
693,-48.402792,35.917149,0.000000
694,-48.256512,35.941406,0.000000
695,-48.109290,35.966558,0.000000
696,-47.960989,35.992608,0.000000
697,-47.811463,36.019559,0.000000
698,-47.660545,36.047417,0.000000
699,-47.508055,36.076189,0.000000
700,-47.353790,36.105881,0.000000
701,-47.197523,36.136503,0.000000
702,-47.039002,36.168065,0.000000
703,-46.877940,36.200578,0.000000
704,-46.714013,36.234056,0.000000
705,-46.546854,36.268516,0.000000
706,-46.376041,36.303975,0.000000
707,-46.201087,36.340455,0.000000
708,-46.021429,36.377980,0.000000
709,-45.836408,36.416577,0.000000
710,-45.645246,36.456279,0.000000
711,-45.447017,36.497123,0.000000
712,-45.240606,36.539152,0.000000
713,-45.024656,36.582418,0.000000
714,-44.797492,36.626979,0.000000
715,-44.557012,36.672906,0.000000
716,-44.300534,36.720282,0.000000
717,-44.024560,36.769211,0.000000
718,-43.724418,36.819817,0.000000
719,-43.393677,36.872255,0.000000
720,-43.023160,36.926723,0.000000
721,-42.599166,36.983479,0.000000
722,-42.100020,37.042873,0.000000
723,-41.488694,37.105397,0.000000
724,-40.694775,37.171787,0.000000
725,-39.561303,37.243250,0.000000
726,-37.633981,37.322030,0.000000
727,-32.720000,37.413397,0.000000
728,0.000000,37.537219,1.000000
729,-58.000000,37.878761,0.000000
730,-57.828756,37.832499,0.000000
731,-57.658329,37.787532,0.000000
732,-57.488714,37.743851,0.000000
733,-57.319906,37.701447,0.000000
734,-57.151900,37.660310,0.000000
735,-56.984691,37.620429,0.000000
736,-56.818274,37.581797,0.000000
737,-56.652643,37.544402,0.000000
738,-56.487793,37.508236,0.000000
739,-56.323718,37.473290,0.000000
740,-56.160413,37.439555,0.000000
741,-55.997871,37.407020,0.000000
742,-55.836087,37.375678,0.000000
743,-55.675054,37.345518,0.000000
744,-55.514766,37.316533,0.000000
745,-55.355216,37.288712,0.000000
746,-55.196397,37.262049,0.000000
747,-55.038302,37.236532,0.000000
748,-54.880924,37.212155,0.000000
749,-54.724254,37.188909,0.000000
750,-54.568285,37.166784,0.000000
751,-54.413009,37.145773,0.000000
752,-54.258416,37.125867,0.000000
753,-54.104497,37.107058,0.000000
754,-53.951244,37.089338,0.000000
755,-53.798646,37.072698,0.000000
756,-53.646692,37.057132,0.000000
757,-53.495373,37.042630,0.000000
758,-53.344676,37.029185,0.000000
759,-53.194589,37.016790,0.000000
760,-53.045100,37.005437,0.000000
761,-52.896196,36.995118,0.000000
762,-52.747862,36.985827,0.000000
763,-52.600085,36.977555,0.000000
764,-52.452848,36.970296,0.000000
765,-52.306136,36.964042,0.000000
766,-52.159931,36.958788,0.000000
767,-52.014214,36.954526,0.000000
768,-51.868968,36.951249,0.000000
769,-51.724171,36.948952,0.000000
770,-51.579802,36.947628,0.000000
771,-51.435838,36.947270,0.000000
772,-51.292255,36.947874,0.000000
773,-51.149027,36.949432,0.000000
774,-51.006127,36.951941,0.000000
775,-50.863525,36.955394,0.000000
776,-50.721192,36.959785,0.000000
777,-50.579093,36.965111,0.000000
778,-50.437195,36.971367,0.000000
779,-50.295458,36.978548,0.000000
780,-50.153843,36.986650,0.000000
781,-50.012308,36.995669,0.000000
782,-49.870806,37.005601,0.000000
783,-49.729287,37.016444,0.000000
784,-49.587700,37.028194,0.000000
785,-49.445986,37.040848,0.000000
786,-49.304085,37.054405,0.000000
787,-49.161930,37.068864,0.000000
788,-49.019450,37.084221,0.000000
789,-48.876567,37.100477,0.000000
790,-48.733198,37.117632,0.000000
791,-48.589251,37.135685,0.000000
792,-48.444627,37.154638,0.000000
793,-48.299217,37.174492,0.000000
794,-48.152902,37.195249,0.000000
795,-48.005553,37.216912,0.000000
796,-47.857027,37.239485,0.000000
797,-47.707164,37.262973,0.000000
798,-47.555791,37.287382,0.000000
799,-47.402713,37.312719,0.000000
800,-47.247712,37.338992,0.000000
801,-47.090547,37.366210,0.000000
802,-46.930945,37.394386,0.000000
803,-46.768596,37.423532,0.000000
804,-46.603151,37.453663,0.000000
805,-46.434209,37.484796,0.000000
806,-46.261310,37.516952,0.000000
807,-46.083921,37.550153,0.000000
808,-45.901423,37.584427,0.000000
809,-45.713084,37.619803,0.000000
810,-45.518040,37.656316,0.000000
811,-45.315253,37.694008,0.000000
812,-45.103465,37.732926,0.000000
813,-44.881131,37.773127,0.000000
814,-44.646327,37.814675,0.000000
815,-44.396613,37.857651,0.000000
816,-44.128833,37.902148,0.000000
817,-43.838816,37.948282,0.000000
818,-43.520883,37.996196,0.000000
819,-43.167052,38.046069,0.000000
820,-42.765622,38.098135,0.000000
821,-42.298516,38.152704,0.000000
822,-41.735821,38.210205,0.000000
823,-41.023168,38.271265,0.000000
824,-40.047385,38.336873,0.000000
825,-38.516935,38.408768,0.000000
826,-35.328142,38.490626,0.000000
827,-19.926230,38.593469,0.000000
828,0.000000,38.798649,1.000000
829,-58.000000,39.135987,0.000000
830,-57.829385,39.085534,0.000000
831,-57.659581,39.036386,0.000000
832,-57.490585,38.988535,0.000000
833,-57.322390,38.941969,0.000000
834,-57.154992,38.896680,0.000000
835,-56.988386,38.852657,0.000000
836,-56.822567,38.809893,0.000000
837,-56.657529,38.768376,0.000000
838,-56.493267,38.728098,0.000000
839,-56.329776,38.689049,0.000000
840,-56.167050,38.651220,0.000000
841,-56.005082,38.614603,0.000000
842,-55.843868,38.579187,0.000000
843,-55.683400,38.544964,0.000000
844,-55.523672,38.511925,0.000000
845,-55.364678,38.480060,0.000000
846,-55.206411,38.449362,0.000000
847,-55.048863,38.419822,0.000000
848,-54.892028,38.391430,0.000000
849,-54.735897,38.364178,0.000000
850,-54.580463,38.338058,0.000000
851,-54.425718,38.313062,0.000000
852,-54.271652,38.289180,0.000000
853,-54.118257,38.266405,0.000000
854,-53.965523,38.244729,0.000000
855,-53.813441,38.224143,0.000000
856,-53.662001,38.204639,0.000000
857,-53.511190,38.186211,0.000000
858,-53.361000,38.168849,0.000000
859,-53.211416,38.152546,0.000000
860,-53.062428,38.137295,0.000000
861,-52.914022,38.123087,0.000000
862,-52.766184,38.109917,0.000000
863,-52.618901,38.097776,0.000000
864,-52.472155,38.086657,0.000000
865,-52.325933,38.076554,0.000000
866,-52.180216,38.067459,0.000000
867,-52.034987,38.059367,0.000000
868,-51.890227,38.052269,0.000000
869,-51.745916,38.046160,0.000000
870,-51.602032,38.041033,0.000000
871,-51.458554,38.036883,0.000000
872,-51.315457,38.033703,0.000000
873,-51.172716,38.031487,0.000000
874,-51.030305,38.030231,0.000000
875,-50.888195,38.029928,0.000000
876,-50.746355,38.030574,0.000000
877,-50.604753,38.032163,0.000000
878,-50.463355,38.034691,0.000000
879,-50.322123,38.038153,0.000000
880,-50.181020,38.042545,0.000000
881,-50.040001,38.047863,0.000000
882,-49.899023,38.054103,0.000000
883,-49.758038,38.061263,0.000000
884,-49.616992,38.069338,0.000000
885,-49.475831,38.078327,0.000000
886,-49.334495,38.088227,0.000000
887,-49.192919,38.099036,0.000000
888,-49.051033,38.110753,0.000000
889,-48.908761,38.123377,0.000000
890,-48.766022,38.136908,0.000000
891,-48.622727,38.151344,0.000000
892,-48.478779,38.166688,0.000000
893,-48.334073,38.182941,0.000000
894,-48.188493,38.200104,0.000000
895,-48.041913,38.218180,0.000000
896,-47.894193,38.237174,0.000000
897,-47.745182,38.257088,0.000000
898,-47.594708,38.277930,0.000000
899,-47.442584,38.299706,0.000000
900,-47.288601,38.322423,0.000000
901,-47.132525,38.346091,0.000000
902,-46.974092,38.370720,0.000000
903,-46.813006,38.396324,0.000000
904,-46.648930,38.422916,0.000000
905,-46.481480,38.450514,0.000000
906,-46.310217,38.479135,0.000000
907,-46.134631,38.508803,0.000000
908,-45.954132,38.539543,0.000000
909,-45.768027,38.571384,0.000000
910,-45.575495,38.604359,0.000000
911,-45.375557,38.638508,0.000000
912,-45.167031,38.673876,0.000000
913,-44.948469,38.710516,0.000000
914,-44.718077,38.748491,0.000000
915,-44.473594,38.787876,0.000000
916,-44.212115,38.828759,0.000000
917,-43.929825,38.871249,0.000000
918,-43.621584,38.915479,0.000000
919,-43.280242,38.961617,0.000000
920,-42.895465,39.009877,0.000000
921,-42.451569,39.060541,0.000000
922,-41.923209,39.113995,0.000000
923,-41.265798,39.170794,0.000000
924,-40.390907,39.231786,0.000000
925,-39.087928,39.298407,0.000000
926,-36.670467,39.373493,0.000000
927,-28.764004,39.464445,0.000000
928,0.000000,39.607803,1.000000
929,-58.000000,39.942444,0.000000
930,-57.829788,39.889302,0.000000
931,-57.660385,39.837473,0.000000
932,-57.491785,39.786945,0.000000
933,-57.323983,39.737710,0.000000
934,-57.156975,39.689758,0.000000
935,-56.990756,39.643079,0.000000
936,-56.825321,39.597664,0.000000
937,-56.660664,39.553503,0.000000
938,-56.496779,39.510586,0.000000
939,-56.333662,39.468906,0.000000
940,-56.171307,39.428452,0.000000
941,-56.009708,39.389215,0.000000
942,-55.848859,39.351186,0.000000
943,-55.688753,39.314357,0.000000
944,-55.529385,39.278717,0.000000
945,-55.370748,39.244259,0.000000
946,-55.212834,39.210973,0.000000
947,-55.055638,39.178851,0.000000
948,-54.899151,39.147884,0.000000
949,-54.743366,39.118063,0.000000
950,-54.588275,39.089380,0.000000
951,-54.433870,39.061827,0.000000
952,-54.280142,39.035395,0.000000
953,-54.127083,39.010077,0.000000
954,-53.974683,38.985862,0.000000
955,-53.822932,38.962745,0.000000
956,-53.671820,38.940716,0.000000
957,-53.521336,38.919768,0.000000
958,-53.371470,38.899894,0.000000
959,-53.222210,38.881084,0.000000
960,-53.073543,38.863333,0.000000
961,-52.925456,38.846631,0.000000
962,-52.777936,38.830973,0.000000
963,-52.630969,38.816350,0.000000
964,-52.484539,38.802756,0.000000
965,-52.338631,38.790183,0.000000
966,-52.193227,38.778625,0.000000
967,-52.048310,38.768074,0.000000
968,-51.903862,38.758525,0.000000
969,-51.759862,38.749971,0.000000
970,-51.616290,38.742406,0.000000
971,-51.473123,38.735822,0.000000
972,-51.330337,38.730215,0.000000
973,-51.187909,38.725579,0.000000
974,-51.045811,38.721908,0.000000
975,-50.904015,38.719196,0.000000
976,-50.762491,38.717439,0.000000
977,-50.621207,38.716631,0.000000
978,-50.480130,38.716767,0.000000
979,-50.339222,38.717844,0.000000
980,-50.198445,38.719856,0.000000
981,-50.057757,38.722800,0.000000
982,-49.917115,38.726672,0.000000
983,-49.776469,38.731469,0.000000
984,-49.635770,38.737188,0.000000
985,-49.494963,38.743826,0.000000
986,-49.353987,38.751380,0.000000
987,-49.212780,38.759849,0.000000
988,-49.071273,38.769231,0.000000
989,-48.929392,38.779525,0.000000
990,-48.787055,38.790730,0.000000
991,-48.644176,38.802848,0.000000
992,-48.500659,38.815877,0.000000
993,-48.356400,38.829820,0.000000
994,-48.211288,38.844677,0.000000
995,-48.065196,38.860453,0.000000
996,-47.917989,38.877150,0.000000
997,-47.769517,38.894773,0.000000
998,-47.619614,38.913327,0.000000
999,-47.468096,38.932819,0.000000
1000,-47.314757,38.953255,0.000000
1001,-47.159370,38.974646,0.000000
1002,-47.001676,38.997002,0.000000
1003,-46.841387,39.020334,0.000000
1004,-46.678174,39.044657,0.000000
1005,-46.511665,39.069987,0.000000
1006,-46.341430,39.096342,0.000000
1007,-46.166977,39.123745,0.000000
1008,-45.987732,39.152219,0.000000
1009,-45.803024,39.181794,0.000000
1010,-45.612062,39.212501,0.000000
1011,-45.413901,39.244379,0.000000
1012,-45.207402,39.277471,0.000000
1013,-44.991180,39.311831,0.000000
1014,-44.763517,39.347517,0.000000
1015,-44.522257,39.384601,0.000000
1016,-44.264643,39.423171,0.000000
1017,-43.987071,39.463329,0.000000
1018,-43.684709,39.505205,0.000000
1019,-43.350887,39.548956,0.000000
1020,-42.976040,39.594787,0.000000
1021,-42.545812,39.642964,0.000000
1022,-42.037323,39.693849,0.000000
1023,-41.411097,39.747954,0.000000
1024,-40.590996,39.806053,0.000000
1025,-39.403513,39.869426,0.000000
1026,-37.326579,39.940505,0.000000
1027,-31.610572,40.025192,0.000000
1028,0.000000,40.147705,1.000000
1029,-58.000000,40.480546,0.000000
1030,-57.830057,40.425610,0.000000
1031,-57.660920,40.371991,0.000000
1032,-57.492585,40.319679,0.000000
1033,-57.325046,40.268662,0.000000
1034,-57.158299,40.218933,0.000000
1035,-56.992338,40.170482,0.000000
1036,-56.827158,40.123298,0.000000
1037,-56.662755,40.077372,0.000000
1038,-56.499123,40.032696,0.000000
1039,-56.336256,39.989260,0.000000
1040,-56.174148,39.947054,0.000000
1041,-56.012795,39.906069,0.000000
1042,-55.852189,39.866297,0.000000
1043,-55.692326,39.827728,0.000000
1044,-55.533197,39.790353,0.000000
1045,-55.374798,39.754164,0.000000
1046,-55.217120,39.719152,0.000000
1047,-55.060158,39.685307,0.000000
1048,-54.903904,39.652622,0.000000
1049,-54.748349,39.621087,0.000000
1050,-54.593487,39.590694,0.000000
1051,-54.439309,39.561436,0.000000
1052,-54.285807,39.533302,0.000000
1053,-54.132972,39.506286,0.000000
1054,-53.980794,39.480378,0.000000
1055,-53.829264,39.455572,0.000000
1056,-53.678371,39.431858,0.000000
1057,-53.528106,39.409229,0.000000
1058,-53.378457,39.387678,0.000000
1059,-53.229412,39.367196,0.000000
1060,-53.080959,39.347776,0.000000
1061,-52.933086,39.329410,0.000000
1062,-52.785778,39.312092,0.000000
1063,-52.639021,39.295813,0.000000
1064,-52.492802,39.280567,0.000000
1065,-52.347103,39.266346,0.000000
1066,-52.201908,39.253144,0.000000
1067,-52.057199,39.240954,0.000000
1068,-51.912959,39.229770,0.000000
1069,-51.769167,39.219584,0.000000
1070,-51.625802,39.210391,0.000000
1071,-51.482842,39.202184,0.000000
1072,-51.340265,39.194958,0.000000
1073,-51.198045,39.188707,0.000000
1074,-51.056156,39.183424,0.000000
1075,-50.914569,39.179105,0.000000
1076,-50.773256,39.175744,0.000000
1077,-50.632184,39.173337,0.000000
1078,-50.491320,39.171878,0.000000
1079,-50.350628,39.171362,0.000000
1080,-50.210069,39.171787,0.000000
1081,-50.069601,39.173147,0.000000
1082,-49.929182,39.175439,0.000000
1083,-49.788764,39.178660,0.000000
1084,-49.648295,39.182806,0.000000
1085,-49.507723,39.187875,0.000000
1086,-49.366987,39.193864,0.000000
1087,-49.226026,39.200771,0.000000
1088,-49.084771,39.208595,0.000000
1089,-48.943149,39.217334,0.000000
1090,-48.801079,39.226989,0.000000
1091,-48.658476,39.237558,0.000000
1092,-48.515245,39.249043,0.000000
1093,-48.371284,39.261445,0.000000
1094,-48.226482,39.274765,0.000000
1095,-48.080714,39.289006,0.000000
1096,-47.933848,39.304171,0.000000
1097,-47.785734,39.320265,0.000000
1098,-47.636208,39.337292,0.000000
1099,-47.485091,39.355260,0.000000
1100,-47.332178,39.374175,0.000000
1101,-47.177246,39.394047,0.000000
1102,-47.020041,39.414885,0.000000
1103,-46.860278,39.436702,0.000000
1104,-46.697636,39.459511,0.000000
1105,-46.531746,39.483328,0.000000
1106,-46.362189,39.508172,0.000000
1107,-46.188481,39.534064,0.000000
1108,-46.010061,39.561027,0.000000
1109,-45.826272,39.589090,0.000000
1110,-45.636339,39.618284,0.000000
1111,-45.439341,39.648648,0.000000
1112,-45.234170,39.680223,0.000000
1113,-45.019475,39.713061,0.000000
1114,-44.793590,39.747221,0.000000
1115,-44.554426,39.782773,0.000000
1116,-44.299319,39.819801,0.000000
1117,-44.024796,39.858406,0.000000
1118,-43.726221,39.898713,0.000000
1119,-43.397218,39.940876,0.000000
1120,-43.028699,39.985092,0.000000
1121,-42.607112,40.031617,0.000000
1122,-42.111055,40.080797,0.000000
1123,-41.504050,40.133121,0.000000
1124,-40.716960,40.189317,0.000000
1125,-39.596453,40.250573,0.000000
1126,-37.702657,40.319094,0.000000
1127,-32.953355,40.400013,0.000000
1128,0.000000,40.512324,1.000000
1129,-58.000000,40.843949,0.000000
1130,-57.830239,40.787803,0.000000
1131,-57.661282,40.732975,0.000000
1132,-57.493126,40.679457,0.000000
1133,-57.325764,40.627238,0.000000
1134,-57.159192,40.576309,0.000000
1135,-56.993406,40.526660,0.000000
1136,-56.828399,40.478281,0.000000
1137,-56.664167,40.431164,0.000000
1138,-56.500705,40.385299,0.000000
1139,-56.338007,40.340677,0.000000
1140,-56.176067,40.297288,0.000000
1141,-56.014879,40.255123,0.000000
1142,-55.854438,40.214174,0.000000
1143,-55.694738,40.174430,0.000000
1144,-55.535772,40.135884,0.000000
1145,-55.377533,40.098526,0.000000
1146,-55.220015,40.062347,0.000000
1147,-55.063211,40.027339,0.000000
1148,-54.907113,39.993494,0.000000
1149,-54.751715,39.960801,0.000000
1150,-54.597007,39.929254,0.000000
1151,-54.442983,39.898843,0.000000
1152,-54.289633,39.869560,0.000000
1153,-54.136949,39.841397,0.000000
1154,-53.984921,39.814346,0.000000
1155,-53.833540,39.788399,0.000000
1156,-53.682796,39.763547,0.000000
1157,-53.532678,39.739784,0.000000
1158,-53.383175,39.717100,0.000000
1159,-53.234276,39.695488,0.000000
1160,-53.085967,39.674942,0.000000
1161,-52.938238,39.655452,0.000000
1162,-52.791073,39.637012,0.000000
1163,-52.644459,39.619615,0.000000
1164,-52.498382,39.603253,0.000000
1165,-52.352824,39.587920,0.000000
1166,-52.207770,39.573608,0.000000
1167,-52.063202,39.560311,0.000000
1168,-51.919102,39.548022,0.000000
1169,-51.775450,39.536734,0.000000
1170,-51.632226,39.526442,0.000000
1171,-51.489406,39.517139,0.000000
1172,-51.346969,39.508820,0.000000
1173,-51.204890,39.501477,0.000000
1174,-51.063141,39.495106,0.000000
1175,-50.921696,39.489702,0.000000
1176,-50.780525,39.485258,0.000000
1177,-50.639597,39.481770,0.000000
1178,-50.498877,39.479234,0.000000
1179,-50.358330,39.477644,0.000000
1180,-50.217917,39.476996,0.000000
1181,-50.077599,39.477287,0.000000
1182,-49.937330,39.478512,0.000000
1183,-49.797064,39.480668,0.000000
1184,-49.656752,39.483752,0.000000
1185,-49.516338,39.487761,0.000000
1186,-49.375764,39.492693,0.000000
1187,-49.234969,39.498545,0.000000
1188,-49.093883,39.505317,0.000000
1189,-48.952436,39.513007,0.000000
1190,-48.810546,39.521614,0.000000
1191,-48.668129,39.531138,0.000000
1192,-48.525091,39.541580,0.000000
1193,-48.381330,39.552941,0.000000
1194,-48.236736,39.565222,0.000000
1195,-48.091187,39.578427,0.000000
1196,-47.944549,39.592557,0.000000
1197,-47.796675,39.607618,0.000000
1198,-47.647404,39.623615,0.000000
1199,-47.496556,39.640554,0.000000
1200,-47.343930,39.658442,0.000000
1201,-47.189303,39.677287,0.000000
1202,-47.032426,39.697101,0.000000
1203,-46.873016,39.717894,0.000000
1204,-46.710756,39.739681,0.000000
1205,-46.545281,39.762477,0.000000
1206,-46.376179,39.786301,0.000000
1207,-46.202970,39.811172,0.000000
1208,-46.025101,39.837115,0.000000
1209,-45.841925,39.864157,0.000000
1210,-45.652680,39.892330,0.000000
1211,-45.456459,39.921671,0.000000
1212,-45.252172,39.952223,0.000000
1213,-45.038494,39.984034,0.000000
1214,-44.813791,40.017164,0.000000
1215,-44.576019,40.051681,0.000000
1216,-44.322572,40.087669,0.000000
1217,-44.050066,40.125226,0.000000
1218,-43.753989,40.164475,0.000000
1219,-43.428156,40.205567,0.000000
1220,-43.063782,40.248694,0.000000
1221,-42.647827,40.294106,0.000000
1222,-42.159820,40.342141,0.000000
1223,-41.565142,40.393268,0.000000
1224,-40.798926,40.448189,0.000000
1225,-39.719779,40.508036,0.000000
1226,-37.934089,40.574877,0.000000
1227,-33.695255,40.653400,0.000000
1228,0.000000,40.759921,1.000000
1229,-58.000000,41.090721,0.000000
1230,-57.830362,41.033752,0.000000
1231,-57.661528,40.978104,0.000000
1232,-57.493493,40.923766,0.000000
1233,-57.326251,40.870731,0.000000
1234,-57.159799,40.818987,0.000000
1235,-56.994131,40.768525,0.000000
1236,-56.829242,40.719335,0.000000
1237,-56.665127,40.671409,0.000000
1238,-56.501780,40.624737,0.000000
1239,-56.339196,40.579309,0.000000
1240,-56.177369,40.535117,0.000000
1241,-56.016295,40.492151,0.000000
1242,-55.855966,40.450402,0.000000
1243,-55.696376,40.409861,0.000000
1244,-55.537520,40.370519,0.000000
1245,-55.379390,40.332367,0.000000
1246,-55.221980,40.295396,0.000000
1247,-55.065284,40.259598,0.000000
1248,-54.909293,40.224965,0.000000
1249,-54.754000,40.191486,0.000000
1250,-54.599398,40.159154,0.000000
1251,-54.445477,40.127961,0.000000
1252,-54.292231,40.097898,0.000000
1253,-54.139650,40.068957,0.000000
1254,-53.987724,40.041130,0.000000
1255,-53.836444,40.014408,0.000000
1256,-53.685801,39.988783,0.000000
1257,-53.535783,39.964249,0.000000
1258,-53.386379,39.940796,0.000000
1259,-53.237578,39.918417,0.000000
1260,-53.089368,39.897106,0.000000
1261,-52.941736,39.876853,0.000000
1262,-52.794669,39.857652,0.000000
1263,-52.648152,39.839495,0.000000
1264,-52.502171,39.822376,0.000000
1265,-52.356709,39.806287,0.000000
1266,-52.211751,39.791221,0.000000
1267,-52.067279,39.777172,0.000000
1268,-51.923274,39.764133,0.000000
1269,-51.779717,39.752097,0.000000
1270,-51.636587,39.741059,0.000000
1271,-51.493863,39.731011,0.000000
1272,-51.351521,39.721949,0.000000
1273,-51.209537,39.713866,0.000000
1274,-51.067885,39.706756,0.000000
1275,-50.926536,39.700614,0.000000
1276,-50.785461,39.695435,0.000000
1277,-50.644630,39.691214,0.000000
1278,-50.504008,39.687946,0.000000
1279,-50.363559,39.685626,0.000000
1280,-50.223246,39.684250,0.000000
1281,-50.083029,39.683814,0.000000
1282,-49.942862,39.684315,0.000000
1283,-49.802700,39.685748,0.000000
1284,-49.662493,39.688111,0.000000
1285,-49.522186,39.691400,0.000000
1286,-49.381723,39.695614,0.000000
1287,-49.241039,39.700751,0.000000
1288,-49.100070,39.706808,0.000000
1289,-48.958740,39.713785,0.000000
1290,-48.816973,39.721681,0.000000
1291,-48.674681,39.730495,0.000000
1292,-48.531774,39.740229,0.000000
1293,-48.388149,39.750883,0.000000
1294,-48.243696,39.762459,0.000000
1295,-48.098294,39.774960,0.000000
1296,-47.951811,39.788388,0.000000
1297,-47.804101,39.802748,0.000000
1298,-47.655002,39.818045,0.000000
1299,-47.504335,39.834285,0.000000
1300,-47.351903,39.851475,0.000000
1301,-47.197483,39.869624,0.000000
1302,-47.040828,39.888742,0.000000
1303,-46.881657,39.908840,0.000000
1304,-46.719654,39.929933,0.000000
1305,-46.554461,39.952036,0.000000
1306,-46.385664,39.975166,0.000000
1307,-46.212792,39.999344,0.000000
1308,-46.035295,40.024594,0.000000
1309,-45.852533,40.050944,0.000000
1310,-45.663751,40.078424,0.000000
1311,-45.468053,40.107071,0.000000
1312,-45.264362,40.136927,0.000000
1313,-45.051368,40.168041,0.000000
1314,-44.827459,40.200472,0.000000
1315,-44.590621,40.234287,0.000000
1316,-44.338288,40.269569,0.000000
1317,-44.067132,40.306415,0.000000
1318,-43.772725,40.344946,0.000000
1319,-43.449006,40.385312,0.000000
1320,-43.087390,40.427700,0.000000
1321,-42.675171,40.472359,0.000000
1322,-42.192479,40.519616,0.000000
1323,-41.605891,40.569935,0.000000
1324,-40.853246,40.623996,0.000000
1325,-39.800585,40.682894,0.000000
1326,-38.082185,40.748614,0.000000
1327,-34.140284,40.825570,0.000000
1328,-6.299694,40.928550,0.000000
1329,0.000000,41.216790,1.000000
1330,-58.000000,41.546067,0.000000
1331,-57.830590,41.487580,0.000000
1332,-57.661982,41.430418,0.000000
1333,-57.494170,41.374570,0.000000
1334,-57.327151,41.320027,0.000000
1335,-57.160919,41.266779,0.000000
1336,-56.995469,41.214817,0.000000
1337,-56.830797,41.164131,0.000000
1338,-56.666896,41.114712,0.000000
1339,-56.503763,41.066551,0.000000
1340,-56.341390,41.019637,0.000000
1341,-56.179773,40.973962,0.000000
1342,-56.018907,40.929517,0.000000
1343,-55.858784,40.886293,0.000000
1344,-55.699399,40.844280,0.000000
1345,-55.540745,40.803470,0.000000
1346,-55.382817,40.763853,0.000000
1347,-55.225607,40.725422,0.000000
1348,-55.069109,40.688166,0.000000
1349,-54.913314,40.652078,0.000000
1350,-54.758217,40.617149,0.000000
1351,-54.603808,40.583371,0.000000
1352,-54.450080,40.550734,0.000000
1353,-54.297025,40.519231,0.000000
1354,-54.144633,40.488853,0.000000
1355,-53.992895,40.459593,0.000000
1356,-53.841802,40.431442,0.000000
1357,-53.691345,40.404392,0.000000
1358,-53.541511,40.378435,0.000000
1359,-53.392291,40.353563,0.000000
1360,-53.243672,40.329769,0.000000
1361,-53.095643,40.307046,0.000000
1362,-52.948192,40.285385,0.000000
1363,-52.801304,40.264779,0.000000
1364,-52.654965,40.245221,0.000000
1365,-52.509162,40.226704,0.000000
1366,-52.363878,40.209220,0.000000
1367,-52.219096,40.192764,0.000000
1368,-52.074800,40.177327,0.000000
1369,-51.930971,40.162904,0.000000
1370,-51.787590,40.149488,0.000000
1371,-51.644636,40.137072,0.000000
1372,-51.502087,40.125651,0.000000
1373,-51.359921,40.115218,0.000000
1374,-51.218113,40.105768,0.000000
1375,-51.076636,40.097295,0.000000
1376,-50.935465,40.089793,0.000000
1377,-50.794568,40.083257,0.000000
1378,-50.653916,40.077683,0.000000
1379,-50.513474,40.073064,0.000000
1380,-50.373207,40.069398,0.000000
1381,-50.233078,40.066678,0.000000
1382,-50.093046,40.064902,0.000000
1383,-49.953068,40.064065,0.000000
1384,-49.813098,40.064165,0.000000
1385,-49.673085,40.065197,0.000000
1386,-49.532976,40.067159,0.000000
1387,-49.392715,40.070049,0.000000
1388,-49.252239,40.073864,0.000000
1389,-49.111481,40.078602,0.000000
1390,-48.970370,40.084264,0.000000
1391,-48.828827,40.090847,0.000000
1392,-48.686768,40.098352,0.000000
1393,-48.544100,40.106779,0.000000
1394,-48.400725,40.116129,0.000000
1395,-48.256532,40.126404,0.000000
1396,-48.111402,40.137606,0.000000
1397,-47.965204,40.149738,0.000000
1398,-47.817793,40.162804,0.000000
1399,-47.669010,40.176809,0.000000
1400,-47.518679,40.191760,0.000000
1401,-47.366602,40.207663,0.000000
1402,-47.212562,40.224527,0.000000
1403,-47.056314,40.242361,0.000000
1404,-46.897581,40.261178,0.000000
1405,-46.736052,40.280990,0.000000
1406,-46.571373,40.301813,0.000000
1407,-46.403139,40.323664,0.000000
1408,-46.230883,40.346565,0.000000
1409,-46.054068,40.370537,0.000000
1410,-45.872063,40.395608,0.000000
1411,-45.684129,40.421809,0.000000
1412,-45.489387,40.449175,0.000000
1413,-45.286782,40.477749,0.000000
1414,-45.075037,40.507578,0.000000
1415,-44.852576,40.538719,0.000000
1416,-44.617439,40.571239,0.000000
1417,-44.367132,40.605219,0.000000
1418,-44.098428,40.640754,0.000000
1419,-43.807047,40.677962,0.000000
1420,-43.487152,40.716988,0.000000
1421,-43.130509,40.758017,0.000000
1422,-42.725001,40.801287,0.000000
1423,-42.251810,40.847116,0.000000
1424,-41.679584,40.895947,0.000000
1425,-40.950786,40.948430,0.000000
1426,-39.943910,41.005597,0.000000
1427,-38.338351,41.069285,0.000000
1428,-34.860804,41.143465,0.000000
1429,-15.423473,41.240582,0.000000
1430,0.000000,41.466957,1.000000
1431,-58.000000,41.795400,0.000000
1432,-57.830715,41.736082,0.000000
1433,-57.662230,41.678090,0.000000
1434,-57.494541,41.621415,0.000000
1435,-57.327643,41.566047,0.000000
1436,-57.161532,41.511976,0.000000
1437,-56.996202,41.459192,0.000000
1438,-56.831648,41.407687,0.000000
1439,-56.667865,41.357451,0.000000
1440,-56.504848,41.308473,0.000000
1441,-56.342592,41.260746,0.000000
1442,-56.181090,41.214260,0.000000
1443,-56.020337,41.169005,0.000000
1444,-55.860327,41.124973,0.000000
1445,-55.701054,41.082154,0.000000
1446,-55.542512,41.040540,0.000000
1447,-55.384694,41.000121,0.000000
1448,-55.227593,40.960889,0.000000
1449,-55.071203,40.922836,0.000000
1450,-54.915517,40.885952,0.000000
1451,-54.760526,40.850228,0.000000
1452,-54.606223,40.815657,0.000000
1453,-54.452601,40.782230,0.000000
1454,-54.299650,40.749939,0.000000
1455,-54.147361,40.718775,0.000000
1456,-53.995727,40.688730,0.000000
1457,-53.844736,40.659796,0.000000
1458,-53.694380,40.631965,0.000000
1459,-53.544648,40.605229,0.000000
1460,-53.395528,40.579581,0.000000
1461,-53.247009,40.555012,0.000000
1462,-53.099080,40.531515,0.000000
1463,-52.951727,40.509083,0.000000
1464,-52.804937,40.487708,0.000000
1465,-52.658696,40.467383,0.000000
1466,-52.512990,40.448100,0.000000
1467,-52.367803,40.429853,0.000000
1468,-52.223118,40.412635,0.000000
1469,-52.078918,40.396439,0.000000
1470,-51.935186,40.381258,0.000000
1471,-51.791900,40.367086,0.000000
1472,-51.649042,40.353916,0.000000
1473,-51.506590,40.341743,0.000000
1474,-51.364520,40.330560,0.000000
1475,-51.222808,40.320361,0.000000
1476,-51.081428,40.311141,0.000000
1477,-50.940353,40.302895,0.000000
1478,-50.799554,40.295616,0.000000
1479,-50.659000,40.289300,0.000000
1480,-50.518657,40.283943,0.000000
1481,-50.378490,40.279538,0.000000
1482,-50.238461,40.276083,0.000000
1483,-50.098531,40.273573,0.000000
1484,-49.958656,40.272004,0.000000
1485,-49.818790,40.271373,0.000000
1486,-49.678883,40.271677,0.000000
1487,-49.538883,40.272912,0.000000
1488,-49.398732,40.275076,0.000000
1489,-49.258369,40.278168,0.000000
1490,-49.117728,40.282185,0.000000
1491,-48.976735,40.287126,0.000000
1492,-48.835315,40.292991,0.000000
1493,-48.693383,40.299779,0.000000
1494,-48.550847,40.307490,0.000000
1495,-48.407608,40.316126,0.000000
1496,-48.263557,40.325689,0.000000
1497,-48.118576,40.336179,0.000000
1498,-47.972533,40.347601,0.000000
1499,-47.825286,40.359959,0.000000
1500,-47.676675,40.373257,0.000000
1501,-47.526526,40.387502,0.000000
1502,-47.374644,40.402700,0.000000
1503,-47.220811,40.418860,0.000000
1504,-47.064784,40.435992,0.000000
1505,-46.906290,40.454107,0.000000
1506,-46.745019,40.473218,0.000000
1507,-46.580620,40.493340,0.000000
1508,-46.412691,40.514492,0.000000
1509,-46.240771,40.536692,0.000000
1510,-46.064326,40.559965,0.000000
1511,-45.882733,40.584336,0.000000
1512,-45.695259,40.609837,0.000000
1513,-45.501035,40.636502,0.000000
1514,-45.299020,40.664373,0.000000
1515,-45.087950,40.693499,0.000000
1516,-44.866274,40.723934,0.000000
1517,-44.632055,40.755746,0.000000
1518,-44.382842,40.789013,0.000000
1519,-44.115459,40.823831,0.000000
1520,-43.825705,40.860315,0.000000
1521,-43.507862,40.898609,0.000000
1522,-43.153881,40.938895,0.000000
1523,-42.751951,40.981406,0.000000
1524,-42.283801,41.026455,0.000000
1525,-41.719143,41.074474,0.000000
1526,-41.002788,41.126099,0.000000
1527,-40.019420,41.182326,0.000000
1528,-38.470125,41.244922,0.000000
1529,-35.209208,41.317639,0.000000
1530,-18.869135,41.411852,0.000000
1531,0.000000,41.614685,1.000000
1532,-58.000000,41.942636,0.000000
1533,-57.830788,41.882827,0.000000
1534,-57.662377,41.824345,0.000000
1535,-57.494760,41.767182,0.000000
1536,-57.327934,41.711326,0.000000
1537,-57.161894,41.656769,0.000000
1538,-56.996635,41.603500,0.000000
1539,-56.832151,41.551511,0.000000
1540,-56.668438,41.500792,0.000000
1541,-56.505489,41.451333,0.000000
1542,-56.343301,41.403125,0.000000
1543,-56.181867,41.356159,0.000000
1544,-56.021181,41.310426,0.000000
1545,-55.861238,41.265917,0.000000
1546,-55.702031,41.222622,0.000000
1547,-55.543555,41.180534,0.000000
1548,-55.385802,41.139641,0.000000
1549,-55.228766,41.099937,0.000000
1550,-55.072440,41.061412,0.000000
1551,-54.916817,41.024058,0.000000
1552,-54.761889,40.987866,0.000000
1553,-54.607649,40.952827,0.000000
1554,-54.454089,40.918933,0.000000
1555,-54.301200,40.886176,0.000000
1556,-54.148973,40.854548,0.000000
1557,-53.997399,40.824039,0.000000
1558,-53.846469,40.794643,0.000000
1559,-53.696173,40.766351,0.000000
1560,-53.546500,40.739156,0.000000
1561,-53.397439,40.713048,0.000000
1562,-53.248979,40.688022,0.000000
1563,-53.101109,40.664069,0.000000
1564,-52.953814,40.641181,0.000000
1565,-52.807082,40.619352,0.000000
1566,-52.660899,40.598573,0.000000
1567,-52.515251,40.578839,0.000000
1568,-52.370121,40.560141,0.000000
1569,-52.225493,40.542473,0.000000
1570,-52.081350,40.525828,0.000000
1571,-51.937674,40.510200,0.000000
1572,-51.794446,40.495581,0.000000
1573,-51.651645,40.481966,0.000000
1574,-51.509249,40.469349,0.000000
1575,-51.367235,40.457723,0.000000
1576,-51.225580,40.447082,0.000000
1577,-51.084258,40.437421,0.000000
1578,-50.943240,40.428735,0.000000
1579,-50.802498,40.421017,0.000000
1580,-50.662002,40.414264,0.000000
1581,-50.521717,40.408470,0.000000
1582,-50.381609,40.403630,0.000000
1583,-50.241640,40.399741,0.000000
1584,-50.101770,40.396797,0.000000
1585,-49.961955,40.394796,0.000000
1586,-49.822151,40.393734,0.000000
1587,-49.682307,40.393607,0.000000
1588,-49.542371,40.394413,0.000000
1589,-49.402285,40.396149,0.000000
1590,-49.261989,40.398813,0.000000
1591,-49.121416,40.402404,0.000000
1592,-48.980494,40.406920,0.000000
1593,-48.839146,40.412360,0.000000
1594,-48.697289,40.418725,0.000000
1595,-48.554830,40.426014,0.000000
1596,-48.411672,40.434228,0.000000
1597,-48.267705,40.443370,0.000000
1598,-48.122811,40.453440,0.000000
1599,-47.976860,40.464443,0.000000
1600,-47.829708,40.476383,0.000000
1601,-47.681200,40.489264,0.000000
1602,-47.531158,40.503091,0.000000
1603,-47.379390,40.517873,0.000000
1604,-47.225679,40.533618,0.000000
1605,-47.069783,40.550335,0.000000
1606,-46.911429,40.568035,0.000000
1607,-46.750310,40.586732,0.000000
1608,-46.586076,40.606441,0.000000
1609,-46.418327,40.627179,0.000000
1610,-46.246604,40.648966,0.000000
1611,-46.070377,40.671825,0.000000
1612,-45.889025,40.695783,0.000000
1613,-45.701822,40.720871,0.000000
1614,-45.507903,40.747122,0.000000
1615,-45.306234,40.774579,0.000000
1616,-45.095561,40.803289,0.000000
1617,-44.874344,40.833308,0.000000
1618,-44.640664,40.864701,0.000000
1619,-44.392091,40.897548,0.000000
1620,-44.125481,40.931942,0.000000
1621,-43.836679,40.967999,0.000000
1622,-43.520035,41.005861,0.000000
1623,-43.167605,41.045708,0.000000
1624,-42.767756,41.087771,0.000000
1625,-42.302531,41.132360,0.000000
1626,-41.742249,41.179902,0.000000
1627,-41.033048,41.231021,0.000000
1628,-40.063079,41.286697,0.000000
1629,-38.545355,41.348654,0.000000
1630,-35.401848,41.420523,0.000000
1631,-20.556232,41.513109,0.000000
1632,0.000000,41.704357,1.000000
1633,-58.000000,42.032009,0.000000
1634,-57.830833,41.971903,0.000000
1635,-57.662466,41.913124,0.000000
1636,-57.494893,41.855664,0.000000
1637,-57.328111,41.799512,0.000000
1638,-57.162114,41.744660,0.000000
1639,-56.996897,41.691097,0.000000
1640,-56.832456,41.638814,0.000000
1641,-56.668785,41.587802,0.000000
1642,-56.505879,41.538050,0.000000
1643,-56.343732,41.489551,0.000000
1644,-56.182339,41.442294,0.000000
1645,-56.021694,41.396271,0.000000
1646,-55.861791,41.351472,0.000000
1647,-55.702625,41.307889,0.000000
1648,-55.544188,41.265512,0.000000
1649,-55.386475,41.224332,0.000000
1650,-55.229478,41.184341,0.000000
1651,-55.073191,41.145530,0.000000
1652,-54.917606,41.107890,0.000000
1653,-54.762717,41.071413,0.000000
1654,-54.608515,41.036091,0.000000
1655,-54.454992,41.001913,0.000000
1656,-54.302140,40.968874,0.000000
1657,-54.149951,40.936963,0.000000
1658,-53.998414,40.906174,0.000000
1659,-53.847521,40.876497,0.000000
1660,-53.697261,40.847925,0.000000
1661,-53.547624,40.820450,0.000000
1662,-53.398600,40.794065,0.000000
1663,-53.250176,40.768761,0.000000
1664,-53.102340,40.744530,0.000000
1665,-52.955081,40.721366,0.000000
1666,-52.808384,40.699261,0.000000
1667,-52.662236,40.678208,0.000000
1668,-52.516623,40.658199,0.000000
1669,-52.371527,40.639227,0.000000
1670,-52.226934,40.621286,0.000000
1671,-52.082826,40.604369,0.000000
1672,-51.939185,40.588469,0.000000
1673,-51.795991,40.573580,0.000000
1674,-51.653224,40.559694,0.000000
1675,-51.510863,40.546807,0.000000
1676,-51.368884,40.534912,0.000000
1677,-51.227263,40.524003,0.000000
1678,-51.085975,40.514075,0.000000
1679,-50.944992,40.505121,0.000000
1680,-50.804286,40.497138,0.000000
1681,-50.663824,40.490119,0.000000
1682,-50.523575,40.484060,0.000000
1683,-50.383502,40.478955,0.000000
1684,-50.243569,40.474802,0.000000
1685,-50.103735,40.471596,0.000000
1686,-49.963958,40.469332,0.000000
1687,-49.824191,40.468008,0.000000
1688,-49.684385,40.467620,0.000000
1689,-49.544488,40.468166,0.000000
1690,-49.404442,40.469642,0.000000
1691,-49.264186,40.472047,0.000000
1692,-49.123654,40.475379,0.000000
1693,-48.982775,40.479636,0.000000
1694,-48.841471,40.484819,0.000000
1695,-48.699659,40.490926,0.000000
1696,-48.557248,40.497959,0.000000
1697,-48.414138,40.505917,0.000000
1698,-48.270222,40.514803,0.000000
1699,-48.125381,40.524619,0.000000
1700,-47.979485,40.535368,0.000000
1701,-47.832392,40.547054,0.000000
1702,-47.683945,40.559681,0.000000
1703,-47.533969,40.573256,0.000000
1704,-47.382270,40.587785,0.000000
1705,-47.228633,40.603277,0.000000
1706,-47.072816,40.619742,0.000000
1707,-46.914548,40.637191,0.000000
1708,-46.753520,40.655636,0.000000
1709,-46.589386,40.675094,0.000000
1710,-46.421746,40.695581,0.000000
1711,-46.250143,40.717118,0.000000
1712,-46.074047,40.739726,0.000000
1713,-45.892842,40.763434,0.000000
1714,-45.705802,40.788270,0.000000
1715,-45.512067,40.814270,0.000000
1716,-45.310608,40.841476,0.000000
1717,-45.100175,40.869933,0.000000
1718,-44.879236,40.899699,0.000000
1719,-44.645882,40.930838,0.000000
1720,-44.397695,40.963430,0.000000
1721,-44.131553,40.997567,0.000000
1722,-43.843325,41.033365,0.000000
1723,-43.527403,41.070965,0.000000
1724,-43.175908,41.110545,0.000000
1725,-42.777311,41.152338,0.000000
1726,-42.313843,41.196648,0.000000
1727,-41.756184,41.243900,0.000000
1728,-41.051257,41.294712,0.000000
1729,-40.089255,41.350055,0.000000
1730,-38.590130,41.411626,0.000000
1731,-35.514428,41.482987,0.000000
1732,-21.477773,41.574614,0.000000
1733,0.000000,41.759513,1.000000
1734,-58.000000,42.086982,0.000000
1735,-57.830860,42.026692,0.000000
1736,-57.662520,41.967730,0.000000
1737,-57.494975,41.910088,0.000000
1738,-57.328219,41.853754,0.000000
1739,-57.162249,41.798720,0.000000
1740,-56.997059,41.744976,0.000000
1741,-56.832644,41.692513,0.000000
1742,-56.668999,41.641320,0.000000
1743,-56.506118,41.591389,0.000000
1744,-56.343997,41.542710,0.000000
1745,-56.182629,41.495275,0.000000
1746,-56.022009,41.449073,0.000000
1747,-55.862131,41.404096,0.000000
1748,-55.702990,41.360335,0.000000
1749,-55.544577,41.317780,0.000000
1750,-55.386888,41.276424,0.000000
1751,-55.229916,41.236256,0.000000
1752,-55.073653,41.197270,0.000000
1753,-54.918092,41.159454,0.000000
1754,-54.763226,41.122802,0.000000
1755,-54.609048,41.087305,0.000000
1756,-54.455548,41.052953,0.000000
1757,-54.302719,41.019740,0.000000
1758,-54.150552,40.987656,0.000000
1759,-53.999038,40.956693,0.000000
1760,-53.848168,40.926844,0.000000
1761,-53.697930,40.898100,0.000000
1762,-53.548316,40.870454,0.000000
1763,-53.399313,40.843897,0.000000
1764,-53.250911,40.818422,0.000000
1765,-53.103098,40.794021,0.000000
1766,-52.955860,40.770687,0.000000
1767,-52.809185,40.748412,0.000000
1768,-52.663059,40.727190,0.000000
1769,-52.517467,40.707012,0.000000
1770,-52.372393,40.687872,0.000000
1771,-52.227821,40.669763,0.000000
1772,-52.083734,40.652678,0.000000
1773,-51.940114,40.636611,0.000000
1774,-51.796941,40.621555,0.000000
1775,-51.654196,40.607504,0.000000
1776,-51.511855,40.594451,0.000000
1777,-51.369898,40.582390,0.000000
1778,-51.228298,40.571316,0.000000
1779,-51.087032,40.561223,0.000000
1780,-50.946070,40.552106,0.000000
1781,-50.805385,40.543958,0.000000
1782,-50.664945,40.536776,0.000000
1783,-50.524717,40.530554,0.000000
1784,-50.384667,40.525287,0.000000
1785,-50.244756,40.520972,0.000000
1786,-50.104944,40.517603,0.000000
1787,-49.965190,40.515178,0.000000
1788,-49.825446,40.513693,0.000000
1789,-49.685664,40.513144,0.000000
1790,-49.545790,40.513530,0.000000
1791,-49.405768,40.514846,0.000000
1792,-49.265537,40.517091,0.000000
1793,-49.125031,40.520264,0.000000
1794,-48.984178,40.524363,0.000000
1795,-48.842901,40.529387,0.000000
1796,-48.701117,40.535337,0.000000
1797,-48.558735,40.542211,0.000000
1798,-48.415655,40.550012,0.000000
1799,-48.271770,40.558741,0.000000
1800,-48.126961,40.568400,0.000000
1801,-47.981100,40.578993,0.000000
1802,-47.834043,40.590522,0.000000
1803,-47.685634,40.602993,0.000000
1804,-47.535698,40.616412,0.000000
1805,-47.384041,40.630786,0.000000
1806,-47.230450,40.646123,0.000000
1807,-47.074681,40.662433,0.000000
1808,-46.916465,40.679727,0.000000
1809,-46.755494,40.698019,0.000000
1810,-46.591421,40.717322,0.000000
1811,-46.423848,40.737655,0.000000
1812,-46.252318,40.759037,0.000000
1813,-46.076304,40.781491,0.000000
1814,-45.895189,40.805044,0.000000
1815,-45.708249,40.829726,0.000000
1816,-45.514628,40.855572,0.000000
1817,-45.313297,40.882623,0.000000
1818,-45.103011,40.910925,0.000000
1819,-44.882242,40.940535,0.000000
1820,-44.649088,40.971519,0.000000
1821,-44.401139,41.003953,0.000000
1822,-44.135282,41.037932,0.000000
1823,-43.847407,41.073571,0.000000
1824,-43.531927,41.111009,0.000000
1825,-43.181004,41.150426,0.000000
1826,-42.783174,41.192052,0.000000
1827,-42.320780,41.236190,0.000000
1828,-41.764722,41.283264,0.000000
1829,-41.062399,41.333889,0.000000
1830,-40.105235,41.389026,0.000000
1831,-38.617345,41.450361,0.000000
1832,-35.582120,41.521411,0.000000
1833,-22.010389,41.612459,0.000000
1834,0.000000,41.793682,1.000000
1835,-58.000000,42.121036,0.000000
1836,-57.830877,42.060632,0.000000
1837,-57.662554,42.001558,0.000000
1838,-57.495026,41.943802,0.000000
1839,-57.328287,41.887356,0.000000
1840,-57.162333,41.832210,0.000000
1841,-56.997159,41.778353,0.000000
1842,-56.832760,41.725778,0.000000
1843,-56.669131,41.674474,0.000000
1844,-56.506266,41.624431,0.000000
1845,-56.344161,41.575641,0.000000
1846,-56.182809,41.528095,0.000000
1847,-56.022205,41.481782,0.000000
1848,-55.862342,41.436695,0.000000
1849,-55.703216,41.392824,0.000000
1850,-55.544819,41.350160,0.000000
1851,-55.387145,41.308694,0.000000
1852,-55.230187,41.268417,0.000000
1853,-55.073939,41.229321,0.000000
1854,-54.918393,41.191397,0.000000
1855,-54.763542,41.154637,0.000000
1856,-54.609377,41.119031,0.000000
1857,-54.455892,41.084572,0.000000
1858,-54.303078,41.051250,0.000000
1859,-54.150925,41.019059,0.000000
1860,-53.999425,40.987989,0.000000
1861,-53.848568,40.958033,0.000000
1862,-53.698345,40.929183,0.000000
1863,-53.548744,40.901430,0.000000
1864,-53.399755,40.874767,0.000000
1865,-53.251367,40.849186,0.000000
1866,-53.103567,40.824679,0.000000
1867,-52.956343,40.801240,0.000000
1868,-52.809681,40.778860,0.000000
1869,-52.663569,40.757533,0.000000
1870,-52.517990,40.737251,0.000000
1871,-52.372929,40.718006,0.000000
1872,-52.228370,40.699794,0.000000
1873,-52.084297,40.682605,0.000000
1874,-51.940690,40.666435,0.000000
1875,-51.797530,40.651275,0.000000
1876,-51.654797,40.637121,0.000000
1877,-51.512470,40.623965,0.000000
1878,-51.370526,40.611802,0.000000
1879,-51.228940,40.600626,0.000000
1880,-51.087686,40.590431,0.000000
1881,-50.946738,40.581211,0.000000
1882,-50.806066,40.572962,0.000000
1883,-50.665639,40.565679,0.000000
1884,-50.525425,40.559356,0.000000
1885,-50.385388,40.553988,0.000000
1886,-50.245491,40.549572,0.000000
1887,-50.105693,40.546104,0.000000
1888,-49.965953,40.543579,0.000000
1889,-49.826223,40.541994,0.000000
1890,-49.686455,40.541346,0.000000
1891,-49.546597,40.541632,0.000000
1892,-49.406590,40.542849,0.000000
1893,-49.266374,40.544995,0.000000
1894,-49.125884,40.548070,0.000000
1895,-48.985047,40.552070,0.000000
1896,-48.843787,40.556996,0.000000
1897,-48.702020,40.562848,0.000000
1898,-48.559656,40.569625,0.000000
1899,-48.416594,40.577328,0.000000
1900,-48.272729,40.585960,0.000000
1901,-48.127940,40.595522,0.000000
1902,-47.982100,40.606017,0.000000
1903,-47.835066,40.617450,0.000000
1904,-47.686680,40.629825,0.000000
1905,-47.536768,40.643147,0.000000
1906,-47.385138,40.657425,0.000000
1907,-47.231575,40.672666,0.000000
1908,-47.075837,40.688880,0.000000
1909,-46.917653,40.706078,0.000000
1910,-46.756717,40.724273,0.000000
1911,-46.592682,40.743481,0.000000
1912,-46.425150,40.763718,0.000000
1913,-46.253666,40.785005,0.000000
1914,-46.077701,40.807364,0.000000
1915,-45.896642,40.830821,0.000000
1916,-45.709765,40.855407,0.000000
1917,-45.516213,40.881158,0.000000
1918,-45.314961,40.908112,0.000000
1919,-45.104767,40.936319,0.000000
1920,-44.884104,40.965833,0.000000
1921,-44.651073,40.996719,0.000000
1922,-44.403271,41.029056,0.000000
1923,-44.137591,41.062938,0.000000
1924,-43.849933,41.098477,0.000000
1925,-43.534727,41.135816,0.000000
1926,-43.184157,41.175132,0.000000
1927,-42.786800,41.216654,0.000000
1928,-42.325069,41.260686,0.000000
1929,-41.769998,41.307650,0.000000
1930,-41.069279,41.358158,0.000000
1931,-40.115089,41.413169,0.000000
1932,-38.634083,41.474358,0.000000
1933,-35.623477,41.545216,0.000000
1934,-22.328146,41.635909,0.000000
1935,0.000000,41.814935,1.000000
1936,-58.000000,42.142218,0.000000
1937,-57.830888,42.081744,0.000000
1938,-57.662575,42.022599,0.000000
1939,-57.495057,41.964773,0.000000
1940,-57.328329,41.908257,0.000000
1941,-57.162385,41.853041,0.000000
1942,-56.997221,41.799115,0.000000
1943,-56.832832,41.746469,0.000000
1944,-56.669213,41.695096,0.000000
1945,-56.506359,41.644984,0.000000
1946,-56.344263,41.596125,0.000000
1947,-56.182921,41.548509,0.000000
1948,-56.022326,41.502128,0.000000
1949,-55.862473,41.456972,0.000000
1950,-55.703356,41.413033,0.000000
1951,-55.544969,41.370300,0.000000
1952,-55.387304,41.328766,0.000000
1953,-55.230356,41.288421,0.000000
1954,-55.074117,41.249258,0.000000
1955,-54.918580,41.211266,0.000000
1956,-54.763738,41.174438,0.000000
1957,-54.609583,41.138765,0.000000
1958,-54.456106,41.104239,0.000000
1959,-54.303301,41.070850,0.000000
1960,-54.151157,41.038592,0.000000
1961,-53.999666,41.007456,0.000000
1962,-53.848818,40.977433,0.000000
1963,-53.698603,40.948516,0.000000
1964,-53.549011,40.920697,0.000000
1965,-53.400030,40.893968,0.000000
1966,-53.251650,40.868321,0.000000
1967,-53.103859,40.843749,0.000000
1968,-52.956643,40.820245,0.000000
1969,-52.809990,40.797799,0.000000
1970,-52.663885,40.776407,0.000000
1971,-52.518315,40.756060,0.000000
1972,-52.373262,40.736751,0.000000
1973,-52.228712,40.718473,0.000000
1974,-52.084647,40.701220,0.000000
1975,-51.941048,40.684985,0.000000
1976,-51.797896,40.669761,0.000000
1977,-51.655172,40.655543,0.000000
1978,-51.512853,40.642323,0.000000
1979,-51.370916,40.630097,0.000000
1980,-51.229338,40.618857,0.000000
1981,-51.088093,40.608598,0.000000
1982,-50.947153,40.599316,0.000000
1983,-50.806489,40.591004,0.000000
1984,-50.666071,40.583657,0.000000
1985,-50.525865,40.577271,0.000000
1986,-50.385837,40.571841,0.000000
1987,-50.245948,40.567363,0.000000
1988,-50.106159,40.563832,0.000000
1989,-49.966427,40.561245,0.000000
1990,-49.826707,40.559598,0.000000
1991,-49.686948,40.558888,0.000000
1992,-49.547098,40.559112,0.000000
1993,-49.407101,40.560267,0.000000
1994,-49.266895,40.562352,0.000000
1995,-49.126414,40.565365,0.000000
1996,-48.985588,40.569305,0.000000
1997,-48.844338,40.574170,0.000000
1998,-48.702582,40.579960,0.000000
1999,-48.560228,40.586676,0.000000
