0,-70.000000,0.000000,0.000000
1,-69.850000,0.000000,0.000000
2,-69.700899,-0.000500,0.000000
3,-69.552693,-0.001497,0.000000
4,-69.405375,-0.002987,0.000000
5,-69.258941,-0.004968,0.000000
6,-69.113384,-0.007437,0.000000
7,-68.968700,-0.010390,0.000000
8,-68.824881,-0.013824,0.000000
9,-68.681924,-0.017737,0.000000
10,-68.539823,-0.022124,0.000000
11,-68.398572,-0.026984,0.000000
12,-68.258166,-0.032313,0.000000
13,-68.118600,-0.038108,0.000000
14,-67.979868,-0.044367,0.000000
15,-67.841965,-0.051086,0.000000
16,-67.704886,-0.058262,0.000000
17,-67.568626,-0.065893,0.000000
18,-67.433179,-0.073976,0.000000
19,-67.298542,-0.082507,0.000000
20,-67.164707,-0.091485,0.000000
21,-67.031671,-0.100905,0.000000
22,-66.899428,-0.110766,0.000000
23,-66.767974,-0.121064,0.000000
24,-66.637303,-0.131797,0.000000
25,-66.507410,-0.142962,0.000000
26,-66.378291,-0.154557,0.000000
27,-66.249941,-0.166578,0.000000
28,-66.122355,-0.179022,0.000000
29,-65.995527,-0.191888,0.000000
30,-65.869454,-0.205172,0.000000
31,-65.744131,-0.218872,0.000000
32,-65.619552,-0.232986,0.000000
33,-65.495713,-0.247509,0.000000
34,-65.372610,-0.262441,0.000000
35,-65.250238,-0.277778,0.000000
36,-65.128592,-0.293518,0.000000
37,-65.007667,-0.309658,0.000000
38,-64.887460,-0.326196,0.000000
39,-64.767965,-0.343129,0.000000
40,-64.649179,-0.360455,0.000000
41,-64.531096,-0.378171,0.000000
42,-64.413712,-0.396274,0.000000
43,-64.297022,-0.414763,0.000000
44,-64.181023,-0.433635,0.000000
45,-64.065711,-0.452887,0.000000
46,-63.951079,-0.472517,0.000000
47,-63.837126,-0.492522,0.000000
48,-63.723845,-0.512901,0.000000
49,-63.611233,-0.533651,0.000000
50,-63.499285,-0.554769,0.000000
51,-63.387998,-0.576253,0.000000
52,-63.277367,-0.598101,0.000000
53,-63.167389,-0.620310,0.000000
54,-63.058058,-0.642879,0.000000
55,-62.949370,-0.665804,0.000000
56,-62.841323,-0.689084,0.000000
57,-62.733911,-0.712717,0.000000
58,-62.627130,-0.736699,0.000000
59,-62.520978,-0.761030,0.000000
60,-62.415448,-0.785706,0.000000
61,-62.310539,-0.810726,0.000000
62,-62.206245,-0.836088,0.000000
63,-62.102563,-0.861788,0.000000
64,-61.999488,-0.887826,0.000000
65,-61.897018,-0.914198,0.000000
66,-61.795147,-0.940903,0.000000
67,-61.693873,-0.967939,0.000000
68,-61.593191,-0.995303,0.000000
69,-61.493098,-1.022994,0.000000
70,-61.393590,-1.051010,0.000000
71,-61.294662,-1.079347,0.000000
72,-61.196313,-1.108005,0.000000
73,-61.098536,-1.136981,0.000000
74,-61.001330,-1.166274,0.000000
75,-60.904690,-1.195881,0.000000
76,-60.808612,-1.225800,0.000000
77,-60.713094,-1.256029,0.000000
78,-60.618131,-1.286567,0.000000
79,-60.523720,-1.317411,0.000000
80,-60.429856,-1.348559,0.000000
81,-60.336538,-1.380010,0.000000
82,-60.243760,-1.411762,0.000000
83,-60.151520,-1.443812,0.000000
84,-60.059814,-1.476159,0.000000
85,-59.968639,-1.508801,0.000000
86,-59.877991,-1.541735,0.000000
87,-59.787866,-1.574962,0.000000
88,-59.698262,-1.608477,0.000000
89,-59.609174,-1.642280,0.000000
90,-59.520599,-1.676369,0.000000
91,-59.432535,-1.710741,0.000000
92,-59.344977,-1.745396,0.000000
93,-59.257922,-1.780330,0.000000
94,-59.171368,-1.815544,0.000000
95,-59.085309,-1.851034,0.000000
96,-58.999744,-1.886799,0.000000
97,-58.914669,-1.922838,0.000000
98,-58.830081,-1.959148,0.000000
99,-58.745976,-1.995728,0.000000
100,-58.662351,-2.032576,0.000000
101,-58.579202,-2.069691,0.000000
102,-58.496528,-2.107070,0.000000
103,-58.414324,-2.144713,0.000000
104,-58.332587,-2.182617,0.000000
105,-58.251314,-2.220780,0.000000
106,-58.170502,-2.259202,0.000000
107,-58.090148,-2.297881,0.000000
108,-58.010248,-2.336814,0.000000
109,-57.930799,-2.376001,0.000000
110,-57.851799,-2.415440,0.000000
111,-57.773244,-2.455129,0.000000
112,-57.695131,-2.495066,0.000000
113,-57.617456,-2.535251,0.000000
114,-57.540218,-2.575681,0.000000
115,-57.463412,-2.616355,0.000000
116,-57.387036,-2.657271,0.000000
117,-57.311087,-2.698428,0.000000
118,-57.235561,-2.739825,0.000000
119,-57.160456,-2.781460,0.000000
120,-57.085768,-2.823331,0.000000
121,-57.011495,-2.865438,0.000000
122,-56.937633,-2.907777,0.000000
123,-56.864179,-2.950349,0.000000
124,-56.791131,-2.993152,0.000000
125,-56.718486,-3.036184,0.000000
126,-56.646239,-3.079443,0.000000
127,-56.574390,-3.122929,0.000000
128,-56.502934,-3.166640,0.000000
129,-56.431868,-3.210575,0.000000
130,-56.361190,-3.254732,0.000000
131,-56.290897,-3.299110,0.000000
132,-56.220986,-3.343707,0.000000
133,-56.151453,-3.388522,0.000000
134,-56.082296,-3.433554,0.000000
135,-56.013513,-3.478802,0.000000
136,-55.945099,-3.524264,0.000000
137,-55.877052,-3.569939,0.000000
138,-55.809369,-3.615825,0.000000
139,-55.742048,-3.661922,0.000000
140,-55.675085,-3.708228,0.000000
141,-55.608478,-3.754742,0.000000
142,-55.542223,-3.801462,0.000000
143,-55.476318,-3.848387,0.000000
144,-55.410760,-3.895517,0.000000
145,-55.345545,-3.942849,0.000000
146,-55.280672,-3.990383,0.000000
147,-55.216137,-4.038117,0.000000
148,-55.151937,-4.086050,0.000000
149,-55.088069,-4.134182,0.000000
150,-55.024531,-4.182510,0.000000
151,-54.961320,-4.231034,0.000000
152,-54.898432,-4.279753,0.000000
153,-54.835865,-4.328665,0.000000
154,-54.773616,-4.377769,0.000000
155,-54.711683,-4.427064,0.000000
156,-54.650062,-4.476549,0.000000
157,-54.588750,-4.526223,0.000000
158,-54.527744,-4.576086,0.000000
159,-54.467042,-4.626134,0.000000
160,-54.406641,-4.676369,0.000000
161,-54.346538,-4.726788,0.000000
162,-54.286730,-4.777390,0.000000
163,-54.227214,-4.828175,0.000000
164,-54.167987,-4.879142,0.000000
165,-54.109046,-4.930289,0.000000
166,-54.050389,-4.981615,0.000000
167,-53.992012,-5.033120,0.000000
168,-53.933913,-5.084802,0.000000
169,-53.876089,-5.136661,0.000000
170,-53.818536,-5.188695,0.000000
171,-53.761252,-5.240903,0.000000
172,-53.704234,-5.293285,0.000000
173,-53.647479,-5.345840,0.000000
174,-53.590985,-5.398567,0.000000
175,-53.534747,-5.451464,0.000000
176,-53.478763,-5.504531,0.000000
177,-53.423031,-5.557766,0.000000
178,-53.367547,-5.611170,0.000000
179,-53.312308,-5.664741,0.000000
180,-53.257311,-5.718479,0.000000
181,-53.202554,-5.772382,0.000000
182,-53.148033,-5.826449,0.000000
183,-53.093745,-5.880680,0.000000
184,-53.039687,-5.935074,0.000000
185,-52.985857,-5.989630,0.000000
186,-52.932250,-6.044347,0.000000
187,-52.878865,-6.099224,0.000000
188,-52.825697,-6.154262,0.000000
189,-52.772745,-6.209458,0.000000
190,-52.720004,-6.264812,0.000000
191,-52.667471,-6.320324,0.000000
192,-52.615145,-6.375992,0.000000
193,-52.563020,-6.431816,0.000000
194,-52.511095,-6.487796,0.000000
195,-52.459365,-6.543929,0.000000
196,-52.407828,-6.600217,0.000000
197,-52.356481,-6.656657,0.000000
198,-52.305320,-6.713250,0.000000
199,-52.254342,-6.769994,0.000000
200,-52.203544,-6.826890,0.000000
201,-52.152922,-6.883936,0.000000
202,-52.102473,-6.941131,0.000000
203,-52.052193,-6.998476,0.000000
204,-52.002080,-7.055969,0.000000
205,-51.952130,-7.113610,0.000000
206,-51.902339,-7.171398,0.000000
207,-51.852703,-7.229333,0.000000
208,-51.803221,-7.287414,0.000000
209,-51.753887,-7.345641,0.000000
210,-51.704698,-7.404013,0.000000
211,-51.655651,-7.462529,0.000000
212,-51.606742,-7.521189,0.000000
213,-51.557967,-7.579993,0.000000
214,-51.509323,-7.638940,0.000000
215,-51.460805,-7.698029,0.000000
216,-51.412411,-7.757260,0.000000
217,-51.364136,-7.816633,0.000000
218,-51.315976,-7.876147,0.000000
219,-51.267927,-7.935801,0.000000
220,-51.219986,-7.995596,0.000000
221,-51.172148,-8.055531,0.000000
222,-51.124409,-8.115605,0.000000
223,-51.076766,-8.175819,0.000000
224,-51.029213,-8.236171,0.000000
225,-50.981747,-8.296661,0.000000
226,-50.934363,-8.357290,0.000000
227,-50.887057,-8.418056,0.000000
228,-50.839824,-8.478960,0.000000
229,-50.792661,-8.540001,0.000000
230,-50.745561,-8.601178,0.000000
231,-50.698522,-8.662493,0.000000
232,-50.651537,-8.723943,0.000000
233,-50.604602,-8.785530,0.000000
234,-50.557712,-8.847253,0.000000
235,-50.510863,-8.909111,0.000000
236,-50.464048,-8.971105,0.000000
237,-50.417263,-9.033235,0.000000
238,-50.370502,-9.095500,0.000000
239,-50.323761,-9.157899,0.000000
240,-50.277033,-9.220434,0.000000
241,-50.230313,-9.283104,0.000000
242,-50.183595,-9.345908,0.000000
243,-50.136873,-9.408847,0.000000
244,-50.090141,-9.471922,0.000000
245,-50.043393,-9.535130,0.000000
246,-49.996623,-9.598474,0.000000
247,-49.949823,-9.661952,0.000000
248,-49.902989,-9.725565,0.000000
249,-49.856112,-9.789314,0.000000
250,-49.809185,-9.853197,0.000000
251,-49.762202,-9.917215,0.000000
252,-49.715155,-9.981368,0.000000
253,-49.668037,-10.045657,0.000000
254,-49.620839,-10.110082,0.000000
255,-49.573554,-10.174642,0.000000
256,-49.526174,-10.239339,0.000000
257,-49.478689,-10.304172,0.000000
258,-49.431092,-10.369141,0.000000
259,-49.383372,-10.434248,0.000000
260,-49.335521,-10.499492,0.000000
261,-49.287529,-10.564874,0.000000
262,-49.239387,-10.630393,0.000000
263,-49.191082,-10.696052,0.000000
264,-49.142606,-10.761849,0.000000
265,-49.093946,-10.827787,0.000000
266,-49.045092,-10.893864,0.000000
267,-48.996031,-10.960083,0.000000
268,-48.946751,-11.026442,0.000000
269,-48.897239,-11.092944,0.000000
270,-48.847481,-11.159589,0.000000
271,-48.797464,-11.226378,0.000000
272,-48.747173,-11.293310,0.000000
273,-48.696592,-11.360389,0.000000
274,-48.645707,-11.427613,0.000000
275,-48.594500,-11.494985,0.000000
276,-48.542954,-11.562505,0.000000
277,-48.491051,-11.630174,0.000000
278,-48.438772,-11.697994,0.000000
279,-48.386096,-11.765965,0.000000
280,-48.333004,-11.834089,0.000000
281,-48.279473,-11.902368,0.000000
282,-48.225479,-11.970802,0.000000
283,-48.170999,-12.039393,0.000000
284,-48.116007,-12.108144,0.000000
285,-48.060476,-12.177054,0.000000
286,-48.004377,-12.246127,0.000000
287,-47.947680,-12.315363,0.000000
288,-47.890352,-12.384766,0.000000
289,-47.832360,-12.454336,0.000000
290,-47.773667,-12.524077,0.000000
291,-47.714236,-12.593990,0.000000
292,-47.654024,-12.664078,0.000000
293,-47.592988,-12.734343,0.000000
294,-47.531081,-12.804788,0.000000
295,-47.468254,-12.875416,0.000000
296,-47.404453,-12.946230,0.000000
297,-47.339620,-13.017233,0.000000
298,-47.273692,-13.088428,0.000000
299,-47.206604,-13.159820,0.000000
300,-47.138282,-13.231411,0.000000
301,-47.068650,-13.303206,0.000000
302,-46.997620,-13.375210,0.000000
303,-46.925103,-13.447426,0.000000
304,-46.850996,-13.519860,0.000000
305,-46.775190,-13.592516,0.000000
306,-46.697565,-13.665401,0.000000
307,-46.617987,-13.738521,0.000000
308,-46.536310,-13.811881,0.000000
309,-46.452374,-13.885490,0.000000
310,-46.365998,-13.959353,0.000000
311,-46.276981,-14.033480,0.000000
312,-46.185102,-14.107879,0.000000
313,-46.090106,-14.182559,0.000000
314,-45.991712,-14.257531,0.000000
315,-45.889596,-14.332806,0.000000
316,-45.783391,-14.408396,0.000000
317,-45.672676,-14.484315,0.000000
318,-45.556962,-14.560578,0.000000
319,-45.435684,-14.637201,0.000000
320,-45.308178,-14.714203,0.000000
321,-45.173659,-14.791605,0.000000
322,-45.031189,-14.869428,0.000000
323,-44.879640,-14.947701,0.000000
324,-44.717630,-15.026453,0.000000
325,-44.543454,-15.105719,0.000000
326,-44.354963,-15.185539,0.000000
327,-44.149411,-15.265960,0.000000
328,-43.923205,-15.347040,0.000000
329,-43.671531,-15.428847,0.000000
330,-43.387740,-15.511465,0.000000
331,-43.062306,-15.595002,0.000000
332,-42.680939,-15.679596,0.000000
333,-42.220896,-15.765433,0.000000
334,-41.643021,-15.852775,0.000000
335,-40.872031,-15.942014,0.000000
336,-39.737248,-16.033793,0.000000
337,-37.729810,-16.129324,0.000000
338,-32.223977,-16.231515,0.000000
339,0.000000,-16.352024,1.000000
340,-58.000000,-16.579906,0.000000
341,-57.913490,-16.614380,0.000000
342,-57.827473,-16.649130,0.000000
343,-57.741944,-16.684155,0.000000
344,-57.656900,-16.719454,0.000000
345,-57.572338,-16.755024,0.000000
346,-57.488254,-16.790865,0.000000
347,-57.404646,-16.826974,0.000000
348,-57.321508,-16.863349,0.000000
349,-57.238839,-16.899990,0.000000
350,-57.156635,-16.936894,0.000000
351,-57.074891,-16.974059,0.000000
352,-56.993606,-17.011485,0.000000
353,-56.912775,-17.049169,0.000000
354,-56.832395,-17.087110,0.000000
355,-56.752464,-17.125306,0.000000
356,-56.672976,-17.163756,0.000000
357,-56.593930,-17.202458,0.000000
358,-56.515321,-17.241411,0.000000
359,-56.437147,-17.280613,0.000000
360,-56.359403,-17.320062,0.000000
361,-56.282088,-17.359757,0.000000
362,-56.205197,-17.399697,0.000000
363,-56.128726,-17.439880,0.000000
364,-56.052674,-17.480304,0.000000
365,-55.977036,-17.520968,0.000000
366,-55.901809,-17.561871,0.000000
367,-55.826990,-17.603011,0.000000
368,-55.752575,-17.644386,0.000000
369,-55.678561,-17.685996,0.000000
370,-55.604945,-17.727839,0.000000
371,-55.531724,-17.769913,0.000000
372,-55.458894,-17.812218,0.000000
373,-55.386451,-17.854750,0.000000
374,-55.314393,-17.897511,0.000000
375,-55.242716,-17.940497,0.000000
376,-55.171417,-17.983707,0.000000
377,-55.100493,-18.027141,0.000000
378,-55.029940,-18.070797,0.000000
379,-54.959754,-18.114674,0.000000
380,-54.889934,-18.158770,0.000000
381,-54.820474,-18.203084,0.000000
382,-54.751372,-18.247614,0.000000
383,-54.682625,-18.292361,0.000000
384,-54.614228,-18.337321,0.000000
385,-54.546180,-18.382494,0.000000
386,-54.478476,-18.427880,0.000000
387,-54.411112,-18.473475,0.000000
388,-54.344087,-18.519280,0.000000
389,-54.277395,-18.565294,0.000000
390,-54.211035,-18.611514,0.000000
391,-54.145001,-18.657940,0.000000
392,-54.079292,-18.704570,0.000000
393,-54.013903,-18.751404,0.000000
394,-53.948831,-18.798441,0.000000
395,-53.884073,-18.845679,0.000000
396,-53.819625,-18.893116,0.000000
397,-53.755483,-18.940753,0.000000
398,-53.691645,-18.988588,0.000000
399,-53.628106,-19.036620,0.000000
400,-53.564863,-19.084847,0.000000
401,-53.501913,-19.133269,0.000000
402,-53.439251,-19.181885,0.000000
403,-53.376875,-19.230693,0.000000
404,-53.314781,-19.279693,0.000000
405,-53.252965,-19.328884,0.000000
406,-53.191424,-19.378265,0.000000
407,-53.130153,-19.427834,0.000000
408,-53.069149,-19.477591,0.000000
409,-53.008409,-19.527534,0.000000
410,-52.947928,-19.577664,0.000000
411,-52.887704,-19.627978,0.000000
412,-52.827731,-19.678476,0.000000
413,-52.768007,-19.729157,0.000000
414,-52.708528,-19.780021,0.000000
415,-52.649289,-19.831066,0.000000
416,-52.590287,-19.882291,0.000000
417,-52.531518,-19.933696,0.000000
418,-52.472978,-19.985280,0.000000
419,-52.414663,-20.037041,0.000000
420,-52.356568,-20.088980,0.000000
421,-52.298691,-20.141095,0.000000
422,-52.241026,-20.193386,0.000000
423,-52.183570,-20.245851,0.000000
424,-52.126318,-20.298490,0.000000
425,-52.069267,-20.351303,0.000000
426,-52.012411,-20.404288,0.000000
427,-51.955747,-20.457445,0.000000
428,-51.899271,-20.510774,0.000000
429,-51.842977,-20.564273,0.000000
430,-51.786862,-20.617941,0.000000
431,-51.730921,-20.671779,0.000000
432,-51.675149,-20.725785,0.000000
433,-51.619543,-20.779959,0.000000
434,-51.564096,-20.834301,0.000000
435,-51.508805,-20.888809,0.000000
436,-51.453664,-20.943483,0.000000
437,-51.398669,-20.998323,0.000000
438,-51.343815,-21.053328,0.000000
439,-51.289097,-21.108497,0.000000
440,-51.234509,-21.163831,0.000000
441,-51.180047,-21.219328,0.000000
442,-51.125705,-21.274988,0.000000
443,-51.071479,-21.330810,0.000000
444,-51.017362,-21.386795,0.000000
445,-50.963349,-21.442942,0.000000
446,-50.909434,-21.499249,0.000000
447,-50.855612,-21.555718,0.000000
448,-50.801878,-21.612347,0.000000
449,-50.748224,-21.669137,0.000000
450,-50.694645,-21.726087,0.000000
451,-50.641135,-21.783196,0.000000
452,-50.587688,-21.840464,0.000000
453,-50.534297,-21.897891,0.000000
454,-50.480956,-21.955478,0.000000
455,-50.427657,-22.013223,0.000000
456,-50.374395,-22.071126,0.000000
457,-50.321162,-22.129188,0.000000
458,-50.267950,-22.187407,0.000000
459,-50.214754,-22.245785,0.000000
460,-50.161564,-22.304320,0.000000
461,-50.108374,-22.363014,0.000000
462,-50.055175,-22.421865,0.000000
463,-50.001960,-22.480873,0.000000
464,-49.948719,-22.540040,0.000000
465,-49.895445,-22.599364,0.000000
466,-49.842129,-22.658846,0.000000
467,-49.788761,-22.718486,0.000000
468,-49.735333,-22.778284,0.000000
469,-49.681834,-22.838240,0.000000
470,-49.628254,-22.898354,0.000000
471,-49.574585,-22.958627,0.000000
472,-49.520813,-23.019059,0.000000
473,-49.466930,-23.079650,0.000000
474,-49.412924,-23.140400,0.000000
475,-49.358782,-23.201310,0.000000
476,-49.304493,-23.262380,0.000000
477,-49.250044,-23.323611,0.000000
478,-49.195423,-23.385003,0.000000
479,-49.140615,-23.446557,0.000000
480,-49.085607,-23.508272,0.000000
481,-49.030383,-23.570151,0.000000
482,-48.974930,-23.632193,0.000000
483,-48.919230,-23.694399,0.000000
484,-48.863267,-23.756770,0.000000
485,-48.807025,-23.819306,0.000000
486,-48.750484,-23.882010,0.000000
487,-48.693627,-23.944881,0.000000
488,-48.636433,-24.007920,0.000000
489,-48.578881,-24.071130,0.000000
490,-48.520951,-24.134509,0.000000
491,-48.462619,-24.198061,0.000000
492,-48.403861,-24.261787,0.000000
493,-48.344652,-24.325686,0.000000
494,-48.284965,-24.389762,0.000000
495,-48.224773,-24.454016,0.000000
496,-48.164046,-24.518448,0.000000
497,-48.102752,-24.583062,0.000000
498,-48.040858,-24.647858,0.000000
499,-47.978329,-24.712839,0.000000
500,-47.915128,-24.778007,0.000000
501,-47.851215,-24.843364,0.000000
502,-47.786547,-24.908912,0.000000
503,-47.721080,-24.974654,0.000000
504,-47.654765,-25.040592,0.000000
505,-47.587551,-25.106729,0.000000
506,-47.519383,-25.173068,0.000000
507,-47.450200,-25.239613,0.000000
508,-47.379939,-25.306365,0.000000
509,-47.308530,-25.373330,0.000000
510,-47.235900,-25.440510,0.000000
511,-47.161968,-25.507911,0.000000
512,-47.086646,-25.575535,0.000000
513,-47.009838,-25.643387,0.000000
514,-46.931441,-25.711473,0.000000
515,-46.851341,-25.779798,0.000000
516,-46.769413,-25.848367,0.000000
517,-46.685520,-25.917186,0.000000
518,-46.599511,-25.986261,0.000000
519,-46.511217,-26.055601,0.000000
520,-46.420453,-26.125212,0.000000
521,-46.327011,-26.195102,0.000000
522,-46.230657,-26.265280,0.000000
523,-46.131130,-26.335756,0.000000
524,-46.028134,-26.406540,0.000000
525,-45.921332,-26.477644,0.000000
526,-45.810340,-26.549080,0.000000
527,-45.694714,-26.620863,0.000000
528,-45.573945,-26.693006,0.000000
529,-45.447434,-26.765529,0.000000
530,-45.314482,-26.838449,0.000000
531,-45.174257,-26.911788,0.000000
532,-45.025764,-26.985569,0.000000
533,-44.867798,-27.059822,0.000000
534,-44.698882,-27.134576,0.000000
535,-44.517178,-27.209868,0.000000
536,-44.320364,-27.285740,0.000000
537,-44.105447,-27.362244,0.000000
538,-43.868486,-27.439438,0.000000
539,-43.604147,-27.517397,0.000000
540,-43.304983,-27.596210,0.000000
541,-42.960174,-27.675995,0.000000
542,-42.553197,-27.756902,0.000000
543,-42.057140,-27.839139,0.000000
544,-41.424153,-27.923002,0.000000
545,-40.557866,-28.008947,0.000000
546,-39.223060,-28.097751,0.000000
547,-36.617256,-28.190975,0.000000
548,-26.988343,-28.292854,0.000000
549,0.000000,-28.426795,1.000000
550,-58.000000,-28.650652,0.000000
551,-57.907455,-28.681102,0.000000
552,-57.815440,-28.711850,0.000000
553,-57.723950,-28.742895,0.000000
554,-57.632983,-28.774234,0.000000
555,-57.542534,-28.805866,0.000000
556,-57.452599,-28.837789,0.000000
557,-57.363176,-28.870001,0.000000
558,-57.274260,-28.902500,0.000000
559,-57.185847,-28.935285,0.000000
560,-57.097934,-28.968354,0.000000
561,-57.010517,-29.001704,0.000000
562,-56.923593,-29.035335,0.000000
563,-56.837157,-29.069245,0.000000
564,-56.751207,-29.103431,0.000000
565,-56.665738,-29.137893,0.000000
566,-56.580746,-29.172627,0.000000
567,-56.496228,-29.207634,0.000000
568,-56.412181,-29.242911,0.000000
569,-56.328600,-29.278456,0.000000
570,-56.245483,-29.314268,0.000000
571,-56.162824,-29.350344,0.000000
572,-56.080622,-29.386685,0.000000
573,-55.998871,-29.423287,0.000000
574,-55.917568,-29.460150,0.000000
575,-55.836710,-29.497271,0.000000
576,-55.756293,-29.534650,0.000000
577,-55.676313,-29.572284,0.000000
578,-55.596767,-29.610172,0.000000
579,-55.517650,-29.648313,0.000000
580,-55.438960,-29.686704,0.000000
581,-55.360692,-29.725345,0.000000
582,-55.282843,-29.764235,0.000000
583,-55.205408,-29.803370,0.000000
584,-55.128385,-29.842751,0.000000
585,-55.051770,-29.882376,0.000000
586,-54.975558,-29.922242,0.000000
587,-54.899747,-29.962350,0.000000
588,-54.824332,-30.002696,0.000000
589,-54.749309,-30.043281,0.000000
590,-54.674675,-30.084102,0.000000
591,-54.600426,-30.125158,0.000000
592,-54.526558,-30.166448,0.000000
593,-54.453067,-30.207971,0.000000
594,-54.379950,-30.249725,0.000000
595,-54.307203,-30.291708,0.000000
596,-54.234821,-30.333920,0.000000
597,-54.162801,-30.376360,0.000000
598,-54.091139,-30.419025,0.000000
599,-54.019831,-30.461915,0.000000
600,-53.948873,-30.505028,0.000000
601,-53.878261,-30.548363,0.000000
602,-53.807992,-30.591919,0.000000
603,-53.738060,-30.635695,0.000000
604,-53.668463,-30.679690,0.000000
605,-53.599195,-30.723902,0.000000
606,-53.530254,-30.768330,0.000000
607,-53.461634,-30.812973,0.000000
608,-53.393332,-30.857830,0.000000
609,-53.325344,-30.902899,0.000000
610,-53.257665,-30.948180,0.000000
611,-53.190291,-30.993672,0.000000
612,-53.123218,-31.039373,0.000000
613,-53.056441,-31.085282,0.000000
614,-52.989957,-31.131399,0.000000
615,-52.923761,-31.177722,0.000000
616,-52.857848,-31.224250,0.000000
617,-52.792214,-31.270983,0.000000
618,-52.726854,-31.317918,0.000000
619,-52.661765,-31.365056,0.000000
620,-52.596941,-31.412395,0.000000
621,-52.532378,-31.459934,0.000000
622,-52.468071,-31.507673,0.000000
623,-52.404015,-31.555610,0.000000
624,-52.340206,-31.603745,0.000000
625,-52.276639,-31.652076,0.000000
626,-52.213309,-31.700603,0.000000
627,-52.150211,-31.749325,0.000000
628,-52.087340,-31.798241,0.000000
629,-52.024691,-31.847351,0.000000
630,-51.962259,-31.896653,0.000000
631,-51.900038,-31.946146,0.000000
632,-51.838024,-31.995831,0.000000
633,-51.776211,-32.045705,0.000000
634,-51.714594,-32.095769,0.000000
635,-51.653167,-32.146022,0.000000
636,-51.591924,-32.196463,0.000000
637,-51.530861,-32.247091,0.000000
638,-51.469971,-32.297905,0.000000
639,-51.409248,-32.348906,0.000000
640,-51.348686,-32.400092,0.000000
641,-51.288280,-32.451463,0.000000
642,-51.228024,-32.503018,0.000000
643,-51.167910,-32.554757,0.000000
644,-51.107933,-32.606679,0.000000
645,-51.048086,-32.658784,0.000000
646,-50.988363,-32.711071,0.000000
647,-50.928756,-32.763539,0.000000
648,-50.869260,-32.816188,0.000000
649,-50.809866,-32.869019,0.000000
650,-50.750568,-32.922030,0.000000
651,-50.691358,-32.975220,0.000000
652,-50.632230,-33.028591,0.000000
653,-50.573175,-33.082140,0.000000
654,-50.514185,-33.135869,0.000000
655,-50.455252,-33.189776,0.000000
656,-50.396369,-33.243862,0.000000
657,-50.337526,-33.298126,0.000000
658,-50.278715,-33.352568,0.000000
659,-50.219928,-33.407188,0.000000
660,-50.161154,-33.461986,0.000000
661,-50.102385,-33.516961,0.000000
662,-50.043611,-33.572114,0.000000
663,-49.984823,-33.627445,0.000000
664,-49.926009,-33.682953,0.000000
665,-49.867159,-33.738639,0.000000
666,-49.808262,-33.794502,0.000000
667,-49.749308,-33.850543,0.000000
668,-49.690285,-33.906761,0.000000
669,-49.631180,-33.963158,0.000000
670,-49.571981,-34.019733,0.000000
671,-49.512676,-34.076486,0.000000
672,-49.453251,-34.133419,0.000000
673,-49.393692,-34.190530,0.000000
674,-49.333985,-34.247821,0.000000
675,-49.274115,-34.305291,0.000000
676,-49.214067,-34.362942,0.000000
677,-49.153825,-34.420775,0.000000
678,-49.093372,-34.478788,0.000000
679,-49.032690,-34.536984,0.000000
680,-48.971761,-34.595363,0.000000
681,-48.910567,-34.653925,0.000000
682,-48.849087,-34.712672,0.000000
683,-48.787301,-34.771604,0.000000
684,-48.725187,-34.830722,0.000000
685,-48.662722,-34.890028,0.000000
686,-48.599882,-34.949522,0.000000
687,-48.536641,-35.009206,0.000000
688,-48.472974,-35.069080,0.000000
689,-48.408852,-35.129147,0.000000
690,-48.344246,-35.189408,0.000000
691,-48.279124,-35.249864,0.000000
692,-48.213454,-35.310517,0.000000
693,-48.147201,-35.371369,0.000000
694,-48.080327,-35.432421,0.000000
695,-48.012794,-35.493675,0.000000
696,-47.944559,-35.555135,0.000000
697,-47.875578,-35.616801,0.000000
698,-47.805803,-35.678677,0.000000
699,-47.735183,-35.740764,0.000000
700,-47.663664,-35.803067,0.000000
701,-47.591188,-35.865587,0.000000
702,-47.517691,-35.928328,0.000000
703,-47.443105,-35.991292,0.000000
704,-47.367358,-36.054485,0.000000
705,-47.290371,-36.117909,0.000000
706,-47.212057,-36.181568,0.000000
707,-47.132324,-36.245467,0.000000
708,-47.051070,-36.309611,0.000000
709,-46.968185,-36.374004,0.000000
710,-46.883546,-36.438652,0.000000
711,-46.797021,-36.503561,0.000000
712,-46.708462,-36.568736,0.000000
713,-46.617707,-36.634185,0.000000
714,-46.524575,-36.699914,0.000000
715,-46.428866,-36.765932,0.000000
716,-46.330355,-36.832247,0.000000
717,-46.228788,-36.898869,0.000000
718,-46.123882,-36.965806,0.000000
719,-46.015313,-37.033071,0.000000
720,-45.902712,-37.100676,0.000000
721,-45.785657,-37.168633,0.000000
722,-45.663660,-37.236958,0.000000
723,-45.536152,-37.305667,0.000000
724,-45.402469,-37.374778,0.000000
725,-45.261824,-37.444311,0.000000
726,-45.113280,-37.514290,0.000000
727,-44.955703,-37.584741,0.000000
728,-44.787713,-37.655694,0.000000
729,-44.607598,-37.727183,0.000000
730,-44.413209,-37.799248,0.000000
731,-44.201794,-37.871938,0.000000
732,-43.969753,-37.945308,0.000000
733,-43.712263,-38.019427,0.000000
734,-43.422659,-38.094379,0.000000
735,-43.091390,-38.170272,0.000000
736,-42.704121,-38.247244,0.000000
737,-42.238027,-38.325481,0.000000
738,-41.653773,-38.405246,0.000000
739,-40.875641,-38.486931,0.000000
740,-39.731640,-38.571183,0.000000
741,-37.707266,-38.659221,0.000000
742,-32.127484,-38.753977,0.000000
743,0.000000,-38.867300,1.000000
744,-58.000000,-39.087678,0.000000
745,-57.902236,-39.114648,0.000000
746,-57.805035,-39.141936,0.000000
747,-57.708392,-39.169538,0.000000
748,-57.612302,-39.197454,0.000000
749,-57.516763,-39.225680,0.000000
750,-57.421770,-39.254216,0.000000
751,-57.327319,-39.283059,0.000000
752,-57.233406,-39.312206,0.000000
753,-57.140027,-39.341658,0.000000
754,-57.047178,-39.371410,0.000000
755,-56.954855,-39.401463,0.000000
756,-56.863055,-39.431812,0.000000
757,-56.771773,-39.462458,0.000000
758,-56.681005,-39.493398,0.000000
759,-56.590747,-39.524630,0.000000
760,-56.500996,-39.556153,0.000000
761,-56.411747,-39.587964,0.000000
762,-56.322996,-39.620062,0.000000
763,-56.234740,-39.652446,0.000000
764,-56.146974,-39.685112,0.000000
765,-56.059694,-39.718061,0.000000
766,-55.972897,-39.751289,0.000000
767,-55.886579,-39.784795,0.000000
768,-55.800735,-39.818579,0.000000
769,-55.715361,-39.852637,0.000000
770,-55.630454,-39.886968,0.000000
771,-55.546009,-39.921571,0.000000
772,-55.462022,-39.956443,0.000000
773,-55.378490,-39.991584,0.000000
774,-55.295408,-40.026992,0.000000
775,-55.212773,-40.062665,0.000000
776,-55.130579,-40.098602,0.000000
777,-55.048824,-40.134800,0.000000
778,-54.967502,-40.171259,0.000000
779,-54.886611,-40.207977,0.000000
780,-54.806144,-40.244952,0.000000
781,-54.726100,-40.282183,0.000000
782,-54.646473,-40.319669,0.000000
783,-54.567259,-40.357407,0.000000
784,-54.488453,-40.395397,0.000000
785,-54.410053,-40.433637,0.000000
786,-54.332053,-40.472126,0.000000
787,-54.254449,-40.510861,0.000000
788,-54.177237,-40.549843,0.000000
789,-54.100412,-40.589069,0.000000
790,-54.023971,-40.628538,0.000000
791,-53.947908,-40.668248,0.000000
792,-53.872220,-40.708199,0.000000
793,-53.796901,-40.748389,0.000000
794,-53.721948,-40.788816,0.000000
795,-53.647356,-40.829480,0.000000
796,-53.573120,-40.870379,0.000000
797,-53.499236,-40.911512,0.000000
798,-53.425698,-40.952877,0.000000
799,-53.352504,-40.994474,0.000000
800,-53.279647,-41.036301,0.000000
801,-53.207122,-41.078356,0.000000
802,-53.134926,-41.120640,0.000000
803,-53.063054,-41.163150,0.000000
804,-52.991499,-41.205885,0.000000
805,-52.920259,-41.248845,0.000000
806,-52.849326,-41.292028,0.000000
807,-52.778697,-41.335432,0.000000
808,-52.708366,-41.379058,0.000000
809,-52.638329,-41.422904,0.000000
810,-52.568579,-41.466969,0.000000
811,-52.499112,-41.511251,0.000000
812,-52.429922,-41.555750,0.000000
813,-52.361004,-41.600465,0.000000
814,-52.292353,-41.645395,0.000000
815,-52.223962,-41.690538,0.000000
816,-52.155826,-41.735895,0.000000
817,-52.087939,-41.781464,0.000000
818,-52.020296,-41.827243,0.000000
819,-51.952891,-41.873233,0.000000
820,-51.885717,-41.919432,0.000000
821,-51.818769,-41.965840,0.000000
822,-51.752040,-42.012455,0.000000
823,-51.685525,-42.059278,0.000000
824,-51.619216,-42.106306,0.000000
825,-51.553107,-42.153540,0.000000
826,-51.487192,-42.200978,0.000000
827,-51.421463,-42.248621,0.000000
828,-51.355915,-42.296466,0.000000
829,-51.290539,-42.344514,0.000000
830,-51.225330,-42.392764,0.000000
831,-51.160279,-42.441215,0.000000
832,-51.095379,-42.489867,0.000000
833,-51.030622,-42.538719,0.000000
834,-50.966001,-42.587771,0.000000
835,-50.901508,-42.637022,0.000000
836,-50.837135,-42.686471,0.000000
837,-50.772873,-42.736118,0.000000
838,-50.708714,-42.785963,0.000000
839,-50.644649,-42.836006,0.000000
840,-50.580670,-42.886245,0.000000
841,-50.516767,-42.936680,0.000000
842,-50.452930,-42.987312,0.000000
843,-50.389151,-43.038140,0.000000
844,-50.325419,-43.089163,0.000000
845,-50.261724,-43.140382,0.000000
846,-50.198055,-43.191796,0.000000
847,-50.134402,-43.243405,0.000000
848,-50.070754,-43.295209,0.000000
849,-50.007099,-43.347208,0.000000
850,-49.943426,-43.399402,0.000000
851,-49.879721,-43.451791,0.000000
852,-49.815973,-43.504375,0.000000
853,-49.752169,-43.557153,0.000000
854,-49.688294,-43.610127,0.000000
855,-49.624335,-43.663296,0.000000
856,-49.560278,-43.716660,0.000000
857,-49.496107,-43.770220,0.000000
858,-49.431807,-43.823976,0.000000
859,-49.367362,-43.877929,0.000000
860,-49.302754,-43.932078,0.000000
861,-49.237966,-43.986425,0.000000
862,-49.172980,-44.040970,0.000000
863,-49.107776,-44.095713,0.000000
864,-49.042335,-44.150655,0.000000
865,-48.976635,-44.205797,0.000000
866,-48.910656,-44.261139,0.000000
867,-48.844373,-44.316683,0.000000
868,-48.777762,-44.372430,0.000000
869,-48.710800,-44.428380,0.000000
870,-48.643458,-44.484534,0.000000
871,-48.575710,-44.540894,0.000000
872,-48.507525,-44.597462,0.000000
873,-48.438872,-44.654237,0.000000
874,-48.369719,-44.711223,0.000000
875,-48.300032,-44.768420,0.000000
876,-48.229772,-44.825830,0.000000
877,-48.158901,-44.883456,0.000000
878,-48.087378,-44.941298,0.000000
879,-48.015158,-44.999360,0.000000
880,-47.942195,-45.057643,0.000000
881,-47.868437,-45.116149,0.000000
882,-47.793831,-45.174883,0.000000
883,-47.718319,-45.233845,0.000000
884,-47.641840,-45.293039,0.000000
885,-47.564326,-45.352468,0.000000
886,-47.485705,-45.412136,0.000000
887,-47.405900,-45.472047,0.000000
888,-47.324827,-45.532203,0.000000
889,-47.242394,-45.592609,0.000000
890,-47.158502,-45.653270,0.000000
891,-47.073041,-45.714191,0.000000
892,-46.985895,-45.775376,0.000000
893,-46.896931,-45.836831,0.000000
894,-46.806006,-45.898562,0.000000
895,-46.712963,-45.960576,0.000000
896,-46.617625,-46.022879,0.000000
897,-46.519797,-46.085479,0.000000
898,-46.419260,-46.148385,0.000000
899,-46.315770,-46.211604,0.000000
900,-46.209052,-46.275148,0.000000
901,-46.098791,-46.339026,0.000000
902,-45.984634,-46.403250,0.000000
903,-45.866172,-46.467834,0.000000
904,-45.742936,-46.532790,0.000000
905,-45.614382,-46.598136,0.000000
906,-45.479873,-46.663889,0.000000
907,-45.338657,-46.730068,0.000000
908,-45.189842,-46.796696,0.000000
909,-45.032354,-46.863797,0.000000
910,-44.864884,-46.931401,0.000000
911,-44.685821,-46.999541,0.000000
912,-44.493150,-47.068255,0.000000
913,-44.284301,-47.137588,0.000000
914,-44.055939,-47.207595,0.000000
915,-43.803621,-47.278339,0.000000
916,-43.521267,-47.349901,0.000000
917,-43.200254,-47.422380,0.000000
918,-42.827818,-47.495905,0.000000
919,-42.383991,-47.570647,0.000000
920,-41.835177,-47.646843,0.000000
921,-41.118883,-47.724843,0.000000
922,-40.100441,-47.805205,0.000000
923,-38.412211,-47.888935,0.000000
924,-34.488327,-47.978265,0.000000
925,-6.505486,-48.080644,0.000000
926,0.000000,-48.276266,1.000000
927,-58.000000,-48.493506,0.000000
928,-57.897534,-48.517342,0.000000
929,-57.795658,-48.541511,0.000000
930,-57.694370,-48.566012,0.000000
931,-57.593665,-48.590842,0.000000
932,-57.493538,-48.615999,0.000000
933,-57.393986,-48.641482,0.000000
934,-57.295004,-48.667288,0.000000
935,-57.196588,-48.693416,0.000000
936,-57.098733,-48.719863,0.000000
937,-57.001436,-48.746627,0.000000
938,-56.904692,-48.773706,0.000000
939,-56.808497,-48.801100,0.000000
940,-56.712847,-48.828804,0.000000
941,-56.617737,-48.856818,0.000000
942,-56.523164,-48.885140,0.000000
943,-56.429122,-48.913768,0.000000
944,-56.335609,-48.942700,0.000000
945,-56.242619,-48.971933,0.000000
946,-56.150148,-49.001467,0.000000
947,-56.058192,-49.031300,0.000000
948,-55.966747,-49.061428,0.000000
949,-55.875808,-49.091852,0.000000
950,-55.785372,-49.122569,0.000000
951,-55.695433,-49.153577,0.000000
952,-55.605988,-49.184874,0.000000
953,-55.517032,-49.216459,0.000000
954,-55.428561,-49.248330,0.000000
955,-55.340571,-49.280485,0.000000
956,-55.253057,-49.312923,0.000000
957,-55.166014,-49.345642,0.000000
958,-55.079439,-49.378640,0.000000
959,-54.993326,-49.411916,0.000000
960,-54.907672,-49.445467,0.000000
961,-54.822472,-49.479293,0.000000
962,-54.737721,-49.513392,0.000000
963,-54.653415,-49.547761,0.000000
964,-54.569549,-49.582401,0.000000
965,-54.486119,-49.617308,0.000000
966,-54.403120,-49.652482,0.000000
967,-54.320548,-49.687921,0.000000
968,-54.238397,-49.723623,0.000000
969,-54.156663,-49.759587,0.000000
970,-54.075342,-49.795811,0.000000
971,-53.994428,-49.832295,0.000000
972,-53.913917,-49.869036,0.000000
973,-53.833803,-49.906033,0.000000
974,-53.754083,-49.943285,0.000000
975,-53.674750,-49.980790,0.000000
976,-53.595801,-50.018548,0.000000
977,-53.517229,-50.056555,0.000000
978,-53.439030,-50.094812,0.000000
979,-53.361199,-50.133317,0.000000
980,-53.283730,-50.172069,0.000000
981,-53.206618,-50.211066,0.000000
982,-53.129858,-50.250306,0.000000
983,-53.053444,-50.289790,0.000000
984,-52.977372,-50.329515,0.000000
985,-52.901635,-50.369481,0.000000
986,-52.826228,-50.409686,0.000000
987,-52.751145,-50.450128,0.000000
988,-52.676381,-50.490808,0.000000
989,-52.601930,-50.531723,0.000000
990,-52.527785,-50.572872,0.000000
991,-52.453941,-50.614255,0.000000
992,-52.380392,-50.655871,0.000000
993,-52.307132,-50.697717,0.000000
994,-52.234154,-50.739794,0.000000
995,-52.161453,-50.782100,0.000000
996,-52.089021,-50.824635,0.000000
997,-52.016852,-50.867397,0.000000
998,-51.944940,-50.910385,0.000000
999,-51.873277,-50.953598,0.000000
1000,-51.801858,-50.997036,0.000000
1001,-51.730674,-51.040697,0.000000
1002,-51.659719,-51.084581,0.000000
1003,-51.588985,-51.128687,0.000000
1004,-51.518465,-51.173014,0.000000
1005,-51.448151,-51.217562,0.000000
1006,-51.378036,-51.262329,0.000000
1007,-51.308112,-51.307314,0.000000
1008,-51.238371,-51.352518,0.000000
1009,-51.168804,-51.397939,0.000000
1010,-51.099403,-51.443577,0.000000
1011,-51.030159,-51.489431,0.000000
1012,-50.961064,-51.535501,0.000000
1013,-50.892108,-51.581786,0.000000
1014,-50.823283,-51.628285,0.000000
1015,-50.754579,-51.674997,0.000000
1016,-50.685985,-51.721924,0.000000
1017,-50.617493,-51.769063,0.000000
1018,-50.549091,-51.816415,0.000000
1019,-50.480769,-51.863979,0.000000
1020,-50.412517,-51.911755,0.000000
1021,-50.344322,-51.959743,0.000000
1022,-50.276174,-52.007942,0.000000
1023,-50.208061,-52.056352,0.000000
1024,-50.139970,-52.104973,0.000000
1025,-50.071889,-52.153805,0.000000
1026,-50.003805,-52.202847,0.000000
1027,-49.935703,-52.252100,0.000000
1028,-49.867571,-52.301563,0.000000
1029,-49.799393,-52.351238,0.000000
1030,-49.731155,-52.401123,0.000000
1031,-49.662841,-52.451218,0.000000
1032,-49.594435,-52.501525,0.000000
1033,-49.525920,-52.552043,0.000000
1034,-49.457279,-52.602772,0.000000
1035,-49.388493,-52.653714,0.000000
1036,-49.319543,-52.704868,0.000000
1037,-49.250410,-52.756234,0.000000
1038,-49.181074,-52.807814,0.000000
1039,-49.111511,-52.859608,0.000000
1040,-49.041701,-52.911616,0.000000
1041,-48.971618,-52.963840,0.000000
1042,-48.901239,-53.016280,0.000000
1043,-48.830538,-53.068937,0.000000
1044,-48.759486,-53.121812,0.000000
1045,-48.688055,-53.174906,0.000000
1046,-48.616215,-53.228221,0.000000
1047,-48.543934,-53.281758,0.000000
1048,-48.471178,-53.335517,0.000000
1049,-48.397910,-53.389501,0.000000
1050,-48.324094,-53.443712,0.000000
1051,-48.249688,-53.498150,0.000000
1052,-48.174650,-53.552818,0.000000
1053,-48.098934,-53.607718,0.000000
1054,-48.022491,-53.662853,0.000000
1055,-47.945270,-53.718223,0.000000
1056,-47.867215,-53.773833,0.000000
1057,-47.788266,-53.829684,0.000000
1058,-47.708360,-53.885780,0.000000
1059,-47.627427,-53.942124,0.000000
1060,-47.545392,-53.998718,0.000000
1061,-47.462177,-54.055567,0.000000
1062,-47.377692,-54.112675,0.000000
1063,-47.291844,-54.170045,0.000000
1064,-47.204530,-54.227682,0.000000
1065,-47.115637,-54.285591,0.000000
1066,-47.025041,-54.343777,0.000000
1067,-46.932608,-54.402245,0.000000
1068,-46.838188,-54.461002,0.000000
1069,-46.741616,-54.520055,0.000000
1070,-46.642709,-54.579409,0.000000
1071,-46.541264,-54.639073,0.000000
1072,-46.437052,-54.699056,0.000000
1073,-46.329817,-54.759366,0.000000
1074,-46.219270,-54.820014,0.000000
1075,-46.105083,-54.881009,0.000000
1076,-45.986882,-54.942365,0.000000
1077,-45.864237,-55.004095,0.000000
1078,-45.736653,-55.066213,0.000000
1079,-45.603553,-55.128735,0.000000
1080,-45.464259,-55.191680,0.000000
1081,-45.317972,-55.255069,0.000000
1082,-45.163736,-55.318924,0.000000
1083,-45.000396,-55.383271,0.000000
1084,-44.826541,-55.448142,0.000000
1085,-44.640423,-55.513571,0.000000
1086,-44.439839,-55.579598,0.000000
1087,-44.221967,-55.646272,0.000000
1088,-43.983105,-55.713650,0.000000
1089,-43.718278,-55.781802,0.000000
1090,-43.420593,-55.850814,0.000000
1091,-43.080125,-55.920795,0.000000
1092,-42.681905,-55.991887,0.000000
1093,-42.201925,-56.064283,0.000000
1094,-41.598423,-56.138255,0.000000
1095,-40.789897,-56.214214,0.000000
1096,-39.587194,-56.292843,0.000000
1097,-37.402285,-56.375455,0.000000
1098,-30.892289,-56.465322,0.000000
1099,0.000000,-56.576859,1.000000
1100,-58.000000,-56.791333,0.000000
1101,-57.893385,-56.812403,0.000000
1102,-57.787386,-56.833821,0.000000
1103,-57.682001,-56.855585,0.000000
1104,-57.577223,-56.877693,0.000000
1105,-57.473050,-56.900143,0.000000
1106,-57.369475,-56.922933,0.000000
1107,-57.266496,-56.946060,0.000000
1108,-57.164107,-56.969523,0.000000
1109,-57.062304,-56.993319,0.000000
1110,-56.961082,-57.017447,0.000000
1111,-56.860437,-57.041905,0.000000
1112,-56.760365,-57.066689,0.000000
1113,-56.660861,-57.091799,0.000000
1114,-56.561921,-57.117232,0.000000
1115,-56.463540,-57.142987,0.000000
1116,-56.365713,-57.169060,0.000000
1117,-56.268437,-57.195452,0.000000
1118,-56.171706,-57.222158,0.000000
1119,-56.075517,-57.249179,0.000000
1120,-55.979864,-57.276510,0.000000
1121,-55.884743,-57.304152,0.000000
1122,-55.790150,-57.332101,0.000000
1123,-55.696079,-57.360357,0.000000
1124,-55.602527,-57.388916,0.000000
1125,-55.509489,-57.417778,0.000000
1126,-55.416960,-57.446941,0.000000
1127,-55.324935,-57.476402,0.000000
1128,-55.233410,-57.506160,0.000000
1129,-55.142380,-57.536213,0.000000
1130,-55.051840,-57.566560,0.000000
1131,-54.961786,-57.597198,0.000000
1132,-54.872213,-57.628126,0.000000
1133,-54.783116,-57.659343,0.000000
1134,-54.694489,-57.690846,0.000000
1135,-54.606330,-57.722634,0.000000
1136,-54.518631,-57.754705,0.000000
1137,-54.431389,-57.787058,0.000000
1138,-54.344598,-57.819691,0.000000
1139,-54.258254,-57.852603,0.000000
1140,-54.172351,-57.885791,0.000000
1141,-54.086884,-57.919254,0.000000
1142,-54.001848,-57.952992,0.000000
1143,-53.917238,-57.987001,0.000000
1144,-53.833049,-58.021281,0.000000
1145,-53.749274,-58.055831,0.000000
1146,-53.665910,-58.090648,0.000000
1147,-53.582950,-58.125731,0.000000
1148,-53.500389,-58.161079,0.000000
1149,-53.418221,-58.196691,0.000000
1150,-53.336441,-58.232565,0.000000
1151,-53.255043,-58.268699,0.000000
1152,-53.174022,-58.305092,0.000000
1153,-53.093371,-58.341744,0.000000
1154,-53.013084,-58.378652,0.000000
1155,-52.933156,-58.415816,0.000000
1156,-52.853581,-58.453233,0.000000
1157,-52.774352,-58.490903,0.000000
1158,-52.695463,-58.528825,0.000000
1159,-52.616908,-58.566997,0.000000
1160,-52.538680,-58.605419,0.000000
1161,-52.460773,-58.644088,0.000000
1162,-52.383181,-58.683004,0.000000
1163,-52.305895,-58.722165,0.000000
1164,-52.228910,-58.761572,0.000000
1165,-52.152219,-58.801221,0.000000
1166,-52.075814,-58.841114,0.000000
1167,-51.999688,-58.881247,0.000000
1168,-51.923835,-58.921621,0.000000
1169,-51.848245,-58.962234,0.000000
1170,-51.772912,-59.003086,0.000000
1171,-51.697827,-59.044175,0.000000
1172,-51.622984,-59.085501,0.000000
1173,-51.548373,-59.127063,0.000000
1174,-51.473986,-59.168859,0.000000
1175,-51.399815,-59.210889,0.000000
1176,-51.325852,-59.253153,0.000000
1177,-51.252086,-59.295649,0.000000
1178,-51.178509,-59.338377,0.000000
1179,-51.105112,-59.381335,0.000000
1180,-51.031885,-59.424525,0.000000
1181,-50.958818,-59.467943,0.000000
1182,-50.885902,-59.511591,0.000000
1183,-50.813125,-59.555468,0.000000
1184,-50.740477,-59.599572,0.000000
1185,-50.667948,-59.643904,0.000000
1186,-50.595525,-59.688463,0.000000
1187,-50.523198,-59.733248,0.000000
1188,-50.450955,-59.778260,0.000000
1189,-50.378782,-59.823497,0.000000
1190,-50.306668,-59.868960,0.000000
1191,-50.234600,-59.914648,0.000000
1192,-50.162563,-59.960561,0.000000
1193,-50.090544,-60.006699,0.000000
1194,-50.018529,-60.053061,0.000000
1195,-49.946502,-60.099649,0.000000
1196,-49.874448,-60.146460,0.000000
1197,-49.802350,-60.193497,0.000000
1198,-49.730193,-60.240757,0.000000
1199,-49.657959,-60.288243,0.000000
1200,-49.585629,-60.335954,0.000000
1201,-49.513184,-60.383890,0.000000
1202,-49.440606,-60.432051,0.000000
1203,-49.367874,-60.480438,0.000000
1204,-49.294966,-60.529052,0.000000
1205,-49.221860,-60.577892,0.000000
1206,-49.148533,-60.626960,0.000000
1207,-49.074959,-60.676256,0.000000
1208,-49.001115,-60.725780,0.000000
1209,-48.926972,-60.775535,0.000000
1210,-48.852502,-60.825520,0.000000
1211,-48.777675,-60.875736,0.000000
1212,-48.702460,-60.926185,0.000000
1213,-48.626824,-60.976868,0.000000
1214,-48.550732,-61.027786,0.000000
1215,-48.474146,-61.078941,0.000000
1216,-48.397027,-61.130334,0.000000
1217,-48.319334,-61.181967,0.000000
1218,-48.241021,-61.233842,0.000000
1219,-48.162042,-61.285961,0.000000
1220,-48.082346,-61.338325,0.000000
1221,-48.001879,-61.390938,0.000000
1222,-47.920584,-61.443801,0.000000
1223,-47.838398,-61.496918,0.000000
1224,-47.755255,-61.550291,0.000000
1225,-47.671082,-61.603923,0.000000
1226,-47.585804,-61.657818,0.000000
1227,-47.499335,-61.711980,0.000000
1228,-47.411585,-61.766411,0.000000
1229,-47.322455,-61.821117,0.000000
1230,-47.231837,-61.876102,0.000000
1231,-47.139615,-61.931370,0.000000
1232,-47.045657,-61.986928,0.000000
1233,-46.949823,-62.042780,0.000000
1234,-46.851957,-62.098933,0.000000
1235,-46.751883,-62.155393,0.000000
1236,-46.649411,-62.212168,0.000000
1237,-46.544324,-62.269266,0.000000
1238,-46.436382,-62.326695,0.000000
1239,-46.325313,-62.384465,0.000000
1240,-46.210811,-62.442586,0.000000
1241,-46.092527,-62.501069,0.000000
1242,-45.970061,-62.559926,0.000000
1243,-45.842955,-62.619173,0.000000
1244,-45.710676,-62.678823,0.000000
1245,-45.572603,-62.738895,0.000000
1246,-45.428004,-62.799406,0.000000
1247,-45.276010,-62.860380,0.000000
1248,-45.115579,-62.921839,0.000000
1249,-44.945443,-62.983814,0.000000
1250,-44.764046,-63.046334,0.000000
1251,-44.569443,-63.109438,0.000000
1252,-44.359166,-63.173170,0.000000
1253,-44.130019,-63.237582,0.000000
1254,-43.877764,-63.302736,0.000000
1255,-43.596630,-63.368709,0.000000
1256,-43.278479,-63.435597,0.000000
1257,-42.911357,-63.503524,0.000000
1258,-42.476744,-63.572651,0.000000
1259,-41.943876,-63.643205,0.000000
1260,-41.256568,-63.715510,0.000000
1261,-40.297019,-63.790083,0.000000
1262,-38.758172,-63.867830,0.000000
1263,-35.449992,-63.950680,0.000000
1264,-18.150247,-64.044529,0.000000
1265,0.000000,-64.196014,1.000000
1266,-58.000000,-64.407948,0.000000
1267,-57.889576,-64.426479,0.000000
1268,-57.779793,-64.445371,0.000000
1269,-57.670647,-64.464623,0.000000
1270,-57.562131,-64.484233,0.000000
1271,-57.454243,-64.504198,0.000000
1272,-57.346977,-64.524516,0.000000
1273,-57.240328,-64.545184,0.000000
1274,-57.134292,-64.566201,0.000000
1275,-57.028865,-64.587565,0.000000
1276,-56.924041,-64.609273,0.000000
1277,-56.819815,-64.631323,0.000000
1278,-56.716184,-64.653713,0.000000
1279,-56.613143,-64.676441,0.000000
1280,-56.510686,-64.699505,0.000000
1281,-56.408810,-64.722903,0.000000
1282,-56.307508,-64.746633,0.000000
1283,-56.206778,-64.770692,0.000000
1284,-56.106613,-64.795079,0.000000
1285,-56.007010,-64.819792,0.000000
1286,-55.907962,-64.844829,0.000000
1287,-55.809467,-64.870187,0.000000
1288,-55.711518,-64.895866,0.000000
1289,-55.614111,-64.921862,0.000000
1290,-55.517240,-64.948174,0.000000
1291,-55.420902,-64.974801,0.000000
1292,-55.325092,-65.001739,0.000000
1293,-55.229803,-65.028988,0.000000
1294,-55.135032,-65.056546,0.000000
1295,-55.040773,-65.084410,0.000000
1296,-54.947021,-65.112580,0.000000
1297,-54.853771,-65.141052,0.000000
1298,-54.761018,-65.169826,0.000000
1299,-54.668757,-65.198899,0.000000
1300,-54.576983,-65.228270,0.000000
1301,-54.485690,-65.257937,0.000000
1302,-54.394873,-65.287899,0.000000
1303,-54.304527,-65.318153,0.000000
1304,-54.214646,-65.348699,0.000000
1305,-54.125225,-65.379534,0.000000
1306,-54.036258,-65.410657,0.000000
1307,-53.947741,-65.442065,0.000000
1308,-53.859666,-65.473759,0.000000
1309,-53.772029,-65.505735,0.000000
1310,-53.684824,-65.537993,0.000000
1311,-53.598045,-65.570531,0.000000
1312,-53.511686,-65.603347,0.000000
1313,-53.425741,-65.636441,0.000000
1314,-53.340205,-65.669809,0.000000
1315,-53.255070,-65.703452,0.000000
1316,-53.170331,-65.737367,0.000000
1317,-53.085981,-65.771554,0.000000
1318,-53.002015,-65.806010,0.000000
1319,-52.918425,-65.840734,0.000000
1320,-52.835205,-65.875726,0.000000
1321,-52.752348,-65.910983,0.000000
1322,-52.669848,-65.946505,0.000000
1323,-52.587698,-65.982290,0.000000
1324,-52.505890,-66.018337,0.000000
1325,-52.424418,-66.054645,0.000000
1326,-52.343274,-66.091212,0.000000
1327,-52.262450,-66.128037,0.000000
1328,-52.181940,-66.165119,0.000000
1329,-52.101735,-66.202458,0.000000
1330,-52.021828,-66.240051,0.000000
1331,-51.942210,-66.277898,0.000000
1332,-51.862874,-66.315998,0.000000
1333,-51.783811,-66.354350,0.000000
1334,-51.705013,-66.392952,0.000000
1335,-51.626470,-66.431805,0.000000
1336,-51.548174,-66.470906,0.000000
1337,-51.470116,-66.510255,0.000000
1338,-51.392287,-66.549851,0.000000
1339,-51.314676,-66.589693,0.000000
1340,-51.237275,-66.629781,0.000000
1341,-51.160072,-66.670114,0.000000
1342,-51.083058,-66.710690,0.000000
1343,-51.006222,-66.751509,0.000000
1344,-50.929553,-66.792571,0.000000
1345,-50.853040,-66.833875,0.000000
1346,-50.776672,-66.875421,0.000000
1347,-50.700436,-66.917206,0.000000
1348,-50.624321,-66.959233,0.000000
1349,-50.548313,-67.001498,0.000000
1350,-50.472400,-67.044003,0.000000
1351,-50.396568,-67.086747,0.000000
1352,-50.320803,-67.129730,0.000000
1353,-50.245092,-67.172951,0.000000
1354,-50.169419,-67.216409,0.000000
1355,-50.093769,-67.260106,0.000000
1356,-50.018126,-67.304040,0.000000
1357,-49.942474,-67.348211,0.000000
1358,-49.866795,-67.392620,0.000000
1359,-49.791071,-67.437267,0.000000
1360,-49.715285,-67.482150,0.000000
1361,-49.639416,-67.527272,0.000000
1362,-49.563445,-67.572632,0.000000
1363,-49.487351,-67.618229,0.000000
1364,-49.411112,-67.664065,0.000000
1365,-49.334705,-67.710140,0.000000
1366,-49.258106,-67.756454,0.000000
1367,-49.181290,-67.803008,0.000000
1368,-49.104230,-67.849803,0.000000
1369,-49.026900,-67.896839,0.000000
1370,-48.949270,-67.944117,0.000000
1371,-48.871309,-67.991638,0.000000
1372,-48.792986,-68.039403,0.000000
1373,-48.714267,-68.087413,0.000000
1374,-48.635114,-68.135670,0.000000
1375,-48.555491,-68.184174,0.000000
1376,-48.475357,-68.232928,0.000000
1377,-48.394670,-68.281932,0.000000
1378,-48.313383,-68.331189,0.000000
1379,-48.231449,-68.380701,0.000000
1380,-48.148815,-68.430469,0.000000
1381,-48.065427,-68.480496,0.000000
1382,-47.981224,-68.530784,0.000000
1383,-47.896145,-68.581337,0.000000
1384,-47.810119,-68.632156,0.000000
1385,-47.723075,-68.683244,0.000000
1386,-47.634931,-68.734606,0.000000
1387,-47.545603,-68.786245,0.000000
1388,-47.454996,-68.838164,0.000000
1389,-47.363010,-68.890368,0.000000
1390,-47.269533,-68.942861,0.000000
1391,-47.174445,-68.995648,0.000000
1392,-47.077612,-69.048735,0.000000
1393,-46.978889,-69.102127,0.000000
1394,-46.878114,-69.155829,0.000000
1395,-46.775107,-69.209850,0.000000
1396,-46.669671,-69.264197,0.000000
1397,-46.561583,-69.318876,0.000000
1398,-46.450592,-69.373898,0.000000
1399,-46.336420,-69.429271,0.000000
1400,-46.218746,-69.485007,0.000000
1401,-46.097209,-69.541116,0.000000
1402,-45.971393,-69.597611,0.000000
1403,-45.840820,-69.654507,0.000000
1404,-45.704934,-69.711820,0.000000
1405,-45.563084,-69.769566,0.000000
1406,-45.414503,-69.827766,0.000000
1407,-45.258277,-69.886441,0.000000
1408,-45.093304,-69.945618,0.000000
1409,-44.918246,-70.005325,0.000000
1410,-44.731444,-70.065596,0.000000
1411,-44.530824,-70.126469,0.000000
1412,-44.313735,-70.187991,0.000000
1413,-44.076725,-70.250216,0.000000
1414,-43.815185,-70.313210,0.000000
1415,-43.522776,-70.377055,0.000000
1416,-43.190472,-70.441853,0.000000
1417,-42.804822,-70.507737,0.000000
1418,-42.344619,-70.574885,0.000000
1419,-41.773788,-70.643545,0.000000
1420,-41.024189,-70.714084,0.000000
1421,-39.945468,-70.787099,0.000000
1422,-38.110217,-70.863685,0.000000
1423,-33.534551,-70.946363,0.000000
1424,0.000000,-71.044265,1.000000
1425,-58.000000,-71.253917,0.000000
1426,-57.886153,-71.270166,0.000000
1427,-57.772969,-71.286789,0.000000
1428,-57.660441,-71.303783,0.000000
1429,-57.548567,-71.321147,0.000000
1430,-57.437339,-71.338878,0.000000
1431,-57.326755,-71.356974,0.000000
1432,-57.216808,-71.375432,0.000000
1433,-57.107494,-71.394251,0.000000
1434,-56.998809,-71.413428,0.000000
1435,-56.890747,-71.432961,0.000000
1436,-56.783303,-71.452847,0.000000
1437,-56.676473,-71.473085,0.000000
1438,-56.570252,-71.493673,0.000000
1439,-56.464634,-71.514607,0.000000
1440,-56.359616,-71.535887,0.000000
1441,-56.255191,-71.557510,0.000000
1442,-56.151355,-71.579473,0.000000
1443,-56.048104,-71.601775,0.000000
1444,-55.945431,-71.624414,0.000000
1445,-55.843332,-71.647388,0.000000
1446,-55.741803,-71.670695,0.000000
1447,-55.640837,-71.694332,0.000000
1448,-55.540430,-71.718297,0.000000
1449,-55.440576,-71.742590,0.000000
1450,-55.341271,-71.767207,0.000000
1451,-55.242510,-71.792147,0.000000
1452,-55.144286,-71.817408,0.000000
1453,-55.046595,-71.842988,0.000000
1454,-54.949432,-71.868885,0.000000
1455,-54.852791,-71.895097,0.000000
1456,-54.756666,-71.921623,0.000000
1457,-54.661053,-71.948460,0.000000
1458,-54.565946,-71.975607,0.000000
1459,-54.471339,-72.003062,0.000000
1460,-54.377226,-72.030823,0.000000
1461,-54.283602,-72.058888,0.000000
1462,-54.190462,-72.087257,0.000000
1463,-54.097799,-72.115926,0.000000
1464,-54.005608,-72.144895,0.000000
1465,-53.913883,-72.174161,0.000000
1466,-53.822617,-72.203723,0.000000
1467,-53.731805,-72.233580,0.000000
1468,-53.641440,-72.263729,0.000000
1469,-53.551517,-72.294170,0.000000
1470,-53.462028,-72.324900,0.000000
1471,-53.372969,-72.355918,0.000000
1472,-53.284331,-72.387223,0.000000
1473,-53.196109,-72.418813,0.000000
1474,-53.108295,-72.450686,0.000000
1475,-53.020884,-72.482842,0.000000
1476,-52.933867,-72.515278,0.000000
1477,-52.847239,-72.547993,0.000000
1478,-52.760991,-72.580986,0.000000
1479,-52.675118,-72.614256,0.000000
1480,-52.589610,-72.647801,0.000000
1481,-52.504461,-72.681619,0.000000
1482,-52.419663,-72.715711,0.000000
1483,-52.335208,-72.750073,0.000000
1484,-52.251089,-72.784706,0.000000
1485,-52.167296,-72.819607,0.000000
1486,-52.083823,-72.854776,0.000000
1487,-52.000659,-72.890212,0.000000
1488,-51.917797,-72.925913,0.000000
1489,-51.835227,-72.961878,0.000000
1490,-51.752941,-72.998107,0.000000
1491,-51.670930,-73.034597,0.000000
1492,-51.589183,-73.071349,0.000000
1493,-51.507691,-73.108362,0.000000
1494,-51.426444,-73.145633,0.000000
1495,-51.345432,-73.183163,0.000000
1496,-51.264644,-73.220951,0.000000
1497,-51.184069,-73.258995,0.000000
1498,-51.103697,-73.297295,0.000000
1499,-51.023516,-73.335850,0.000000
1500,-50.943514,-73.374660,0.000000
1501,-50.863678,-73.413723,0.000000
1502,-50.783998,-73.453039,0.000000
1503,-50.704459,-73.492608,0.000000
1504,-50.625048,-73.532429,0.000000
1505,-50.545753,-73.572502,0.000000
1506,-50.466558,-73.612825,0.000000
1507,-50.387449,-73.653399,0.000000
1508,-50.308411,-73.694223,0.000000
1509,-50.229428,-73.735296,0.000000
1510,-50.150485,-73.776620,0.000000
1511,-50.071563,-73.818193,0.000000
1512,-49.992647,-73.860015,0.000000
1513,-49.913717,-73.902086,0.000000
1514,-49.834754,-73.944406,0.000000
1515,-49.755740,-73.986975,0.000000
1516,-49.676653,-74.029794,0.000000
1517,-49.597473,-74.072862,0.000000
1518,-49.518176,-74.116179,0.000000
1519,-49.438740,-74.159746,0.000000
1520,-49.359141,-74.203564,0.000000
1521,-49.279351,-74.247632,0.000000
1522,-49.199346,-74.291952,0.000000
1523,-49.119096,-74.336523,0.000000
1524,-49.038573,-74.381347,0.000000
1525,-48.957744,-74.426425,0.000000
1526,-48.876577,-74.471757,0.000000
1527,-48.795038,-74.517344,0.000000
1528,-48.713089,-74.563188,0.000000
1529,-48.630693,-74.609290,0.000000
1530,-48.547807,-74.655651,0.000000
1531,-48.464388,-74.702273,0.000000
1532,-48.380391,-74.749158,0.000000
1533,-48.295764,-74.796307,0.000000
1534,-48.210456,-74.843722,0.000000
1535,-48.124410,-74.891406,0.000000
1536,-48.037566,-74.939361,0.000000
1537,-47.949859,-74.987589,0.000000
1538,-47.861218,-75.036094,0.000000
1539,-47.771570,-75.084877,0.000000
1540,-47.680832,-75.133944,0.000000
1541,-47.588917,-75.183296,0.000000
1542,-47.495729,-75.232939,0.000000
1543,-47.401164,-75.282875,0.000000
1544,-47.305110,-75.333110,0.000000
1545,-47.207442,-75.383649,0.000000
1546,-47.108024,-75.434496,0.000000
1547,-47.006706,-75.485658,0.000000
1548,-46.903323,-75.537140,0.000000
1549,-46.797691,-75.588950,0.000000
1550,-46.689605,-75.641095,0.000000
1551,-46.578837,-75.693582,0.000000
1552,-46.465132,-75.746422,0.000000
1553,-46.348198,-75.799622,0.000000
1554,-46.227708,-75.853195,0.000000
1555,-46.103289,-75.907152,0.000000
1556,-45.974510,-75.961505,0.000000
1557,-45.840876,-76.016269,0.000000
1558,-45.701811,-76.071461,0.000000
1559,-45.556640,-76.127097,0.000000
1560,-45.404563,-76.183200,0.000000
1561,-45.244627,-76.239790,0.000000
1562,-45.075680,-76.296894,0.000000
1563,-44.896316,-76.354543,0.000000
1564,-44.704792,-76.412771,0.000000
1565,-44.498915,-76.471617,0.000000
1566,-44.275873,-76.531130,0.000000
1567,-44.031981,-76.591367,0.000000
1568,-43.762291,-76.652396,0.000000
1569,-43.459946,-76.714304,0.000000
1570,-43.115084,-76.777200,0.000000
1571,-42.712841,-76.841223,0.000000
1572,-42.229403,-76.906567,0.000000
1573,-41.623396,-76.973500,0.000000
1574,-40.814240,-77.042431,0.000000
1575,-39.615492,-77.114036,0.000000
1576,-37.450761,-77.189613,0.000000
1577,-31.086376,-77.272380,0.000000
1578,0.000000,-77.376334,1.000000
1579,-58.000000,-77.583875,0.000000
1580,-57.882988,-77.598014,0.000000
1581,-57.766658,-77.612538,0.000000
1582,-57.651005,-77.627445,0.000000
1583,-57.536024,-77.642733,0.000000
1584,-57.421709,-77.658398,0.000000
1585,-57.308057,-77.674440,0.000000
1586,-57.195060,-77.690855,0.000000
1587,-57.082716,-77.707641,0.000000
1588,-56.971018,-77.724796,0.000000
1589,-56.859962,-77.742318,0.000000
1590,-56.749543,-77.760204,0.000000
1591,-56.639755,-77.778452,0.000000
1592,-56.530593,-77.797060,0.000000
1593,-56.422053,-77.816025,0.000000
1594,-56.314129,-77.835346,0.000000
1595,-56.206816,-77.855021,0.000000
1596,-56.100109,-77.875046,0.000000
1597,-55.994003,-77.895421,0.000000
1598,-55.888492,-77.916142,0.000000
1599,-55.783571,-77.937209,0.000000
1600,-55.679235,-77.958618,0.000000
1601,-55.575479,-77.980367,0.000000
1602,-55.472298,-78.002456,0.000000
1603,-55.369685,-78.024880,0.000000
1604,-55.267636,-78.047640,0.000000
1605,-55.166144,-78.070732,0.000000
1606,-55.065206,-78.094154,0.000000
1607,-54.964814,-78.117906,0.000000
1608,-54.864964,-78.141984,0.000000
1609,-54.765649,-78.166386,0.000000
1610,-54.666865,-78.191112,0.000000
1611,-54.568605,-78.216159,0.000000
1612,-54.470863,-78.241525,0.000000
1613,-54.373634,-78.267208,0.000000
1614,-54.276911,-78.293207,0.000000
1615,-54.180689,-78.319519,0.000000
1616,-54.084961,-78.346144,0.000000
1617,-53.989722,-78.373078,0.000000
1618,-53.894965,-78.400322,0.000000
1619,-53.800684,-78.427872,0.000000
1620,-53.706871,-78.455727,0.000000
1621,-53.613522,-78.483885,0.000000
1622,-53.520629,-78.512345,0.000000
1623,-53.428185,-78.541106,0.000000
1624,-53.336184,-78.570165,0.000000
1625,-53.244618,-78.599521,0.000000
1626,-53.153482,-78.629172,0.000000
1627,-53.062767,-78.659117,0.000000
1628,-52.972466,-78.689355,0.000000
1629,-52.882572,-78.719884,0.000000
1630,-52.793077,-78.750702,0.000000
1631,-52.703974,-78.781808,0.000000
1632,-52.615254,-78.813201,0.000000
1633,-52.526911,-78.844879,0.000000
1634,-52.438935,-78.876841,0.000000
1635,-52.351318,-78.909085,0.000000
1636,-52.264052,-78.941611,0.000000
1637,-52.177129,-78.974417,0.000000
1638,-52.090538,-79.007502,0.000000
1639,-52.004272,-79.040864,0.000000
1640,-51.918321,-79.074503,0.000000
1641,-51.832676,-79.108417,0.000000
1642,-51.747326,-79.142605,0.000000
1643,-51.662261,-79.177067,0.000000
1644,-51.577473,-79.211800,0.000000
1645,-51.492949,-79.246804,0.000000
1646,-51.408680,-79.282079,0.000000
1647,-51.324653,-79.317623,0.000000
1648,-51.240859,-79.353434,0.000000
1649,-51.157284,-79.389514,0.000000
1650,-51.073918,-79.425860,0.000000
1651,-50.990747,-79.462471,0.000000
1652,-50.907760,-79.499348,0.000000
1653,-50.824942,-79.536489,0.000000
1654,-50.742280,-79.573893,0.000000
1655,-50.659760,-79.611561,0.000000
1656,-50.577367,-79.649491,0.000000
1657,-50.495087,-79.687684,0.000000
1658,-50.412905,-79.726137,0.000000
1659,-50.330803,-79.764852,0.000000
1660,-50.248765,-79.803828,0.000000
1661,-50.166774,-79.843064,0.000000
1662,-50.084812,-79.882560,0.000000
1663,-50.002860,-79.922317,0.000000
1664,-49.920899,-79.962333,0.000000
1665,-49.838908,-80.002609,0.000000
1666,-49.756867,-80.043145,0.000000
1667,-49.674753,-80.083941,0.000000
1668,-49.592543,-80.124997,0.000000
1669,-49.510214,-80.166314,0.000000
1670,-49.427740,-80.207891,0.000000
1671,-49.345095,-80.249729,0.000000
1672,-49.262250,-80.291829,0.000000
1673,-49.179177,-80.334191,0.000000
1674,-49.095846,-80.376815,0.000000
1675,-49.012224,-80.419704,0.000000
1676,-48.928276,-80.462856,0.000000
1677,-48.843968,-80.506274,0.000000
1678,-48.759262,-80.549959,0.000000
1679,-48.674116,-80.593911,0.000000
1680,-48.588488,-80.638133,0.000000
1681,-48.502334,-80.682625,0.000000
1682,-48.415604,-80.727390,0.000000
1683,-48.328248,-80.772429,0.000000
1684,-48.240210,-80.817744,0.000000
1685,-48.151432,-80.863337,0.000000
1686,-48.061852,-80.909211,0.000000
1687,-47.971400,-80.955368,0.000000
1688,-47.880005,-81.001812,0.000000
1689,-47.787587,-81.048544,0.000000
1690,-47.694063,-81.095570,0.000000
1691,-47.599340,-81.142891,0.000000
1692,-47.503318,-81.190512,0.000000
1693,-47.405888,-81.238437,0.000000
1694,-47.306932,-81.286671,0.000000
1695,-47.206318,-81.335219,0.000000
1696,-47.103904,-81.384087,0.000000
1697,-46.999531,-81.433279,0.000000
1698,-46.893024,-81.482803,0.000000
1699,-46.784189,-81.532665,0.000000
1700,-46.672810,-81.582873,0.000000
1701,-46.558643,-81.633436,0.000000
1702,-46.441414,-81.684363,0.000000
1703,-46.320816,-81.735663,0.000000
1704,-46.196496,-81.787349,0.000000
1705,-46.068052,-81.839431,0.000000
1706,-45.935021,-81.891924,0.000000
1707,-45.796869,-81.944844,0.000000
1708,-45.652967,-81.998206,0.000000
1709,-45.502581,-82.052030,0.000000
1710,-45.344834,-82.106337,0.000000
1711,-45.178674,-82.161152,0.000000
1712,-45.002825,-82.216503,0.000000
1713,-44.815717,-82.272421,0.000000
1714,-44.615386,-82.328944,0.000000
1715,-44.399341,-82.386117,0.000000
1716,-44.164352,-82.443990,0.000000
1717,-43.906132,-82.502628,0.000000
1718,-43.618835,-82.562106,0.000000
1719,-43.294211,-82.622523,0.000000
1720,-42.920110,-82.684001,0.000000
1721,-42.477668,-82.746706,0.000000
1722,-41.935446,-82.810865,0.000000
1723,-41.235759,-82.876809,0.000000
1724,-40.256816,-82.945065,0.000000
1725,-38.677462,-83.016560,0.000000
1726,-35.223731,-83.093296,0.000000
1727,-15.840611,-83.181519,0.000000
1728,0.000000,-83.334323,1.000000
1729,-58.000000,-83.539878,0.000000
1730,-57.880010,-83.552031,0.000000
1731,-57.760721,-83.564581,0.000000
1732,-57.642127,-83.577523,0.000000
1733,-57.524222,-83.590857,0.000000
1734,-57.407003,-83.604579,0.000000
1735,-57.290463,-83.618688,0.000000
1736,-57.174598,-83.633180,0.000000
1737,-57.059402,-83.648054,0.000000
1738,-56.944869,-83.663306,0.000000
1739,-56.830996,-83.678936,0.000000
1740,-56.717776,-83.694939,0.000000
1741,-56.605205,-83.711315,0.000000
1742,-56.493277,-83.728061,0.000000
1743,-56.381986,-83.745174,0.000000
1744,-56.271328,-83.762652,0.000000
1745,-56.161298,-83.780493,0.000000
1746,-56.051888,-83.798695,0.000000
1747,-55.943096,-83.817256,0.000000
1748,-55.834914,-83.836173,0.000000
1749,-55.727338,-83.855445,0.000000
1750,-55.620361,-83.875069,0.000000
1751,-55.513979,-83.895042,0.000000
1752,-55.408186,-83.915364,0.000000
1753,-55.302976,-83.936032,0.000000
1754,-55.198344,-83.957043,0.000000
1755,-55.094283,-83.978396,0.000000
1756,-54.990789,-84.000089,0.000000
1757,-54.887855,-84.022120,0.000000
1758,-54.785475,-84.044486,0.000000
1759,-54.683643,-84.067186,0.000000
1760,-54.582354,-84.090218,0.000000
1761,-54.481601,-84.113581,0.000000
1762,-54.381378,-84.137271,0.000000
1763,-54.281679,-84.161287,0.000000
1764,-54.182498,-84.185628,0.000000
1765,-54.083828,-84.210291,0.000000
1766,-53.985663,-84.235274,0.000000
1767,-53.887995,-84.260577,0.000000
1768,-53.790820,-84.286197,0.000000
1769,-53.694129,-84.312132,0.000000
1770,-53.597915,-84.338381,0.000000
1771,-53.502173,-84.364942,0.000000
1772,-53.406895,-84.391813,0.000000
1773,-53.312073,-84.418992,0.000000
1774,-53.217700,-84.446479,0.000000
1775,-53.123769,-84.474271,0.000000
1776,-53.030273,-84.502367,0.000000
1777,-52.937203,-84.530766,0.000000
1778,-52.844551,-84.559465,0.000000
1779,-52.752310,-84.588463,0.000000
1780,-52.660472,-84.617759,0.000000
1781,-52.569027,-84.647351,0.000000
1782,-52.477968,-84.677239,0.000000
1783,-52.387285,-84.707420,0.000000
1784,-52.296971,-84.737893,0.000000
1785,-52.207015,-84.768657,0.000000
1786,-52.117408,-84.799711,0.000000
1787,-52.028141,-84.831053,0.000000
1788,-51.939204,-84.862682,0.000000
1789,-51.850586,-84.894597,0.000000
1790,-51.762279,-84.926797,0.000000
1791,-51.674270,-84.959280,0.000000
1792,-51.586549,-84.992046,0.000000
1793,-51.499106,-85.025094,0.000000
1794,-51.411928,-85.058422,0.000000
1795,-51.325003,-85.092029,0.000000
1796,-51.238321,-85.125915,0.000000
1797,-51.151867,-85.160078,0.000000
1798,-51.065630,-85.194519,0.000000
1799,-50.979595,-85.229235,0.000000
1800,-50.893750,-85.264227,0.000000
1801,-50.808080,-85.299493,0.000000
1802,-50.722571,-85.335033,0.000000
1803,-50.637206,-85.370846,0.000000
1804,-50.551972,-85.406931,0.000000
1805,-50.466851,-85.443289,0.000000
1806,-50.381826,-85.479918,0.000000
1807,-50.296881,-85.516819,0.000000
1808,-50.211997,-85.553990,0.000000
1809,-50.127155,-85.591432,0.000000
1810,-50.042335,-85.629145,0.000000
1811,-49.957518,-85.667127,0.000000
1812,-49.872682,-85.705380,0.000000
1813,-49.787804,-85.743902,0.000000
1814,-49.702862,-85.782695,0.000000
1815,-49.617832,-85.821758,0.000000
1816,-49.532687,-85.861091,0.000000
1817,-49.447402,-85.900695,0.000000
1818,-49.361949,-85.940570,0.000000
1819,-49.276297,-85.980717,0.000000
1820,-49.190417,-86.021135,0.000000
1821,-49.104277,-86.061827,0.000000
1822,-49.017841,-86.102792,0.000000
1823,-48.931073,-86.144031,0.000000
1824,-48.843936,-86.185546,0.000000
1825,-48.756390,-86.227338,0.000000
1826,-48.668390,-86.269408,0.000000
1827,-48.579893,-86.311756,0.000000
1828,-48.490848,-86.354386,0.000000
1829,-48.401206,-86.397298,0.000000
1830,-48.310909,-86.440495,0.000000
1831,-48.219901,-86.483979,0.000000
1832,-48.128116,-86.527751,0.000000
1833,-48.035489,-86.571815,0.000000
1834,-47.941944,-86.616172,0.000000
1835,-47.847404,-86.660827,0.000000
1836,-47.751784,-86.705782,0.000000
1837,-47.654991,-86.751041,0.000000
1838,-47.556925,-86.796607,0.000000
1839,-47.457476,-86.842485,0.000000
1840,-47.356526,-86.888679,0.000000
1841,-47.253943,-86.935195,0.000000
1842,-47.149585,-86.982036,0.000000
1843,-47.043292,-87.029210,0.000000
1844,-46.934889,-87.076723,0.000000
1845,-46.824181,-87.124581,0.000000
1846,-46.710952,-87.172792,0.000000
1847,-46.594957,-87.221365,0.000000
1848,-46.475924,-87.270308,0.000000
1849,-46.353541,-87.319631,0.000000
1850,-46.227459,-87.369346,0.000000
1851,-46.097273,-87.419464,0.000000
1852,-45.962520,-87.470000,0.000000
1853,-45.822664,-87.520969,0.000000
1854,-45.677078,-87.572386,0.000000
1855,-45.525023,-87.624271,0.000000
1856,-45.365624,-87.676647,0.000000
1857,-45.197827,-87.729536,0.000000
1858,-45.020353,-87.782966,0.000000
1859,-44.831630,-87.836971,0.000000
1860,-44.629692,-87.891586,0.000000
1861,-44.412043,-87.946857,0.000000
1862,-44.175446,-88.002834,0.000000
1863,-43.915609,-88.059582,0.000000
1864,-43.626671,-88.117176,0.000000
1865,-43.300362,-88.175715,0.000000
1866,-42.924502,-88.235322,0.000000
1867,-42.480164,-88.296162,0.000000
1868,-41.935797,-88.358462,0.000000
1869,-41.233452,-88.422557,0.000000
1870,-40.250643,-88.488971,0.000000
1871,-38.663711,-88.558639,0.000000
1872,-35.183489,-88.633574,0.000000
1873,-15.403530,-88.720084,0.000000
1874,0.000000,-88.872499,1.000000
1875,-58.000000,-89.076208,0.000000
1876,-57.877242,-89.086516,0.000000
1877,-57.755202,-89.097229,0.000000
1878,-57.633874,-89.108346,0.000000
1879,-57.513252,-89.119864,0.000000
1880,-57.393333,-89.131780,0.000000
1881,-57.274109,-89.144091,0.000000
1882,-57.155577,-89.156796,0.000000
1883,-57.037730,-89.169892,0.000000
1884,-56.920563,-89.183376,0.000000
1885,-56.804071,-89.197246,0.000000
1886,-56.688248,-89.211500,0.000000
1887,-56.573090,-89.226136,0.000000
1888,-56.458590,-89.241150,0.000000
1889,-56.344742,-89.256541,0.000000
1890,-56.231543,-89.272306,0.000000
1891,-56.118986,-89.288444,0.000000
1892,-56.007065,-89.304951,0.000000
1893,-55.895774,-89.321826,0.000000
1894,-55.785110,-89.339066,0.000000
1895,-55.675064,-89.356669,0.000000
1896,-55.565633,-89.374633,0.000000
1897,-55.456809,-89.392956,0.000000
1898,-55.348588,-89.411636,0.000000
1899,-55.240964,-89.430670,0.000000
1900,-55.133929,-89.450057,0.000000
1901,-55.027480,-89.469793,0.000000
1902,-54.921608,-89.489879,0.000000
1903,-54.816309,-89.510310,0.000000
1904,-54.711577,-89.531085,0.000000
1905,-54.607404,-89.552203,0.000000
1906,-54.503785,-89.573661,0.000000
1907,-54.400713,-89.595457,0.000000
1908,-54.298182,-89.617590,0.000000
1909,-54.196185,-89.640056,0.000000
1910,-54.094716,-89.662856,0.000000
1911,-53.993767,-89.685986,0.000000
1912,-53.893332,-89.709444,0.000000
1913,-53.793405,-89.733230,0.000000
1914,-53.693977,-89.757341,0.000000
1915,-53.595042,-89.781775,0.000000
1916,-53.496593,-89.806531,0.000000
1917,-53.398621,-89.831607,0.000000
1918,-53.301120,-89.857001,0.000000
1919,-53.204081,-89.882712,0.000000
1920,-53.107498,-89.908737,0.000000
1921,-53.011361,-89.935076,0.000000
1922,-52.915663,-89.961726,0.000000
1923,-52.820395,-89.988687,0.000000
1924,-52.725550,-90.015956,0.000000
1925,-52.631117,-90.043532,0.000000
1926,-52.537089,-90.071414,0.000000
1927,-52.443456,-90.099600,0.000000
1928,-52.350209,-90.128088,0.000000
1929,-52.257338,-90.156878,0.000000
1930,-52.164834,-90.185968,0.000000
1931,-52.072687,-90.215356,0.000000
1932,-51.980886,-90.245042,0.000000
1933,-51.889421,-90.275024,0.000000
1934,-51.798282,-90.305301,0.000000
1935,-51.707456,-90.335872,0.000000
1936,-51.616934,-90.366735,0.000000
1937,-51.526703,-90.397890,0.000000
1938,-51.436750,-90.429334,0.000000
1939,-51.347065,-90.461069,0.000000
1940,-51.257633,-90.493092,0.000000
1941,-51.168442,-90.525402,0.000000
1942,-51.079478,-90.557998,0.000000
1943,-50.990728,-90.590881,0.000000
1944,-50.902176,-90.624048,0.000000
1945,-50.813808,-90.657499,0.000000
1946,-50.725607,-90.691234,0.000000
1947,-50.637560,-90.725252,0.000000
1948,-50.549647,-90.759551,0.000000
1949,-50.461853,-90.794133,0.000000
1950,-50.374160,-90.828995,0.000000
1951,-50.286548,-90.864138,0.000000
1952,-50.198998,-90.899561,0.000000
1953,-50.111491,-90.935265,0.000000
1954,-50.024005,-90.971248,0.000000
1955,-49.936519,-91.007511,0.000000
1956,-49.849009,-91.044053,0.000000
1957,-49.761452,-91.080875,0.000000
1958,-49.673823,-91.117977,0.000000
1959,-49.586095,-91.155358,0.000000
1960,-49.498242,-91.193019,0.000000
1961,-49.410234,-91.230961,0.000000
1962,-49.322042,-91.269183,0.000000
1963,-49.233633,-91.307686,0.000000
1964,-49.144974,-91.346472,0.000000
1965,-49.056029,-91.385539,0.000000
1966,-48.966762,-91.424891,0.000000
1967,-48.877133,-91.464527,0.000000
1968,-48.787100,-91.504448,0.000000
1969,-48.696618,-91.544656,0.000000
1970,-48.605641,-91.585152,0.000000
1971,-48.514118,-91.625938,0.000000
1972,-48.421995,-91.667016,0.000000
1973,-48.329215,-91.708387,0.000000
1974,-48.235717,-91.750053,0.000000
1975,-48.141435,-91.792018,0.000000
1976,-48.046298,-91.834282,0.000000
1977,-47.950230,-91.876850,0.000000
1978,-47.853149,-91.919723,0.000000
1979,-47.754966,-91.962906,0.000000
1980,-47.655584,-92.006402,0.000000
1981,-47.554898,-92.050214,0.000000
1982,-47.452793,-92.094348,0.000000
1983,-47.349145,-92.138807,0.000000
1984,-47.243815,-92.183597,0.000000
1985,-47.136653,-92.228723,0.000000
1986,-47.027490,-92.274191,0.000000
1987,-46.916142,-92.320008,0.000000
1988,-46.802402,-92.366181,0.000000
1989,-46.686040,-92.412717,0.000000
1990,-46.566796,-92.459626,0.000000
1991,-46.444378,-92.506917,0.000000
1992,-46.318456,-92.554600,0.000000
1993,-46.188651,-92.602687,0.000000
1994,-46.054531,-92.651190,0.000000
1995,-45.915594,-92.700125,0.000000
1996,-45.771260,-92.749506,0.000000
1997,-45.620846,-92.799352,0.000000
1998,-45.463544,-92.849683,0.000000
1999,-45.298391,-92.900521,0.000000
