0,-58.000000,0.000000,0.000000
1,-57.894817,0.000000,0.000000
2,-57.790150,0.000175,0.000000
3,-57.685996,0.000525,0.000000
4,-57.582352,0.001048,0.000000
5,-57.479215,0.001743,0.000000
6,-57.376582,0.002610,0.000000
7,-57.274450,0.003646,0.000000
8,-57.172816,0.004853,0.000000
9,-57.071678,0.006227,0.000000
10,-56.971031,0.007769,0.000000
11,-56.870874,0.009478,0.000000
12,-56.771202,0.011352,0.000000
13,-56.672013,0.013390,0.000000
14,-56.573304,0.015592,0.000000
15,-56.475071,0.017957,0.000000
16,-56.377312,0.020484,0.000000
17,-56.280024,0.023171,0.000000
18,-56.183202,0.026019,0.000000
19,-56.086845,0.029025,0.000000
20,-55.990949,0.032189,0.000000
21,-55.895510,0.035511,0.000000
22,-55.800525,0.038989,0.000000
23,-55.705992,0.042622,0.000000
24,-55.611907,0.046410,0.000000
25,-55.518266,0.050351,0.000000
26,-55.425066,0.054446,0.000000
27,-55.332305,0.058692,0.000000
28,-55.239977,0.063089,0.000000
29,-55.148081,0.067636,0.000000
30,-55.056612,0.072333,0.000000
31,-54.965567,0.077179,0.000000
32,-54.874943,0.082172,0.000000
33,-54.784735,0.087312,0.000000
34,-54.694941,0.092598,0.000000
35,-54.605557,0.098029,0.000000
36,-54.516578,0.103605,0.000000
37,-54.428002,0.109324,0.000000
38,-54.339824,0.115186,0.000000
39,-54.252040,0.121191,0.000000
40,-54.164648,0.127336,0.000000
41,-54.077642,0.133622,0.000000
42,-53.991018,0.140048,0.000000
43,-53.904774,0.146613,0.000000
44,-53.818904,0.153316,0.000000
45,-53.733405,0.160157,0.000000
46,-53.648271,0.167135,0.000000
47,-53.563500,0.174248,0.000000
48,-53.479086,0.181497,0.000000
49,-53.395025,0.188881,0.000000
50,-53.311313,0.196398,0.000000
51,-53.227945,0.204049,0.000000
52,-53.144917,0.211833,0.000000
53,-53.062223,0.219748,0.000000
54,-52.979858,0.227794,0.000000
55,-52.897819,0.235971,0.000000
56,-52.816100,0.244278,0.000000
57,-52.734695,0.252715,0.000000
58,-52.653600,0.261280,0.000000
59,-52.572810,0.269973,0.000000
60,-52.492318,0.278793,0.000000
61,-52.412120,0.287740,0.000000
62,-52.332209,0.296813,0.000000
63,-52.252581,0.306012,0.000000
64,-52.173229,0.315336,0.000000
65,-52.094147,0.324785,0.000000
66,-52.015329,0.334357,0.000000
67,-51.936768,0.344053,0.000000
68,-51.858460,0.353872,0.000000
69,-51.780396,0.363813,0.000000
70,-51.702570,0.373876,0.000000
71,-51.624975,0.384060,0.000000
72,-51.547605,0.394365,0.000000
73,-51.470452,0.404790,0.000000
74,-51.393508,0.415335,0.000000
75,-51.316766,0.426000,0.000000
76,-51.240218,0.436784,0.000000
77,-51.163857,0.447686,0.000000
78,-51.087673,0.458707,0.000000
79,-51.011659,0.469845,0.000000
80,-50.935805,0.481101,0.000000
81,-50.860104,0.492473,0.000000
82,-50.784545,0.503963,0.000000
83,-50.709119,0.515569,0.000000
84,-50.633816,0.527290,0.000000
85,-50.558627,0.539128,0.000000
86,-50.483540,0.551081,0.000000
87,-50.408546,0.563149,0.000000
88,-50.333632,0.575332,0.000000
89,-50.258788,0.587630,0.000000
90,-50.184002,0.600042,0.000000
91,-50.109261,0.612569,0.000000
92,-50.034552,0.625210,0.000000
93,-49.959863,0.637965,0.000000
94,-49.885180,0.650833,0.000000
95,-49.810489,0.663816,0.000000
96,-49.735774,0.676912,0.000000
97,-49.661022,0.690121,0.000000
98,-49.586215,0.703444,0.000000
99,-49.511337,0.716881,0.000000
100,-49.436371,0.730432,0.000000
101,-49.361299,0.744096,0.000000
102,-49.286102,0.757873,0.000000
103,-49.210761,0.771765,0.000000
104,-49.135255,0.785770,0.000000
105,-49.059562,0.799890,0.000000
106,-48.983661,0.814124,0.000000
107,-48.907527,0.828473,0.000000
108,-48.831136,0.842937,0.000000
109,-48.754463,0.857516,0.000000
110,-48.677478,0.872211,0.000000
111,-48.600155,0.887021,0.000000
112,-48.522461,0.901948,0.000000
113,-48.444366,0.916993,0.000000
114,-48.365836,0.932155,0.000000
115,-48.286834,0.947435,0.000000
116,-48.207323,0.962834,0.000000
117,-48.127261,0.978353,0.000000
118,-48.046607,0.993992,0.000000
119,-47.965314,1.009753,0.000000
120,-47.883334,1.025636,0.000000
121,-47.800615,1.041642,0.000000
122,-47.717100,1.057773,0.000000
123,-47.632730,1.074030,0.000000
124,-47.547441,1.090413,0.000000
125,-47.461164,1.106926,0.000000
126,-47.373824,1.123568,0.000000
127,-47.285340,1.140342,0.000000
128,-47.195626,1.157249,0.000000
129,-47.104586,1.174292,0.000000
130,-47.012116,1.191473,0.000000
131,-46.918105,1.208793,0.000000
132,-46.822429,1.226256,0.000000
133,-46.724952,1.243863,0.000000
134,-46.625525,1.261618,0.000000
135,-46.523983,1.279524,0.000000
136,-46.420143,1.297585,0.000000
137,-46.313800,1.315803,0.000000
138,-46.204728,1.334184,0.000000
139,-46.092671,1.352731,0.000000
140,-45.977339,1.371449,0.000000
141,-45.858405,1.390344,0.000000
142,-45.735497,1.409421,0.000000
143,-45.608186,1.428687,0.000000
144,-45.475978,1.448150,0.000000
145,-45.338298,1.467816,0.000000
146,-45.194474,1.487696,0.000000
147,-45.043708,1.507799,0.000000
148,-44.885052,1.528136,0.000000
149,-44.717359,1.548721,0.000000
150,-44.539230,1.569568,0.000000
151,-44.348931,1.590695,0.000000
152,-44.144282,1.612121,0.000000
153,-43.922490,1.633870,0.000000
154,-43.679903,1.655971,0.000000
155,-43.411614,1.678458,0.000000
156,-43.110838,1.701373,0.000000
157,-42.767833,1.724771,0.000000
158,-42.367940,1.748721,0.000000
159,-41.887740,1.773317,0.000000
160,-41.286684,1.798693,0.000000
161,-40.486190,1.825049,0.000000
162,-39.305819,1.852718,0.000000
163,-37.195253,1.882331,0.000000
164,-31.162464,1.915437,0.000000
165,0.000000,1.958570,1.000000
166,-46.000000,102.053605,0.000000
167,-45.932136,101.988560,0.000000
168,-45.862029,101.923683,0.000000
169,-45.789513,101.858976,0.000000
170,-45.714404,101.794445,0.000000
171,-45.636496,101.730092,0.000000
172,-45.555561,101.665923,0.000000
173,-45.471338,101.601942,0.000000
174,-45.383536,101.538155,0.000000
175,-45.291821,101.474567,0.000000
176,-45.195813,101.411185,0.000000
177,-45.095077,101.348016,0.000000
178,-44.989107,101.285068,0.000000
179,-44.877313,101.222348,0.000000
180,-44.759006,101.159867,0.000000
181,-44.633365,101.097636,0.000000
182,-44.499412,101.035665,0.000000
183,-44.355960,100.973970,0.000000
184,-44.201560,100.912565,0.000000
185,-44.034408,100.851469,0.000000
186,-43.852233,100.790702,0.000000
187,-43.652110,100.730289,0.000000
188,-43.430198,100.670260,0.000000
189,-43.181319,100.610652,0.000000
190,-42.898265,100.551507,0.000000
191,-42.570614,100.492884,0.000000
192,-42.182547,100.434855,0.000000
193,-41.708498,100.377522,0.000000
194,-41.103494,100.321027,0.000000
195,-40.278362,100.265587,0.000000
196,-39.020803,100.211568,0.000000
197,-36.639206,100.159690,0.000000
198,-28.724735,100.111825,0.000000
199,0.000000,100.077191,1.000000
200,-46.000000,200.090460,0.000000
201,-45.981155,199.943718,0.000000
202,-45.961631,199.797130,0.000000
203,-45.941399,199.650696,0.000000
204,-45.920430,199.504418,0.000000
205,-45.898690,199.358297,0.000000
206,-45.876146,199.212334,0.000000
207,-45.852761,199.066530,0.000000
208,-45.828495,198.920887,0.000000
209,-45.803306,198.775405,0.000000
210,-45.777150,198.630087,0.000000
211,-45.749980,198.484933,0.000000
212,-45.721742,198.339946,0.000000
213,-45.692383,198.195126,0.000000
214,-45.661843,198.050476,0.000000
215,-45.630057,197.905998,0.000000
216,-45.596955,197.761693,0.000000
217,-45.562464,197.617563,0.000000
218,-45.526500,197.473611,0.000000
219,-45.488976,197.329839,0.000000
220,-45.449794,197.186249,0.000000
221,-45.408849,197.042844,0.000000
222,-45.366025,196.899627,0.000000
223,-45.321194,196.756600,0.000000
224,-45.274216,196.613768,0.000000
225,-45.224936,196.471133,0.000000
226,-45.173181,196.328699,0.000000
227,-45.118759,196.186469,0.000000
228,-45.061457,196.044449,0.000000
229,-45.001034,195.902643,0.000000
230,-44.937218,195.761056,0.000000
231,-44.869702,195.619693,0.000000
232,-44.798138,195.478561,0.000000
233,-44.722123,195.337665,0.000000
234,-44.641198,195.197013,0.000000
235,-44.554827,195.056614,0.000000
236,-44.462385,194.916475,0.000000
237,-44.363135,194.776608,0.000000
238,-44.256202,194.637022,0.000000
239,-44.140534,194.497731,0.000000
240,-44.014854,194.358748,0.000000
241,-43.877590,194.220091,0.000000
242,-43.726780,194.081778,0.000000
243,-43.559930,193.943832,0.000000
244,-43.373812,193.806279,0.000000
245,-43.164146,193.669151,0.000000
246,-42.925099,193.532486,0.000000
247,-42.648448,193.396334,0.000000
248,-42.322111,193.260757,0.000000
249,-41.927367,193.125836,0.000000
250,-41.433119,192.991685,0.000000
251,-40.782556,192.858470,0.000000
252,-39.856514,192.726451,0.000000
253,-38.344075,192.596084,0.000000
254,-35.036992,192.468348,0.000000
255,-17.393962,192.346229,0.000000
256,0.000000,192.253617,1.000000
257,-46.000000,292.190073,0.000000
258,-46.027204,291.966581,0.000000
259,-46.055159,291.743230,0.000000
260,-46.083875,291.520019,0.000000
261,-46.113360,291.296946,0.000000
262,-46.143622,291.074009,0.000000
263,-46.174671,290.851208,0.000000
264,-46.206512,290.628541,0.000000
265,-46.239152,290.406006,0.000000
266,-46.272596,290.183603,0.000000
267,-46.306850,289.961329,0.000000
268,-46.341915,289.739183,0.000000
269,-46.377796,289.517164,0.000000
270,-46.414494,289.295270,0.000000
271,-46.452009,289.073500,0.000000
272,-46.490342,288.851852,0.000000
273,-46.529492,288.630324,0.000000
274,-46.569456,288.408917,0.000000
275,-46.610231,288.187627,0.000000
276,-46.651814,287.966453,0.000000
277,-46.694199,287.745395,0.000000
278,-46.737379,287.524450,0.000000
279,-46.781349,287.303618,0.000000
280,-46.826100,287.082896,0.000000
281,-46.871622,286.862283,0.000000
282,-46.917907,286.641778,0.000000
283,-46.964944,286.421380,0.000000
284,-47.012721,286.201088,0.000000
285,-47.061225,285.980899,0.000000
286,-47.110443,285.760813,0.000000
287,-47.160363,285.540828,0.000000
288,-47.210967,285.320943,0.000000
289,-47.262243,285.101158,0.000000
290,-47.314173,284.881470,0.000000
291,-47.366741,284.661878,0.000000
292,-47.419930,284.442382,0.000000
293,-47.473722,284.222980,0.000000
294,-47.528100,284.003671,0.000000
295,-47.583045,283.784455,0.000000
296,-47.638538,283.565329,0.000000
297,-47.694560,283.346294,0.000000
298,-47.751093,283.127348,0.000000
299,-47.808116,282.908490,0.000000
300,-47.865609,282.689719,0.000000
301,-47.923554,282.471035,0.000000
302,-47.981930,282.252437,0.000000
303,-48.040717,282.033923,0.000000
304,-48.099895,281.815494,0.000000
305,-48.159445,281.597148,0.000000
306,-48.219347,281.378884,0.000000
307,-48.279580,281.160703,0.000000
308,-48.340126,280.942603,0.000000
309,-48.400965,280.724584,0.000000
310,-48.462078,280.506645,0.000000
311,-48.523445,280.288786,0.000000
312,-48.585049,280.071007,0.000000
313,-48.646871,279.853306,0.000000
314,-48.708892,279.635683,0.000000
315,-48.771095,279.418139,0.000000
316,-48.833462,279.200672,0.000000
317,-48.895976,278.983282,0.000000
318,-48.958621,278.765969,0.000000
319,-49.021379,278.548733,0.000000
320,-49.084234,278.331574,0.000000
321,-49.147172,278.114490,0.000000
322,-49.210175,277.897483,0.000000
323,-49.273231,277.680551,0.000000
324,-49.336323,277.463696,0.000000
325,-49.399438,277.246915,0.000000
326,-49.462562,277.030211,0.000000
327,-49.525681,276.813581,0.000000
328,-49.588783,276.597027,0.000000
329,-49.651855,276.380548,0.000000
330,-49.714885,276.164145,0.000000
331,-49.777860,275.947816,0.000000
332,-49.840770,275.731563,0.000000
333,-49.903603,275.515386,0.000000
334,-49.966349,275.299284,0.000000
335,-50.028997,275.083257,0.000000
336,-50.091538,274.867306,0.000000
337,-50.153961,274.651431,0.000000
338,-50.216258,274.435631,0.000000
339,-50.278419,274.219908,0.000000
340,-50.340437,274.004260,0.000000
341,-50.402302,273.788689,0.000000
342,-50.464007,273.573195,0.000000
343,-50.525544,273.357777,0.000000
344,-50.586906,273.142437,0.000000
345,-50.648086,272.927173,0.000000
346,-50.709077,272.711987,0.000000
347,-50.769873,272.496879,0.000000
348,-50.830467,272.281848,0.000000
349,-50.890853,272.066896,0.000000
350,-50.951027,271.852022,0.000000
351,-51.010982,271.637227,0.000000
352,-51.070714,271.422511,0.000000
353,-51.130217,271.207874,0.000000
354,-51.189487,270.993317,0.000000
355,-51.248519,270.778840,0.000000
356,-51.307309,270.564444,0.000000
357,-51.365854,270.350128,0.000000
358,-51.424148,270.135893,0.000000
359,-51.482189,269.921740,0.000000
360,-51.539973,269.707668,0.000000
361,-51.597497,269.493678,0.000000
362,-51.654757,269.279771,0.000000
363,-51.711751,269.065946,0.000000
364,-51.768476,268.852205,0.000000
365,-51.824930,268.638548,0.000000
366,-51.881109,268.424974,0.000000
367,-51.937012,268.211485,0.000000
368,-51.992636,267.998080,0.000000
369,-52.047980,267.784761,0.000000
370,-52.103041,267.571527,0.000000
371,-52.157817,267.358379,0.000000
372,-52.212307,267.145317,0.000000
373,-52.266510,266.932342,0.000000
374,-52.320424,266.719454,0.000000
375,-52.374047,266.506654,0.000000
376,-52.427379,266.293942,0.000000
377,-52.480418,266.081318,0.000000
378,-52.533164,265.868783,0.000000
379,-52.585614,265.656337,0.000000
380,-52.637769,265.443980,0.000000
381,-52.689628,265.231714,0.000000
382,-52.741190,265.019538,0.000000
383,-52.792454,264.807453,0.000000
384,-52.843421,264.595460,0.000000
385,-52.894088,264.383558,0.000000
386,-52.944457,264.171748,0.000000
387,-52.994526,263.960031,0.000000
388,-53.044296,263.748407,0.000000
389,-53.093767,263.536876,0.000000
390,-53.142937,263.325439,0.000000
391,-53.191808,263.114096,0.000000
392,-53.240378,262.902848,0.000000
393,-53.288649,262.691695,0.000000
394,-53.336621,262.480637,0.000000
395,-53.384292,262.269676,0.000000
396,-53.431664,262.058811,0.000000
397,-53.478737,261.848042,0.000000
398,-53.525511,261.637371,0.000000
399,-53.571987,261.426797,0.000000
400,-53.618164,261.216322,0.000000
401,-53.664043,261.005944,0.000000
402,-53.709625,260.795666,0.000000
403,-53.754910,260.585487,0.000000
404,-53.799898,260.375408,0.000000
405,-53.844591,260.165428,0.000000
406,-53.888988,259.955549,0.000000
407,-53.933090,259.745771,0.000000
408,-53.976898,259.536095,0.000000
409,-54.020412,259.326520,0.000000
410,-54.063634,259.117047,0.000000
411,-54.106563,258.907677,0.000000
412,-54.149201,258.698410,0.000000
413,-54.191548,258.489245,0.000000
414,-54.233606,258.280185,0.000000
415,-54.275374,258.071229,0.000000
416,-54.316853,257.862377,0.000000
417,-54.358045,257.653631,0.000000
418,-54.398950,257.444989,0.000000
419,-54.439569,257.236453,0.000000
420,-54.479903,257.028024,0.000000
421,-54.519953,256.819701,0.000000
422,-54.559720,256.611484,0.000000
423,-54.599204,256.403375,0.000000
424,-54.638406,256.195374,0.000000
425,-54.677329,255.987480,0.000000
426,-54.715971,255.779695,0.000000
427,-54.754335,255.572019,0.000000
428,-54.792421,255.364451,0.000000
429,-54.830231,255.156994,0.000000
430,-54.867764,254.949646,0.000000
431,-54.905023,254.742408,0.000000
432,-54.942009,254.535281,0.000000
433,-54.978721,254.328265,0.000000
434,-55.015162,254.121360,0.000000
435,-55.051332,253.914567,0.000000
436,-55.087233,253.707886,0.000000
437,-55.122865,253.501318,0.000000
438,-55.158229,253.294862,0.000000
439,-55.193327,253.088519,0.000000
440,-55.228160,252.882290,0.000000
441,-55.262728,252.676174,0.000000
442,-55.297032,252.470173,0.000000
443,-55.331075,252.264286,0.000000
444,-55.364856,252.058514,0.000000
445,-55.398377,251.852857,0.000000
446,-55.431639,251.647316,0.000000
447,-55.464643,251.441890,0.000000
448,-55.497390,251.236581,0.000000
449,-55.529881,251.031388,0.000000
450,-55.562118,250.826312,0.000000
451,-55.594100,250.621353,0.000000
452,-55.625831,250.416512,0.000000
453,-55.657309,250.211789,0.000000
454,-55.688538,250.007183,0.000000
455,-55.719517,249.802696,0.000000
456,-55.750248,249.598328,0.000000
457,-55.780732,249.394079,0.000000
458,-55.810970,249.189950,0.000000
459,-55.840962,248.985940,0.000000
460,-55.870712,248.782050,0.000000
461,-55.900218,248.578280,0.000000
462,-55.929483,248.374631,0.000000
463,-55.958507,248.171103,0.000000
464,-55.987291,247.967697,0.000000
465,-56.015838,247.764411,0.000000
466,-56.044147,247.561248,0.000000
467,-56.072220,247.358207,0.000000
468,-56.100058,247.155288,0.000000
469,-56.127661,246.952492,0.000000
470,-56.155032,246.749818,0.000000
471,-56.182171,246.547269,0.000000
472,-56.209079,246.344842,0.000000
473,-56.235758,246.142540,0.000000
474,-56.262208,245.940361,0.000000
475,-56.288430,245.738307,0.000000
476,-56.314426,245.536378,0.000000
477,-56.340197,245.334574,0.000000
478,-56.365743,245.132895,0.000000
479,-56.391066,244.931341,0.000000
480,-56.416167,244.729913,0.000000
481,-56.441047,244.528611,0.000000
482,-56.465707,244.327436,0.000000
483,-56.490148,244.126386,0.000000
484,-56.514370,243.925464,0.000000
485,-56.538376,243.724669,0.000000
486,-56.562166,243.524001,0.000000
487,-56.585742,243.323461,0.000000
488,-56.609103,243.123048,0.000000
489,-56.632252,242.922764,0.000000
490,-56.655189,242.722608,0.000000
491,-56.677916,242.522581,0.000000
492,-56.700433,242.322682,0.000000
493,-56.722741,242.122912,0.000000
494,-56.744842,241.923272,0.000000
495,-56.766736,241.723761,0.000000
496,-56.788425,241.524380,0.000000
497,-56.809910,241.325129,0.000000
498,-56.831191,241.126008,0.000000
499,-56.852269,240.927018,0.000000
500,-56.873146,240.728158,0.000000
501,-56.893823,240.529430,0.000000
502,-56.914300,240.330832,0.000000
503,-56.934579,240.132366,0.000000
504,-56.954660,239.934031,0.000000
505,-56.974545,239.735828,0.000000
506,-56.994234,239.537758,0.000000
507,-57.013729,239.339819,0.000000
508,-57.033030,239.142013,0.000000
509,-57.052139,238.944340,0.000000
510,-57.071056,238.746799,0.000000
511,-57.089783,238.549392,0.000000
512,-57.108320,238.352118,0.000000
513,-57.126669,238.154977,0.000000
514,-57.144829,237.957970,0.000000
515,-57.162803,237.761097,0.000000
516,-57.180591,237.564358,0.000000
517,-57.198195,237.367754,0.000000
518,-57.215614,237.171283,0.000000
519,-57.232851,236.974948,0.000000
520,-57.249905,236.778747,0.000000
521,-57.266778,236.582682,0.000000
522,-57.283472,236.386752,0.000000
523,-57.299986,236.190957,0.000000
524,-57.316321,235.995298,0.000000
525,-57.332479,235.799775,0.000000
526,-57.348461,235.604387,0.000000
527,-57.364267,235.409136,0.000000
528,-57.379899,235.214022,0.000000
529,-57.395357,235.019043,0.000000
530,-57.410642,234.824202,0.000000
531,-57.425755,234.629497,0.000000
532,-57.440696,234.434930,0.000000
533,-57.455468,234.240500,0.000000
534,-57.470071,234.046207,0.000000
535,-57.484505,233.852051,0.000000
536,-57.498771,233.658034,0.000000
537,-57.512871,233.464154,0.000000
538,-57.526805,233.270413,0.000000
539,-57.540574,233.076809,0.000000
540,-57.554179,232.883344,0.000000
541,-57.567621,232.690018,0.000000
542,-57.580901,232.496830,0.000000
543,-57.594019,232.303781,0.000000
544,-57.606976,232.110871,0.000000
545,-57.619774,231.918101,0.000000
546,-57.632412,231.725469,0.000000
547,-57.644893,231.532977,0.000000
548,-57.657216,231.340625,0.000000
549,-57.669383,231.148413,0.000000
550,-57.681394,230.956340,0.000000
551,-57.693251,230.764407,0.000000
552,-57.704953,230.572615,0.000000
553,-57.716502,230.380963,0.000000
554,-57.727899,230.189451,0.000000
555,-57.739145,229.998080,0.000000
556,-57.750239,229.806850,0.000000
557,-57.761184,229.615760,0.000000
558,-57.771980,229.424812,0.000000
559,-57.782627,229.234005,0.000000
560,-57.793127,229.043339,0.000000
561,-57.803480,228.852814,0.000000
562,-57.813686,228.662431,0.000000
563,-57.823748,228.472189,0.000000
564,-57.833666,228.282090,0.000000
565,-57.843439,228.092132,0.000000
566,-57.853070,227.902316,0.000000
567,-57.862559,227.712642,0.000000
568,-57.871906,227.523111,0.000000
569,-57.881113,227.333722,0.000000
570,-57.890180,227.144475,0.000000
571,-57.899108,226.955371,0.000000
572,-57.907897,226.766410,0.000000
573,-57.916549,226.577591,0.000000
574,-57.925064,226.388916,0.000000
575,-57.933443,226.200383,0.000000
576,-57.941687,226.011994,0.000000
577,-57.949796,225.823747,0.000000
578,-57.957771,225.635645,0.000000
579,-57.965613,225.447685,0.000000
580,-57.973322,225.259870,0.000000
581,-57.980900,225.072198,0.000000
582,-57.988347,224.884669,0.000000
583,-57.995663,224.697285,0.000000
584,-58.002850,224.510044,0.000000
585,-58.009908,224.322948,0.000000
586,-58.016837,224.135995,0.000000
587,-58.023639,223.949187,0.000000
588,-58.030315,223.762524,0.000000
589,-58.036864,223.576004,0.000000
590,-58.043288,223.389630,0.000000
591,-58.049587,223.203399,0.000000
592,-58.055762,223.017314,0.000000
593,-58.061814,222.831373,0.000000
594,-58.067743,222.645577,0.000000
595,-58.073550,222.459927,0.000000
596,-58.079236,222.274421,0.000000
597,-58.084801,222.089060,0.000000
598,-58.090246,221.903844,0.000000
599,-58.095571,221.718774,0.000000
600,-58.100778,221.533849,0.000000
601,-58.105867,221.349070,0.000000
602,-58.110839,221.164436,0.000000
603,-58.115693,220.979947,0.000000
604,-58.120432,220.795604,0.000000
605,-58.125055,220.611407,0.000000
606,-58.129563,220.427356,0.000000
607,-58.133958,220.243451,0.000000
608,-58.138238,220.059691,0.000000
609,-58.142406,219.876078,0.000000
610,-58.146462,219.692610,0.000000
611,-58.150405,219.509289,0.000000
612,-58.154238,219.326114,0.000000
613,-58.157960,219.143085,0.000000
614,-58.161573,218.960203,0.000000
615,-58.165076,218.777467,0.000000
616,-58.168471,218.594877,0.000000
617,-58.171758,218.412434,0.000000
618,-58.174937,218.230137,0.000000
619,-58.178009,218.047987,0.000000
620,-58.180976,217.865984,0.000000
621,-58.183837,217.684127,0.000000
622,-58.186592,217.502417,0.000000
623,-58.189244,217.320854,0.000000
624,-58.191791,217.139438,0.000000
625,-58.194236,216.958169,0.000000
626,-58.196577,216.777047,0.000000
627,-58.198817,216.596072,0.000000
628,-58.200955,216.415244,0.000000
629,-58.202992,216.234563,0.000000
630,-58.204929,216.054029,0.000000
631,-58.206766,215.873642,0.000000
632,-58.208504,215.693403,0.000000
633,-58.210143,215.513311,0.000000
634,-58.211684,215.333366,0.000000
635,-58.213128,215.153569,0.000000
636,-58.214474,214.973919,0.000000
637,-58.215724,214.794417,0.000000
638,-58.216879,214.615062,0.000000
639,-58.217937,214.435854,0.000000
640,-58.218901,214.256795,0.000000
641,-58.219771,214.077883,0.000000
642,-58.220547,213.899118,0.000000
643,-58.221230,213.720501,0.000000
644,-58.221820,213.542032,0.000000
645,-58.222318,213.363711,0.000000
646,-58.222724,213.185537,0.000000
647,-58.223040,213.007511,0.000000
648,-58.223264,212.829633,0.000000
649,-58.223399,212.651903,0.000000
650,-58.223444,212.474321,0.000000
651,-58.223400,212.296886,0.000000
652,-58.223268,212.119600,0.000000
653,-58.223048,211.942462,0.000000
654,-58.222740,211.765471,0.000000
655,-58.222345,211.588629,0.000000
656,-58.221864,211.411934,0.000000
657,-58.221296,211.235388,0.000000
658,-58.220644,211.058990,0.000000
659,-58.219906,210.882739,0.000000
660,-58.219084,210.706637,0.000000
661,-58.218177,210.530683,0.000000
662,-58.217188,210.354877,0.000000
663,-58.216115,210.179220,0.000000
664,-58.214959,210.003710,0.000000
665,-58.213722,209.828349,0.000000
666,-58.212403,209.653136,0.000000
667,-58.211003,209.478071,0.000000
668,-58.209522,209.303154,0.000000
669,-58.207961,209.128385,0.000000
670,-58.206320,208.953765,0.000000
671,-58.204601,208.779293,0.000000
672,-58.202802,208.604969,0.000000
673,-58.200925,208.430794,0.000000
674,-58.198970,208.256767,0.000000
675,-58.196938,208.082888,0.000000
676,-58.194828,207.909157,0.000000
677,-58.192643,207.735575,0.000000
678,-58.190381,207.562141,0.000000
679,-58.188044,207.388855,0.000000
680,-58.185631,207.215718,0.000000
681,-58.183144,207.042728,0.000000
682,-58.180582,206.869888,0.000000
683,-58.177947,206.697195,0.000000
684,-58.175238,206.524651,0.000000
685,-58.172457,206.352255,0.000000
686,-58.169602,206.180007,0.000000
687,-58.166676,206.007908,0.000000
688,-58.163678,205.835957,0.000000
689,-58.160609,205.664154,0.000000
690,-58.157469,205.492500,0.000000
691,-58.154259,205.320993,0.000000
692,-58.150978,205.149635,0.000000
693,-58.147628,204.978426,0.000000
694,-58.144209,204.807364,0.000000
695,-58.140722,204.636451,0.000000
696,-58.137166,204.465686,0.000000
697,-58.133542,204.295070,0.000000
698,-58.129850,204.124601,0.000000
699,-58.126091,203.954281,0.000000
700,-58.122266,203.784109,0.000000
701,-58.118375,203.614085,0.000000
702,-58.114417,203.444209,0.000000
703,-58.110394,203.274482,0.000000
704,-58.106306,203.104902,0.000000
705,-58.102153,202.935471,0.000000
706,-58.097936,202.766188,0.000000
707,-58.093655,202.597053,0.000000
708,-58.089311,202.428066,0.000000
709,-58.084903,202.259227,0.000000
710,-58.080433,202.090536,0.000000
711,-58.075900,201.921993,0.000000
712,-58.071305,201.753599,0.000000
713,-58.066649,201.585352,0.000000
714,-58.061931,201.417253,0.000000
715,-58.057152,201.249302,0.000000
716,-58.052313,201.081499,0.000000
717,-58.047414,200.913844,0.000000
718,-58.042455,200.746337,0.000000
719,-58.037436,200.578977,0.000000
720,-58.032359,200.411766,0.000000
721,-58.027223,200.244702,0.000000
722,-58.022028,200.077786,0.000000
723,-58.016776,199.911018,0.000000
724,-58.011466,199.744397,0.000000
725,-58.006099,199.577924,0.000000
726,-58.000675,199.411599,0.000000
727,-57.995194,199.245422,0.000000
728,-57.989657,199.079392,0.000000
729,-57.984064,198.913510,0.000000
730,-57.978416,198.747775,0.000000
731,-57.972713,198.582188,0.000000
732,-57.966955,198.416748,0.000000
733,-57.961142,198.251456,0.000000
734,-57.955275,198.086311,0.000000
735,-57.949355,197.921314,0.000000
736,-57.943381,197.756464,0.000000
737,-57.937354,197.591761,0.000000
738,-57.931274,197.427206,0.000000
739,-57.925142,197.262798,0.000000
740,-57.918957,197.098537,0.000000
741,-57.912721,196.934423,0.000000
742,-57.906433,196.770456,0.000000
743,-57.900094,196.606637,0.000000
744,-57.893705,196.442965,0.000000
745,-57.887264,196.279439,0.000000
746,-57.880774,196.116061,0.000000
747,-57.874234,195.952830,0.000000
748,-57.867644,195.789745,0.000000
749,-57.861005,195.626808,0.000000
750,-57.854317,195.464017,0.000000
751,-57.847580,195.301373,0.000000
752,-57.840796,195.138876,0.000000
753,-57.833963,194.976526,0.000000
754,-57.827082,194.814322,0.000000
755,-57.820154,194.652265,0.000000
756,-57.813179,194.490354,0.000000
757,-57.806157,194.328591,0.000000
758,-57.799089,194.166973,0.000000
759,-57.791975,194.005502,0.000000
760,-57.784814,193.844178,0.000000
761,-57.777608,193.682999,0.000000
762,-57.770357,193.521968,0.000000
763,-57.763061,193.361082,0.000000
764,-57.755720,193.200343,0.000000
765,-57.748334,193.039750,0.000000
766,-57.740905,192.879303,0.000000
767,-57.733432,192.719002,0.000000
768,-57.725915,192.558847,0.000000
769,-57.718354,192.398838,0.000000
770,-57.710751,192.238975,0.000000
771,-57.703105,192.079258,0.000000
772,-57.695417,191.919687,0.000000
773,-57.687686,191.760261,0.000000
774,-57.679914,191.600981,0.000000
775,-57.672100,191.441847,0.000000
776,-57.664245,191.282859,0.000000
777,-57.656348,191.124016,0.000000
778,-57.648411,190.965319,0.000000
779,-57.640433,190.806767,0.000000
780,-57.632415,190.648361,0.000000
781,-57.624357,190.490100,0.000000
782,-57.616259,190.331984,0.000000
783,-57.608122,190.174014,0.000000
784,-57.599946,190.016189,0.000000
785,-57.591731,189.858509,0.000000
786,-57.583476,189.700974,0.000000
787,-57.575184,189.543584,0.000000
788,-57.566853,189.386339,0.000000
789,-57.558485,189.229239,0.000000
790,-57.550079,189.072283,0.000000
791,-57.541635,188.915473,0.000000
792,-57.533154,188.758807,0.000000
793,-57.524637,188.602287,0.000000
794,-57.516082,188.445910,0.000000
795,-57.507492,188.289678,0.000000
796,-57.498865,188.133591,0.000000
797,-57.490202,187.977648,0.000000
798,-57.481503,187.821850,0.000000
799,-57.472769,187.666196,0.000000
800,-57.464000,187.510686,0.000000
801,-57.455196,187.355321,0.000000
802,-57.446357,187.200099,0.000000
803,-57.437484,187.045022,0.000000
804,-57.428576,186.890089,0.000000
805,-57.419635,186.735299,0.000000
806,-57.410659,186.580654,0.000000
807,-57.401651,186.426152,0.000000
808,-57.392608,186.271794,0.000000
809,-57.383533,186.117580,0.000000
810,-57.374425,185.963510,0.000000
811,-57.365284,185.809583,0.000000
812,-57.356111,185.655799,0.000000
813,-57.346906,185.502159,0.000000
814,-57.337668,185.348662,0.000000
815,-57.328399,185.195309,0.000000
816,-57.319099,185.042099,0.000000
817,-57.309767,184.889032,0.000000
818,-57.300404,184.736108,0.000000
819,-57.291010,184.583328,0.000000
820,-57.281585,184.430690,0.000000
821,-57.272130,184.278195,0.000000
822,-57.262645,184.125843,0.000000
823,-57.253130,183.973634,0.000000
824,-57.243585,183.821567,0.000000
825,-57.234011,183.669643,0.000000
826,-57.224407,183.517862,0.000000
827,-57.214774,183.366223,0.000000
828,-57.205112,183.214726,0.000000
829,-57.195421,183.063372,0.000000
830,-57.185702,182.912160,0.000000
831,-57.175954,182.761091,0.000000
832,-57.166179,182.610163,0.000000
833,-57.156375,182.459378,0.000000
834,-57.146543,182.308734,0.000000
835,-57.136684,182.158233,0.000000
836,-57.126798,182.007873,0.000000
837,-57.116885,181.857655,0.000000
838,-57.106944,181.707579,0.000000
839,-57.096977,181.557644,0.000000
840,-57.086983,181.407851,0.000000
841,-57.076963,181.258200,0.000000
842,-57.066917,181.108690,0.000000
843,-57.056845,180.959321,0.000000
844,-57.046747,180.810094,0.000000
845,-57.036623,180.661007,0.000000
846,-57.026474,180.512062,0.000000
847,-57.016299,180.363258,0.000000
848,-57.006100,180.214595,0.000000
849,-56.995876,180.066072,0.000000
850,-56.985627,179.917691,0.000000
851,-56.975353,179.769450,0.000000
852,-56.965056,179.621350,0.000000
853,-56.954734,179.473390,0.000000
854,-56.944388,179.325571,0.000000
855,-56.934018,179.177893,0.000000
856,-56.923625,179.030354,0.000000
857,-56.913208,178.882956,0.000000
858,-56.902768,178.735699,0.000000
859,-56.892305,178.588581,0.000000
860,-56.881819,178.441603,0.000000
861,-56.871311,178.294766,0.000000
862,-56.860780,178.148068,0.000000
863,-56.850226,178.001510,0.000000
864,-56.839650,177.855091,0.000000
865,-56.829052,177.708813,0.000000
866,-56.818432,177.562674,0.000000
867,-56.807791,177.416674,0.000000
868,-56.797128,177.270814,0.000000
869,-56.786443,177.125093,0.000000
870,-56.775738,176.979511,0.000000
871,-56.765011,176.834069,0.000000
872,-56.754263,176.688765,0.000000
873,-56.743495,176.543601,0.000000
874,-56.732706,176.398575,0.000000
875,-56.721897,176.253689,0.000000
876,-56.711067,176.108941,0.000000
877,-56.700217,175.964332,0.000000
878,-56.689347,175.819861,0.000000
879,-56.678458,175.675529,0.000000
880,-56.667549,175.531335,0.000000
881,-56.656620,175.387280,0.000000
882,-56.645672,175.243363,0.000000
883,-56.634705,175.099584,0.000000
884,-56.623719,174.955943,0.000000
885,-56.612714,174.812440,0.000000
886,-56.601690,174.669075,0.000000
887,-56.590647,174.525848,0.000000
888,-56.579586,174.382759,0.000000
889,-56.568507,174.239807,0.000000
890,-56.557410,174.096993,0.000000
891,-56.546295,173.954317,0.000000
892,-56.535161,173.811778,0.000000
893,-56.524011,173.669376,0.000000
894,-56.512842,173.527111,0.000000
895,-56.501656,173.384984,0.000000
896,-56.490453,173.242994,0.000000
897,-56.479233,173.101141,0.000000
898,-56.467995,172.959424,0.000000
899,-56.456741,172.817845,0.000000
900,-56.445470,172.676402,0.000000
901,-56.434182,172.535096,0.000000
902,-56.422878,172.393926,0.000000
903,-56.411558,172.252893,0.000000
904,-56.400221,172.111997,0.000000
905,-56.388869,171.971236,0.000000
906,-56.377500,171.830612,0.000000
907,-56.366116,171.690124,0.000000
908,-56.354715,171.549772,0.000000
909,-56.343300,171.409556,0.000000
910,-56.331869,171.269476,0.000000
911,-56.320422,171.129532,0.000000
912,-56.308961,170.989723,0.000000
913,-56.297484,170.850050,0.000000
914,-56.285993,170.710512,0.000000
915,-56.274487,170.571110,0.000000
916,-56.262966,170.431844,0.000000
917,-56.251430,170.292712,0.000000
918,-56.239880,170.153716,0.000000
919,-56.228316,170.014855,0.000000
920,-56.216738,169.876128,0.000000
921,-56.205146,169.737537,0.000000
922,-56.193539,169.599080,0.000000
923,-56.181919,169.460759,0.000000
924,-56.170285,169.322572,0.000000
925,-56.158638,169.184519,0.000000
926,-56.146977,169.046601,0.000000
927,-56.135303,168.908817,0.000000
928,-56.123616,168.771167,0.000000
929,-56.111915,168.633652,0.000000
930,-56.100202,168.496271,0.000000
931,-56.088475,168.359024,0.000000
932,-56.076736,168.221910,0.000000
933,-56.064984,168.084931,0.000000
934,-56.053220,167.948085,0.000000
935,-56.041443,167.811373,0.000000
936,-56.029654,167.674794,0.000000
937,-56.017852,167.538349,0.000000
938,-56.006039,167.402038,0.000000
939,-55.994213,167.265859,0.000000
940,-55.982376,167.129814,0.000000
941,-55.970526,166.993902,0.000000
942,-55.958665,166.858123,0.000000
943,-55.946793,166.722477,0.000000
944,-55.934909,166.586963,0.000000
945,-55.923014,166.451582,0.000000
946,-55.911107,166.316334,0.000000
947,-55.899189,166.181219,0.000000
948,-55.887260,166.046236,0.000000
949,-55.875320,165.911385,0.000000
950,-55.863369,165.776667,0.000000
951,-55.851408,165.642081,0.000000
952,-55.839435,165.507627,0.000000
953,-55.827453,165.373305,0.000000
954,-55.815459,165.239115,0.000000
955,-55.803456,165.105056,0.000000
956,-55.791442,164.971130,0.000000
957,-55.779417,164.837335,0.000000
958,-55.767383,164.703671,0.000000
959,-55.755339,164.570139,0.000000
960,-55.743284,164.436738,0.000000
961,-55.731220,164.303469,0.000000
962,-55.719146,164.170331,0.000000
963,-55.707063,164.037323,0.000000
964,-55.694970,163.904447,0.000000
965,-55.682867,163.771702,0.000000
966,-55.670755,163.639087,0.000000
967,-55.658634,163.506604,0.000000
968,-55.646504,163.374250,0.000000
969,-55.634364,163.242028,0.000000
970,-55.622216,163.109935,0.000000
971,-55.610058,162.977973,0.000000
972,-55.597892,162.846142,0.000000
973,-55.585717,162.714440,0.000000
974,-55.573533,162.582868,0.000000
975,-55.561340,162.451427,0.000000
976,-55.549139,162.320115,0.000000
977,-55.536930,162.188933,0.000000
978,-55.524712,162.057881,0.000000
979,-55.512486,161.926958,0.000000
980,-55.500252,161.796165,0.000000
981,-55.488010,161.665501,0.000000
982,-55.475759,161.534966,0.000000
983,-55.463501,161.404561,0.000000
984,-55.451235,161.274285,0.000000
985,-55.438960,161.144137,0.000000
986,-55.426679,161.014119,0.000000
987,-55.414389,160.884229,0.000000
988,-55.402092,160.754468,0.000000
989,-55.389788,160.624836,0.000000
990,-55.377475,160.495333,0.000000
991,-55.365156,160.365957,0.000000
992,-55.352829,160.236710,0.000000
993,-55.340496,160.107592,0.000000
994,-55.328155,159.978601,0.000000
995,-55.315806,159.849739,0.000000
996,-55.303451,159.721004,0.000000
997,-55.291089,159.592398,0.000000
998,-55.278720,159.463919,0.000000
999,-55.266345,159.335568,0.000000
1000,-55.253962,159.207344,0.000000
1001,-55.241573,159.079248,0.000000
1002,-55.229177,158.951280,0.000000
1003,-55.216775,158.823438,0.000000
1004,-55.204366,158.695724,0.000000
1005,-55.191951,158.568137,0.000000
1006,-55.179530,158.440677,0.000000
1007,-55.167102,158.313344,0.000000
1008,-55.154668,158.186138,0.000000
1009,-55.142228,158.059058,0.000000
1010,-55.129782,157.932105,0.000000
1011,-55.117330,157.805279,0.000000
1012,-55.104872,157.678579,0.000000
1013,-55.092408,157.552005,0.000000
1014,-55.079938,157.425558,0.000000
1015,-55.067463,157.299237,0.000000
1016,-55.054981,157.173041,0.000000
1017,-55.042494,157.046972,0.000000
1018,-55.030002,156.921029,0.000000
1019,-55.017504,156.795211,0.000000
1020,-55.005000,156.669520,0.000000
1021,-54.992491,156.543953,0.000000
1022,-54.979977,156.418513,0.000000
1023,-54.967457,156.293197,0.000000
1024,-54.954932,156.168007,0.000000
1025,-54.942402,156.042942,0.000000
1026,-54.929866,155.918002,0.000000
1027,-54.917326,155.793188,0.000000
1028,-54.904780,155.668498,0.000000
1029,-54.892230,155.543933,0.000000
1030,-54.879674,155.419492,0.000000
1031,-54.867114,155.295177,0.000000
1032,-54.854549,155.170986,0.000000
1033,-54.841979,155.046919,0.000000
1034,-54.829404,154.922976,0.000000
1035,-54.816824,154.799158,0.000000
1036,-54.804240,154.675464,0.000000
1037,-54.791652,154.551894,0.000000
1038,-54.779058,154.428448,0.000000
1039,-54.766460,154.305126,0.000000
1040,-54.753858,154.181928,0.000000
1041,-54.741251,154.058853,0.000000
1042,-54.728640,153.935902,0.000000
1043,-54.716025,153.813074,0.000000
1044,-54.703405,153.690370,0.000000
1045,-54.690781,153.567789,0.000000
1046,-54.678153,153.445331,0.000000
1047,-54.665521,153.322997,0.000000
1048,-54.652885,153.200785,0.000000
1049,-54.640244,153.078696,0.000000
1050,-54.627600,152.956730,0.000000
1051,-54.614951,152.834887,0.000000
1052,-54.602299,152.713166,0.000000
1053,-54.589642,152.591568,0.000000
1054,-54.576982,152.470092,0.000000
1055,-54.564318,152.348739,0.000000
1056,-54.551650,152.227508,0.000000
1057,-54.538979,152.106399,0.000000
1058,-54.526303,151.985412,0.000000
1059,-54.513624,151.864547,0.000000
1060,-54.500942,151.743804,0.000000
1061,-54.488255,151.623182,0.000000
1062,-54.475565,151.502682,0.000000
1063,-54.462872,151.382304,0.000000
1064,-54.450175,151.262048,0.000000
1065,-54.437475,151.141912,0.000000
1066,-54.424771,151.021898,0.000000
1067,-54.412063,150.902005,0.000000
1068,-54.399353,150.782234,0.000000
1069,-54.386639,150.662583,0.000000
1070,-54.373921,150.543053,0.000000
1071,-54.361201,150.423644,0.000000
1072,-54.348477,150.304355,0.000000
1073,-54.335750,150.185188,0.000000
1074,-54.323019,150.066140,0.000000
1075,-54.310286,149.947214,0.000000
1076,-54.297549,149.828407,0.000000
1077,-54.284809,149.709721,0.000000
1078,-54.272066,149.591155,0.000000
1079,-54.259320,149.472709,0.000000
1080,-54.246571,149.354383,0.000000
1081,-54.233819,149.236176,0.000000
1082,-54.221064,149.118090,0.000000
1083,-54.208306,149.000123,0.000000
1084,-54.195545,148.882276,0.000000
1085,-54.182781,148.764548,0.000000
1086,-54.170015,148.646939,0.000000
1087,-54.157245,148.529450,0.000000
1088,-54.144472,148.412080,0.000000
1089,-54.131697,148.294829,0.000000
1090,-54.118919,148.177698,0.000000
1091,-54.106138,148.060685,0.000000
1092,-54.093354,147.943791,0.000000
1093,-54.080568,147.827015,0.000000
1094,-54.067778,147.710358,0.000000
1095,-54.054986,147.593820,0.000000
1096,-54.042192,147.477400,0.000000
1097,-54.029394,147.361099,0.000000
1098,-54.016594,147.244916,0.000000
1099,-54.003792,147.128850,0.000000
1100,-53.990986,147.012903,0.000000
1101,-53.978178,146.897074,0.000000
1102,-53.965368,146.781363,0.000000
1103,-53.952555,146.665770,0.000000
1104,-53.939739,146.550294,0.000000
1105,-53.926921,146.434936,0.000000
1106,-53.914100,146.319695,0.000000
1107,-53.901276,146.204572,0.000000
1108,-53.888451,146.089566,0.000000
1109,-53.875622,145.974677,0.000000
1110,-53.862791,145.859906,0.000000
1111,-53.849958,145.745251,0.000000
1112,-53.837122,145.630714,0.000000
1113,-53.824283,145.516293,0.000000
1114,-53.811442,145.401989,0.000000
1115,-53.798599,145.287801,0.000000
1116,-53.785753,145.173730,0.000000
1117,-53.772905,145.059776,0.000000
1118,-53.760054,144.945938,0.000000
1119,-53.747201,144.832216,0.000000
1120,-53.734345,144.718611,0.000000
1121,-53.721487,144.605121,0.000000
1122,-53.708627,144.491748,0.000000
1123,-53.695764,144.378491,0.000000
1124,-53.682899,144.265349,0.000000
1125,-53.670031,144.152323,0.000000
1126,-53.657161,144.039413,0.000000
1127,-53.644288,143.926618,0.000000
1128,-53.631414,143.813938,0.000000
1129,-53.618536,143.701374,0.000000
1130,-53.605657,143.588926,0.000000
1131,-53.592774,143.476592,0.000000
1132,-53.579890,143.364374,0.000000
1133,-53.567003,143.252270,0.000000
1134,-53.554114,143.140282,0.000000
1135,-53.541222,143.028408,0.000000
1136,-53.528328,142.916649,0.000000
1137,-53.515431,142.805005,0.000000
1138,-53.502532,142.693475,0.000000
1139,-53.489630,142.582059,0.000000
1140,-53.476727,142.470758,0.000000
1141,-53.463820,142.359571,0.000000
1142,-53.450911,142.248499,0.000000
1143,-53.438000,142.137540,0.000000
1144,-53.425087,142.026695,0.000000
1145,-53.412170,141.915965,0.000000
1146,-53.399252,141.805348,0.000000
1147,-53.386331,141.694845,0.000000
1148,-53.373407,141.584455,0.000000
1149,-53.360481,141.474179,0.000000
1150,-53.347552,141.364016,0.000000
1151,-53.334621,141.253967,0.000000
1152,-53.321688,141.144031,0.000000
1153,-53.308751,141.034208,0.000000
1154,-53.295813,140.924498,0.000000
1155,-53.282871,140.814902,0.000000
1156,-53.269927,140.705418,0.000000
1157,-53.256981,140.596047,0.000000
1158,-53.244032,140.486788,0.000000
1159,-53.231080,140.377643,0.000000
1160,-53.218125,140.268609,0.000000
1161,-53.205168,140.159689,0.000000
1162,-53.192209,140.050880,0.000000
1163,-53.179246,139.942184,0.000000
1164,-53.166281,139.833600,0.000000
1165,-53.153313,139.725129,0.000000
1166,-53.140342,139.616769,0.000000
1167,-53.127369,139.508521,0.000000
1168,-53.114393,139.400385,0.000000
1169,-53.101414,139.292361,0.000000
1170,-53.088432,139.184448,0.000000
1171,-53.075447,139.076647,0.000000
1172,-53.062460,138.968957,0.000000
1173,-53.049469,138.861379,0.000000
1174,-53.036476,138.753912,0.000000
1175,-53.023479,138.646556,0.000000
1176,-53.010480,138.539312,0.000000
1177,-52.997477,138.432178,0.000000
1178,-52.984472,138.325156,0.000000
1179,-52.971464,138.218244,0.000000
1180,-52.958452,138.111443,0.000000
1181,-52.945437,138.004753,0.000000
1182,-52.932420,137.898173,0.000000
1183,-52.919399,137.791704,0.000000
1184,-52.906374,137.685345,0.000000
1185,-52.893347,137.579097,0.000000
1186,-52.880316,137.472958,0.000000
1187,-52.867282,137.366930,0.000000
1188,-52.854245,137.261012,0.000000
1189,-52.841204,137.155205,0.000000
1190,-52.828160,137.049507,0.000000
1191,-52.815112,136.943918,0.000000
1192,-52.802061,136.838440,0.000000
1193,-52.789007,136.733071,0.000000
1194,-52.775949,136.627812,0.000000
1195,-52.762887,136.522662,0.000000
1196,-52.749822,136.417622,0.000000
1197,-52.736753,136.312691,0.000000
1198,-52.723680,136.207869,0.000000
1199,-52.710604,136.103156,0.000000
1200,-52.697524,135.998553,0.000000
1201,-52.684440,135.894058,0.000000
1202,-52.671352,135.789672,0.000000
1203,-52.658260,135.685395,0.000000
1204,-52.645165,135.581227,0.000000
1205,-52.632065,135.477167,0.000000
1206,-52.618961,135.373216,0.000000
1207,-52.605854,135.269374,0.000000
1208,-52.592742,135.165639,0.000000
1209,-52.579626,135.062013,0.000000
1210,-52.566505,134.958496,0.000000
1211,-52.553381,134.855086,0.000000
1212,-52.540252,134.751784,0.000000
1213,-52.527118,134.648591,0.000000
1214,-52.513981,134.545505,0.000000
1215,-52.500838,134.442527,0.000000
1216,-52.487692,134.339657,0.000000
1217,-52.474540,134.236895,0.000000
1218,-52.461384,134.134240,0.000000
1219,-52.448223,134.031692,0.000000
1220,-52.435058,133.929252,0.000000
1221,-52.421888,133.826919,0.000000
1222,-52.408713,133.724694,0.000000
1223,-52.395533,133.622575,0.000000
1224,-52.382347,133.520564,0.000000
1225,-52.369157,133.418659,0.000000
1226,-52.355962,133.316862,0.000000
1227,-52.342762,133.215171,0.000000
1228,-52.329556,133.113587,0.000000
1229,-52.316345,133.012110,0.000000
1230,-52.303129,132.910739,0.000000
1231,-52.289907,132.809475,0.000000
1232,-52.276680,132.708318,0.000000
1233,-52.263447,132.607266,0.000000
1234,-52.250209,132.506321,0.000000
1235,-52.236965,132.405482,0.000000
1236,-52.223715,132.304749,0.000000
1237,-52.210459,132.204122,0.000000
1238,-52.197198,132.103602,0.000000
1239,-52.183930,132.003187,0.000000
1240,-52.170657,131.902877,0.000000
1241,-52.157377,131.802674,0.000000
1242,-52.144091,131.702576,0.000000
1243,-52.130799,131.602584,0.000000
1244,-52.117500,131.502697,0.000000
1245,-52.104195,131.402915,0.000000
1246,-52.090883,131.303239,0.000000
1247,-52.077565,131.203669,0.000000
1248,-52.064240,131.104203,0.000000
1249,-52.050909,131.004842,0.000000
1250,-52.037570,130.905587,0.000000
1251,-52.024225,130.806436,0.000000
1252,-52.010873,130.707390,0.000000
1253,-51.997513,130.608449,0.000000
1254,-51.984146,130.509613,0.000000
1255,-51.970772,130.410882,0.000000
1256,-51.957391,130.312255,0.000000
1257,-51.944002,130.213732,0.000000
1258,-51.930606,130.115314,0.000000
1259,-51.917202,130.017000,0.000000
1260,-51.903790,129.918791,0.000000
1261,-51.890370,129.820685,0.000000
1262,-51.876943,129.722684,0.000000
1263,-51.863507,129.624787,0.000000
1264,-51.850063,129.526994,0.000000
1265,-51.836611,129.429305,0.000000
1266,-51.823151,129.331719,0.000000
1267,-51.809682,129.234238,0.000000
1268,-51.796205,129.136860,0.000000
1269,-51.782719,129.039585,0.000000
1270,-51.769224,128.942414,0.000000
1271,-51.755720,128.845347,0.000000
1272,-51.742208,128.748383,0.000000
1273,-51.728686,128.651522,0.000000
1274,-51.715155,128.554765,0.000000
1275,-51.701615,128.458111,0.000000
1276,-51.688065,128.361559,0.000000
1277,-51.674506,128.265111,0.000000
1278,-51.660937,128.168766,0.000000
1279,-51.647358,128.072524,0.000000
1280,-51.633769,127.976385,0.000000
1281,-51.620171,127.880348,0.000000
1282,-51.606562,127.784414,0.000000
1283,-51.592943,127.688583,0.000000
1284,-51.579313,127.592854,0.000000
1285,-51.565673,127.497228,0.000000
1286,-51.552022,127.401704,0.000000
1287,-51.538360,127.306283,0.000000
1288,-51.524688,127.210964,0.000000
1289,-51.511004,127.115747,0.000000
1290,-51.497309,127.020632,0.000000
1291,-51.483603,126.925619,0.000000
1292,-51.469885,126.830708,0.000000
1293,-51.456156,126.735900,0.000000
1294,-51.442415,126.641193,0.000000
1295,-51.428662,126.546588,0.000000
1296,-51.414896,126.452085,0.000000
1297,-51.401119,126.357683,0.000000
1298,-51.387329,126.263383,0.000000
1299,-51.373527,126.169185,0.000000
1300,-51.359712,126.075088,0.000000
1301,-51.345884,125.981092,0.000000
1302,-51.332043,125.887198,0.000000
1303,-51.318189,125.793406,0.000000
1304,-51.304321,125.699714,0.000000
1305,-51.290440,125.606124,0.000000
1306,-51.276546,125.512635,0.000000
1307,-51.262637,125.419247,0.000000
1308,-51.248715,125.325959,0.000000
1309,-51.234778,125.232773,0.000000
1310,-51.220827,125.139688,0.000000
1311,-51.206862,125.046704,0.000000
1312,-51.192881,124.953820,0.000000
1313,-51.178886,124.861037,0.000000
1314,-51.164876,124.768355,0.000000
1315,-51.150850,124.675773,0.000000
1316,-51.136809,124.583292,0.000000
1317,-51.122753,124.490911,0.000000
1318,-51.108680,124.398630,0.000000
1319,-51.094591,124.306450,0.000000
1320,-51.080487,124.214371,0.000000
1321,-51.066365,124.122391,0.000000
1322,-51.052227,124.030512,0.000000
1323,-51.038072,123.938733,0.000000
1324,-51.023900,123.847054,0.000000
1325,-51.009711,123.755475,0.000000
1326,-50.995505,123.663996,0.000000
1327,-50.981280,123.572617,0.000000
1328,-50.967038,123.481337,0.000000
1329,-50.952777,123.390158,0.000000
1330,-50.938498,123.299078,0.000000
1331,-50.924200,123.208098,0.000000
1332,-50.909884,123.117218,0.000000
1333,-50.895548,123.026437,0.000000
1334,-50.881193,122.935755,0.000000
1335,-50.866818,122.845174,0.000000
1336,-50.852424,122.754691,0.000000
1337,-50.838009,122.664308,0.000000
1338,-50.823575,122.574025,0.000000
1339,-50.809119,122.483840,0.000000
1340,-50.794643,122.393755,0.000000
1341,-50.780145,122.303769,0.000000
1342,-50.765626,122.213883,0.000000
1343,-50.751086,122.124095,0.000000
1344,-50.736523,122.034407,0.000000
1345,-50.721938,121.944817,0.000000
1346,-50.707331,121.855326,0.000000
1347,-50.692701,121.765935,0.000000
1348,-50.678048,121.676642,0.000000
1349,-50.663371,121.587448,0.000000
1350,-50.648671,121.498353,0.000000
1351,-50.633947,121.409357,0.000000
1352,-50.619198,121.320459,0.000000
1353,-50.604425,121.231660,0.000000
1354,-50.589627,121.142959,0.000000
1355,-50.574803,121.054358,0.000000
1356,-50.559955,120.965854,0.000000
1357,-50.545080,120.877449,0.000000
1358,-50.530179,120.789143,0.000000
1359,-50.515251,120.700935,0.000000
1360,-50.500296,120.612826,0.000000
1361,-50.485314,120.524814,0.000000
1362,-50.470305,120.436902,0.000000
1363,-50.455267,120.349087,0.000000
1364,-50.440201,120.261371,0.000000
1365,-50.425106,120.173752,0.000000
1366,-50.409983,120.086232,0.000000
1367,-50.394829,119.998811,0.000000
1368,-50.379646,119.911487,0.000000
1369,-50.364433,119.824261,0.000000
1370,-50.349188,119.737134,0.000000
1371,-50.333913,119.650104,0.000000
1372,-50.318606,119.563172,0.000000
1373,-50.303267,119.476339,0.000000
1374,-50.287896,119.389603,0.000000
1375,-50.272492,119.302965,0.000000
1376,-50.257055,119.216425,0.000000
1377,-50.241584,119.129983,0.000000
1378,-50.226079,119.043639,0.000000
1379,-50.210539,118.957392,0.000000
1380,-50.194964,118.871244,0.000000
1381,-50.179354,118.785193,0.000000
1382,-50.163707,118.699239,0.000000
1383,-50.148024,118.613384,0.000000
1384,-50.132304,118.527626,0.000000
1385,-50.116547,118.441966,0.000000
1386,-50.100751,118.356403,0.000000
1387,-50.084917,118.270938,0.000000
1388,-50.069043,118.185571,0.000000
1389,-50.053130,118.100301,0.000000
1390,-50.037177,118.015129,0.000000
1391,-50.021183,117.930055,0.000000
1392,-50.005147,117.845078,0.000000
1393,-49.989070,117.760198,0.000000
1394,-49.972950,117.675416,0.000000
1395,-49.956786,117.590732,0.000000
1396,-49.940579,117.506145,0.000000
1397,-49.924328,117.421655,0.000000
1398,-49.908032,117.337264,0.000000
1399,-49.891690,117.252969,0.000000
1400,-49.875301,117.168772,0.000000
1401,-49.858866,117.084673,0.000000
1402,-49.842383,117.000671,0.000000
1403,-49.825851,116.916766,0.000000
1404,-49.809270,116.832959,0.000000
1405,-49.792640,116.749249,0.000000
1406,-49.775959,116.665637,0.000000
1407,-49.759226,116.582123,0.000000
1408,-49.742442,116.498706,0.000000
1409,-49.725605,116.415386,0.000000
1410,-49.708714,116.332164,0.000000
1411,-49.691769,116.249039,0.000000
1412,-49.674768,116.166012,0.000000
1413,-49.657711,116.083082,0.000000
1414,-49.640598,116.000250,0.000000
1415,-49.623426,115.917516,0.000000
1416,-49.606196,115.834879,0.000000
1417,-49.588906,115.752339,0.000000
1418,-49.571556,115.669898,0.000000
1419,-49.554144,115.587553,0.000000
1420,-49.536670,115.505307,0.000000
1421,-49.519132,115.423158,0.000000
1422,-49.501530,115.341107,0.000000
1423,-49.483863,115.259153,0.000000
1424,-49.466129,115.177298,0.000000
1425,-49.448327,115.095540,0.000000
1426,-49.430457,115.013879,0.000000
1427,-49.412517,114.932317,0.000000
1428,-49.394506,114.850853,0.000000
1429,-49.376423,114.769486,0.000000
1430,-49.358267,114.688218,0.000000
1431,-49.340037,114.607047,0.000000
1432,-49.321731,114.525974,0.000000
1433,-49.303348,114.445000,0.000000
1434,-49.284887,114.364123,0.000000
1435,-49.266346,114.283345,0.000000
1436,-49.247724,114.202665,0.000000
1437,-49.229021,114.122083,0.000000
1438,-49.210233,114.041600,0.000000
1439,-49.191361,113.961215,0.000000
1440,-49.172402,113.880928,0.000000
1441,-49.153355,113.800740,0.000000
1442,-49.134218,113.720651,0.000000
1443,-49.114990,113.640660,0.000000
1444,-49.095669,113.560767,0.000000
1445,-49.076254,113.480974,0.000000
1446,-49.056743,113.401279,0.000000
1447,-49.037134,113.321684,0.000000
1448,-49.017425,113.242187,0.000000
1449,-48.997615,113.162790,0.000000
1450,-48.977702,113.083491,0.000000
1451,-48.957683,113.004292,0.000000
1452,-48.937557,112.925193,0.000000
1453,-48.917321,112.846192,0.000000
1454,-48.896975,112.767292,0.000000
1455,-48.876515,112.688491,0.000000
1456,-48.855939,112.609789,0.000000
1457,-48.835246,112.531188,0.000000
1458,-48.814432,112.452686,0.000000
1459,-48.793496,112.374285,0.000000
1460,-48.772435,112.295984,0.000000
1461,-48.751247,112.217783,0.000000
1462,-48.729929,112.139683,0.000000
1463,-48.708478,112.061684,0.000000
1464,-48.686892,111.983785,0.000000
1465,-48.665168,111.905987,0.000000
1466,-48.643304,111.828290,0.000000
1467,-48.621295,111.750694,0.000000
1468,-48.599140,111.673200,0.000000
1469,-48.576834,111.595807,0.000000
1470,-48.554376,111.518515,0.000000
1471,-48.531761,111.441326,0.000000
1472,-48.508987,111.364239,0.000000
1473,-48.486049,111.287254,0.000000
1474,-48.462944,111.210371,0.000000
1475,-48.439669,111.133591,0.000000
1476,-48.416219,111.056913,0.000000
1477,-48.392590,110.980339,0.000000
1478,-48.368780,110.903867,0.000000
1479,-48.344782,110.827500,0.000000
1480,-48.320593,110.751235,0.000000
1481,-48.296209,110.675075,0.000000
1482,-48.271625,110.599019,0.000000
1483,-48.246836,110.523067,0.000000
1484,-48.221836,110.447220,0.000000
1485,-48.196622,110.371477,0.000000
1486,-48.171187,110.295840,0.000000
1487,-48.145526,110.220308,0.000000
1488,-48.119633,110.144882,0.000000
1489,-48.093503,110.069562,0.000000
1490,-48.067129,109.994348,0.000000
1491,-48.040505,109.919241,0.000000
1492,-48.013624,109.844241,0.000000
1493,-47.986480,109.769348,0.000000
1494,-47.959065,109.694562,0.000000
1495,-47.931372,109.619885,0.000000
1496,-47.903393,109.545316,0.000000
1497,-47.875121,109.470856,0.000000
1498,-47.846546,109.396505,0.000000
1499,-47.817661,109.322264,0.000000
1500,-47.788457,109.248133,0.000000
1501,-47.758923,109.174112,0.000000
1502,-47.729050,109.100202,0.000000
1503,-47.698829,109.026403,0.000000
1504,-47.668247,108.952717,0.000000
1505,-47.637295,108.879142,0.000000
1506,-47.605960,108.805681,0.000000
1507,-47.574231,108.732333,0.000000
1508,-47.542094,108.659099,0.000000
1509,-47.509537,108.585979,0.000000
1510,-47.476545,108.512975,0.000000
1511,-47.443103,108.440087,0.000000
1512,-47.409197,108.367315,0.000000
1513,-47.374810,108.294660,0.000000
1514,-47.339926,108.222123,0.000000
1515,-47.304525,108.149705,0.000000
1516,-47.268590,108.077406,0.000000
1517,-47.232101,108.005227,0.000000
1518,-47.195037,107.933169,0.000000
1519,-47.157376,107.861233,0.000000
1520,-47.119094,107.789420,0.000000
1521,-47.080167,107.717730,0.000000
1522,-47.040569,107.646165,0.000000
1523,-47.000272,107.574726,0.000000
1524,-46.959248,107.503413,0.000000
1525,-46.917464,107.432228,0.000000
1526,-46.874887,107.361172,0.000000
1527,-46.831483,107.290246,0.000000
1528,-46.787214,107.219452,0.000000
1529,-46.742040,107.148790,0.000000
1530,-46.695918,107.078263,0.000000
1531,-46.648801,107.007871,0.000000
1532,-46.600641,106.937617,0.000000
1533,-46.551385,106.867501,0.000000
1534,-46.500975,106.797526,0.000000
1535,-46.449351,106.727693,0.000000
1536,-46.396446,106.658004,0.000000
1537,-46.342189,106.588462,0.000000
1538,-46.286501,106.519068,0.000000
1539,-46.229300,106.449824,0.000000
1540,-46.170491,106.380734,0.000000
1541,-46.109977,106.311799,0.000000
1542,-46.047645,106.243023,0.000000
1543,-45.983378,106.174407,0.000000
1544,-45.917041,106.105957,0.000000
1545,-45.848488,106.037673,0.000000
1546,-45.777559,105.969561,0.000000
1547,-45.704073,105.901624,0.000000
1548,-45.627830,105.833866,0.000000
1549,-45.548604,105.766291,0.000000
1550,-45.466145,105.698905,0.000000
1551,-45.380167,105.631712,0.000000
1552,-45.290346,105.564719,0.000000
1553,-45.196313,105.497931,0.000000
1554,-45.097646,105.431355,0.000000
1555,-44.993853,105.365000,0.000000
1556,-44.884366,105.298873,0.000000
1557,-44.768518,105.232983,0.000000
1558,-44.645518,105.167341,0.000000
1559,-44.514425,105.101959,0.000000
1560,-44.374102,105.036850,0.000000
1561,-44.223160,104.972029,0.000000
1562,-44.059882,104.907514,0.000000
1563,-43.882105,104.843325,0.000000
1564,-43.687065,104.779485,0.000000
1565,-43.471145,104.716024,0.000000
1566,-43.229496,104.652975,0.000000
1567,-42.955420,104.590382,0.000000
1568,-42.639320,104.528297,0.000000
1569,-42.266788,104.466792,0.000000
1570,-41.814889,104.405958,0.000000
1571,-41.244089,104.345928,0.000000
1572,-40.478292,104.286900,0.000000
1573,-39.344588,104.229197,0.000000
1574,-37.325330,104.173432,0.000000
1575,-31.722911,104.121078,0.000000
1576,0.000000,104.078106,1.000000
1577,-46.000000,204.088041,0.000000
1578,-45.983153,203.937967,0.000000
1579,-45.965691,203.788047,0.000000
1580,-45.947588,203.638281,0.000000
1581,-45.928816,203.488670,0.000000
1582,-45.909349,203.339214,0.000000
1583,-45.889155,203.189916,0.000000
1584,-45.868203,203.040776,0.000000
1585,-45.846458,202.891795,0.000000
1586,-45.823885,202.742974,0.000000
1587,-45.800445,202.594315,0.000000
1588,-45.776096,202.445819,0.000000
1589,-45.750795,202.297488,0.000000
1590,-45.724494,202.149322,0.000000
1591,-45.697143,202.001323,0.000000
1592,-45.668686,201.853494,0.000000
1593,-45.639066,201.705835,0.000000
1594,-45.608220,201.558348,0.000000
1595,-45.576078,201.411036,0.000000
1596,-45.542567,201.263900,0.000000
1597,-45.507607,201.116942,0.000000
1598,-45.471110,200.970165,0.000000
1599,-45.432982,200.823572,0.000000
1600,-45.393118,200.677164,0.000000
1601,-45.351405,200.530944,0.000000
1602,-45.307719,200.384916,0.000000
1603,-45.261921,200.239082,0.000000
1604,-45.213859,200.093447,0.000000
1605,-45.163366,199.948012,0.000000
1606,-45.110254,199.802783,0.000000
1607,-45.054313,199.657764,0.000000
1608,-44.995310,199.512959,0.000000
1609,-44.932979,199.368372,0.000000
1610,-44.867021,199.224010,0.000000
1611,-44.797098,199.079879,0.000000
1612,-44.722819,198.935984,0.000000
1613,-44.643739,198.792332,0.000000
1614,-44.559338,198.648932,0.000000
1615,-44.469012,198.505793,0.000000
1616,-44.372051,198.362923,0.000000
1617,-44.267611,198.220334,0.000000
1618,-44.154683,198.078037,0.000000
1619,-44.032042,197.936048,0.000000
1620,-43.898187,197.794381,0.000000
1621,-43.751248,197.653056,0.000000
1622,-43.588862,197.512093,0.000000
1623,-43.407978,197.371518,0.000000
1624,-43.204577,197.231361,0.000000
1625,-42.973214,197.091661,0.000000
1626,-42.706274,196.952463,0.000000
1627,-42.392677,196.813825,0.000000
1628,-42.015469,196.675826,0.000000
1629,-41.546955,196.538570,0.000000
1630,-40.937703,196.402210,0.000000
1631,-40.087564,196.266978,0.000000
1632,-38.749704,196.133277,0.000000
1633,-36.065888,196.001916,0.000000
1634,-25.557618,195.875138,0.000000
1635,0.000000,195.765979,1.000000
1636,-46.000000,295.699508,0.000000
1637,-46.028959,295.473091,0.000000
1638,-46.058723,295.246816,0.000000
1639,-46.089300,295.020679,0.000000
1640,-46.120700,294.794679,0.000000
1641,-46.152930,294.568816,0.000000
1642,-46.185999,294.343087,0.000000
1643,-46.219912,294.117491,0.000000
1644,-46.254675,293.892027,0.000000
1645,-46.290291,293.666692,0.000000
1646,-46.326765,293.441486,0.000000
1647,-46.364100,293.216407,0.000000
1648,-46.402295,292.991453,0.000000
1649,-46.441352,292.766623,0.000000
1650,-46.481270,292.541915,0.000000
1651,-46.522047,292.317328,0.000000
1652,-46.563681,292.092860,0.000000
1653,-46.606166,291.868510,0.000000
1654,-46.649499,291.644276,0.000000
1655,-46.693672,291.420157,0.000000
1656,-46.738679,291.196151,0.000000
1657,-46.784511,290.972256,0.000000
1658,-46.831159,290.748472,0.000000
1659,-46.878613,290.524796,0.000000
1660,-46.926861,290.301228,0.000000
1661,-46.975891,290.077765,0.000000
1662,-47.025690,289.854407,0.000000
1663,-47.076244,289.631152,0.000000
1664,-47.127538,289.407999,0.000000
1665,-47.179556,289.184947,0.000000
1666,-47.232282,288.961993,0.000000
1667,-47.285699,288.739138,0.000000
1668,-47.339789,288.516379,0.000000
1669,-47.394534,288.293716,0.000000
1670,-47.449915,288.071147,0.000000
1671,-47.505912,287.848671,0.000000
1672,-47.562506,287.626287,0.000000
1673,-47.619678,287.403995,0.000000
1674,-47.677405,287.181792,0.000000
1675,-47.735668,286.959678,0.000000
1676,-47.794446,286.737652,0.000000
1677,-47.853717,286.515713,0.000000
1678,-47.913461,286.293861,0.000000
1679,-47.973656,286.072093,0.000000
1680,-48.034281,285.850411,0.000000
1681,-48.095313,285.628811,0.000000
1682,-48.156734,285.407295,0.000000
1683,-48.218520,285.185861,0.000000
1684,-48.280651,284.964509,0.000000
1685,-48.343106,284.743237,0.000000
1686,-48.405864,284.522046,0.000000
1687,-48.468906,284.300935,0.000000
1688,-48.532210,284.079902,0.000000
1689,-48.595757,283.858949,0.000000
1690,-48.659527,283.638073,0.000000
1691,-48.723502,283.417276,0.000000
1692,-48.787661,283.196555,0.000000
1693,-48.851987,282.975912,0.000000
1694,-48.916462,282.755346,0.000000
1695,-48.981067,282.534855,0.000000
1696,-49.045785,282.314441,0.000000
1697,-49.110599,282.094103,0.000000
1698,-49.175493,281.873840,0.000000
1699,-49.240450,281.653653,0.000000
1700,-49.305455,281.433541,0.000000
1701,-49.370492,281.213504,0.000000
1702,-49.435548,280.993542,0.000000
1703,-49.500606,280.773654,0.000000
1704,-49.565653,280.553842,0.000000
1705,-49.630676,280.334104,0.000000
1706,-49.695662,280.114442,0.000000
1707,-49.760597,279.894853,0.000000
1708,-49.825470,279.675340,0.000000
1709,-49.890269,279.455901,0.000000
1710,-49.954981,279.236538,0.000000
1711,-50.019597,279.017249,0.000000
1712,-50.084105,278.798035,0.000000
1713,-50.148495,278.578897,0.000000
1714,-50.212758,278.359834,0.000000
1715,-50.276883,278.140846,0.000000
1716,-50.340862,277.921934,0.000000
1717,-50.404686,277.703097,0.000000
1718,-50.468346,277.484337,0.000000
1719,-50.531834,277.265653,0.000000
1720,-50.595142,277.047045,0.000000
1721,-50.658264,276.828514,0.000000
1722,-50.721191,276.610060,0.000000
1723,-50.783918,276.391682,0.000000
1724,-50.846437,276.173383,0.000000
1725,-50.908742,275.955161,0.000000
1726,-50.970827,275.737017,0.000000
1727,-51.032687,275.518952,0.000000
1728,-51.094316,275.300965,0.000000
1729,-51.155709,275.083057,0.000000
1730,-51.216861,274.865228,0.000000
1731,-51.277768,274.647479,0.000000
1732,-51.338424,274.429810,0.000000
1733,-51.398825,274.212221,0.000000
1734,-51.458969,273.994712,0.000000
1735,-51.518850,273.777285,0.000000
1736,-51.578465,273.559939,0.000000
1737,-51.637810,273.342675,0.000000
1738,-51.696883,273.125493,0.000000
1739,-51.755681,272.908394,0.000000
1740,-51.814200,272.691378,0.000000
1741,-51.872438,272.474444,0.000000
1742,-51.930392,272.257595,0.000000
1743,-51.988059,272.040830,0.000000
1744,-52.045439,271.824149,0.000000
1745,-52.102527,271.607553,0.000000
1746,-52.159324,271.391043,0.000000
1747,-52.215825,271.174618,0.000000
1748,-52.272031,270.958279,0.000000
1749,-52.327939,270.742027,0.000000
1750,-52.383548,270.525862,0.000000
1751,-52.438856,270.309785,0.000000
1752,-52.493863,270.093795,0.000000
1753,-52.548567,269.877894,0.000000
1754,-52.602967,269.662082,0.000000
1755,-52.657062,269.446358,0.000000
1756,-52.710851,269.230724,0.000000
1757,-52.764333,269.015181,0.000000
1758,-52.817509,268.799728,0.000000
1759,-52.870377,268.584365,0.000000
1760,-52.922936,268.369094,0.000000
1761,-52.975187,268.153915,0.000000
1762,-53.027129,267.938828,0.000000
1763,-53.078762,267.723834,0.000000
1764,-53.130085,267.508933,0.000000
1765,-53.181098,267.294125,0.000000
1766,-53.231801,267.079412,0.000000
1767,-53.282195,266.864793,0.000000
1768,-53.332279,266.650268,0.000000
1769,-53.382053,266.435839,0.000000
1770,-53.431517,266.221506,0.000000
1771,-53.480672,266.007269,0.000000
1772,-53.529518,265.793128,0.000000
1773,-53.578054,265.579085,0.000000
1774,-53.626282,265.365139,0.000000
1775,-53.674202,265.151291,0.000000
1776,-53.721814,264.937541,0.000000
1777,-53.769118,264.723890,0.000000
1778,-53.816116,264.510338,0.000000
1779,-53.862807,264.296886,0.000000
1780,-53.909192,264.083534,0.000000
1781,-53.955271,263.870282,0.000000
1782,-54.001046,263.657132,0.000000
1783,-54.046517,263.444082,0.000000
1784,-54.091684,263.231135,0.000000
1785,-54.136548,263.018289,0.000000
1786,-54.181111,262.805547,0.000000
1787,-54.225372,262.592907,0.000000
1788,-54.269332,262.380370,0.000000
1789,-54.312993,262.167938,0.000000
1790,-54.356355,261.955610,0.000000
1791,-54.399418,261.743386,0.000000
1792,-54.442184,261.531267,0.000000
1793,-54.484654,261.319254,0.000000
1794,-54.526829,261.107347,0.000000
1795,-54.568708,260.895546,0.000000
1796,-54.610294,260.683852,0.000000
1797,-54.651587,260.472265,0.000000
1798,-54.692588,260.260786,0.000000
1799,-54.733298,260.049414,0.000000
1800,-54.773719,259.838151,0.000000
1801,-54.813850,259.626996,0.000000
1802,-54.853693,259.415951,0.000000
1803,-54.893250,259.205014,0.000000
1804,-54.932520,258.994188,0.000000
1805,-54.971505,258.783472,0.000000
1806,-55.010207,258.572867,0.000000
1807,-55.048626,258.362372,0.000000
1808,-55.086763,258.151989,0.000000
1809,-55.124619,257.941718,0.000000
1810,-55.162195,257.731559,0.000000
1811,-55.199493,257.521512,0.000000
1812,-55.236514,257.311579,0.000000
1813,-55.273258,257.101758,0.000000
1814,-55.309726,256.892051,0.000000
1815,-55.345920,256.682458,0.000000
1816,-55.381842,256.472980,0.000000
1817,-55.417491,256.263616,0.000000
1818,-55.452869,256.054367,0.000000
1819,-55.487977,255.845234,0.000000
1820,-55.522817,255.636216,0.000000
1821,-55.557389,255.427314,0.000000
1822,-55.591694,255.218529,0.000000
1823,-55.625734,255.009861,0.000000
1824,-55.659510,254.801310,0.000000
1825,-55.693023,254.592876,0.000000
1826,-55.726274,254.384561,0.000000
1827,-55.759264,254.176363,0.000000
1828,-55.791994,253.968284,0.000000
1829,-55.824466,253.760324,0.000000
1830,-55.856680,253.552483,0.000000
1831,-55.888638,253.344761,0.000000
1832,-55.920341,253.137159,0.000000
1833,-55.951790,252.929678,0.000000
1834,-55.982986,252.722317,0.000000
1835,-56.013930,252.515077,0.000000
1836,-56.044623,252.307957,0.000000
1837,-56.075067,252.100960,0.000000
1838,-56.105263,251.894084,0.000000
1839,-56.135211,251.687330,0.000000
1840,-56.164914,251.480699,0.000000
1841,-56.194371,251.274190,0.000000
1842,-56.223584,251.067804,0.000000
1843,-56.252555,250.861542,0.000000
1844,-56.281284,250.655403,0.000000
1845,-56.309773,250.449388,0.000000
1846,-56.338023,250.243497,0.000000
1847,-56.366034,250.037731,0.000000
1848,-56.393808,249.832089,0.000000
1849,-56.421346,249.626573,0.000000
1850,-56.448649,249.421182,0.000000
1851,-56.475719,249.215916,0.000000
1852,-56.502556,249.010777,0.000000
1853,-56.529161,248.805764,0.000000
1854,-56.555536,248.600877,0.000000
1855,-56.581682,248.396117,0.000000
1856,-56.607599,248.191484,0.000000
1857,-56.633289,247.986978,0.000000
1858,-56.658754,247.782600,0.000000
1859,-56.683993,247.578350,0.000000
1860,-56.709008,247.374228,0.000000
1861,-56.733801,247.170235,0.000000
1862,-56.758372,246.966370,0.000000
1863,-56.782723,246.762634,0.000000
1864,-56.806854,246.559027,0.000000
1865,-56.830767,246.355550,0.000000
1866,-56.854462,246.152202,0.000000
1867,-56.877941,245.948985,0.000000
1868,-56.901205,245.745897,0.000000
1869,-56.924255,245.542941,0.000000
1870,-56.947091,245.340114,0.000000
1871,-56.969716,245.137419,0.000000
1872,-56.992129,244.934855,0.000000
1873,-57.014333,244.732422,0.000000
1874,-57.036328,244.530122,0.000000
1875,-57.058114,244.327953,0.000000
1876,-57.079694,244.125916,0.000000
1877,-57.101069,243.924011,0.000000
1878,-57.122238,243.722240,0.000000
1879,-57.143204,243.520601,0.000000
1880,-57.163967,243.319095,0.000000
1881,-57.184529,243.117722,0.000000
1882,-57.204890,242.916483,0.000000
1883,-57.225051,242.715378,0.000000
1884,-57.245014,242.514407,0.000000
1885,-57.264779,242.313570,0.000000
1886,-57.284347,242.112867,0.000000
1887,-57.303720,241.912299,0.000000
1888,-57.322898,241.711866,0.000000
1889,-57.341882,241.511568,0.000000
1890,-57.360674,241.311405,0.000000
1891,-57.379274,241.111378,0.000000
1892,-57.397684,240.911486,0.000000
1893,-57.415904,240.711731,0.000000
1894,-57.433935,240.512111,0.000000
1895,-57.451778,240.312628,0.000000
1896,-57.469435,240.113281,0.000000
1897,-57.486905,239.914071,0.000000
1898,-57.504191,239.714998,0.000000
1899,-57.521293,239.516061,0.000000
1900,-57.538212,239.317262,0.000000
1901,-57.554949,239.118601,0.000000
1902,-57.571504,238.920077,0.000000
1903,-57.587880,238.721691,0.000000
1904,-57.604076,238.523444,0.000000
1905,-57.620094,238.325334,0.000000
1906,-57.635935,238.127363,0.000000
1907,-57.651599,237.929530,0.000000
1908,-57.667088,237.731836,0.000000
1909,-57.682402,237.534281,0.000000
1910,-57.697543,237.336865,0.000000
1911,-57.712510,237.139588,0.000000
1912,-57.727306,236.942451,0.000000
1913,-57.741931,236.745454,0.000000
1914,-57.756386,236.548596,0.000000
1915,-57.770671,236.351878,0.000000
1916,-57.784788,236.155300,0.000000
1917,-57.798738,235.958863,0.000000
1918,-57.812521,235.762566,0.000000
1919,-57.826139,235.566410,0.000000
1920,-57.839591,235.370394,0.000000
1921,-57.852880,235.174520,0.000000
1922,-57.866006,234.978786,0.000000
1923,-57.878970,234.783194,0.000000
1924,-57.891772,234.587743,0.000000
1925,-57.904413,234.392433,0.000000
1926,-57.916895,234.197266,0.000000
1927,-57.929219,234.002240,0.000000
1928,-57.941384,233.807356,0.000000
1929,-57.953392,233.612614,0.000000
1930,-57.965244,233.418015,0.000000
1931,-57.976940,233.223557,0.000000
1932,-57.988482,233.029243,0.000000
1933,-57.999870,232.835071,0.000000
1934,-58.011105,232.641042,0.000000
1935,-58.022188,232.447156,0.000000
1936,-58.033119,232.253413,0.000000
1937,-58.043900,232.059813,0.000000
1938,-58.054532,231.866357,0.000000
1939,-58.065014,231.673044,0.000000
1940,-58.075348,231.479875,0.000000
1941,-58.085535,231.286849,0.000000
1942,-58.095575,231.093968,0.000000
1943,-58.105470,230.901230,0.000000
1944,-58.115219,230.708637,0.000000
1945,-58.124825,230.516188,0.000000
1946,-58.134286,230.323883,0.000000
1947,-58.143606,230.131722,0.000000
1948,-58.152783,229.939707,0.000000
1949,-58.161819,229.747836,0.000000
1950,-58.170715,229.556109,0.000000
1951,-58.179472,229.364528,0.000000
1952,-58.188089,229.173092,0.000000
1953,-58.196568,228.981801,0.000000
1954,-58.204910,228.790655,0.000000
1955,-58.213116,228.599655,0.000000
1956,-58.221185,228.408800,0.000000
1957,-58.229120,228.218090,0.000000
1958,-58.236920,228.027527,0.000000
1959,-58.244587,227.837109,0.000000
1960,-58.252120,227.646837,0.000000
1961,-58.259521,227.456711,0.000000
1962,-58.266791,227.266731,0.000000
1963,-58.273930,227.076898,0.000000
1964,-58.280940,226.887210,0.000000
1965,-58.287819,226.697670,0.000000
1966,-58.294570,226.508275,0.000000
1967,-58.301194,226.319027,0.000000
1968,-58.307690,226.129926,0.000000
1969,-58.314059,225.940972,0.000000
1970,-58.320303,225.752164,0.000000
1971,-58.326421,225.563503,0.000000
1972,-58.332415,225.374990,0.000000
1973,-58.338286,225.186623,0.000000
1974,-58.344033,224.998404,0.000000
1975,-58.349658,224.810332,0.000000
1976,-58.355161,224.622407,0.000000
1977,-58.360543,224.434630,0.000000
1978,-58.365804,224.247000,0.000000
1979,-58.370946,224.059518,0.000000
1980,-58.375969,223.872183,0.000000
1981,-58.380874,223.684997,0.000000
1982,-58.385661,223.497958,0.000000
1983,-58.390330,223.311067,0.000000
1984,-58.394883,223.124324,0.000000
1985,-58.399321,222.937729,0.000000
1986,-58.403643,222.751282,0.000000
1987,-58.407851,222.564983,0.000000
1988,-58.411945,222.378832,0.000000
1989,-58.415925,222.192830,0.000000
1990,-58.419793,222.006976,0.000000
1991,-58.423549,221.821271,0.000000
1992,-58.427194,221.635714,0.000000
1993,-58.430728,221.450305,0.000000
1994,-58.434152,221.265045,0.000000
1995,-58.437466,221.079934,0.000000
1996,-58.440672,220.894972,0.000000
1997,-58.443769,220.710158,0.000000
1998,-58.446758,220.525493,0.000000
1999,-58.449641,220.340978,0.000000
