0,-58.000000,0.000000,0.000000
1,-57.691801,0.000000,0.000000
2,-57.387784,0.000822,0.000000
3,-57.087880,0.002454,0.000000
4,-56.792019,0.004885,0.000000
5,-56.500129,0.008103,0.000000
6,-56.212137,0.012097,0.000000
7,-55.927969,0.016856,0.000000
8,-55.647550,0.022371,0.000000
9,-55.370803,0.028629,0.000000
10,-55.097648,0.035621,0.000000
11,-54.828005,0.043337,0.000000
12,-54.561789,0.051767,0.000000
13,-54.298913,0.060901,0.000000
14,-54.039286,0.070730,0.000000
15,-53.782814,0.081244,0.000000
16,-53.529398,0.092436,0.000000
17,-53.278936,0.104296,0.000000
18,-53.031317,0.116816,0.000000
19,-52.786429,0.129988,0.000000
20,-52.544150,0.143804,0.000000
21,-52.304350,0.158257,0.000000
22,-52.066893,0.173340,0.000000
23,-51.831632,0.189046,0.000000
24,-51.598411,0.205369,0.000000
25,-51.367062,0.222303,0.000000
26,-51.137401,0.239843,0.000000
27,-50.909233,0.257983,0.000000
28,-50.682343,0.276720,0.000000
29,-50.456498,0.296049,0.000000
30,-50.231440,0.315968,0.000000
31,-50.006890,0.336473,0.000000
32,-49.782533,0.357564,0.000000
33,-49.558023,0.379239,0.000000
34,-49.332971,0.401498,0.000000
35,-49.106937,0.424342,0.000000
36,-48.879427,0.447774,0.000000
37,-48.649870,0.471797,0.000000
38,-48.417611,0.496416,0.000000
39,-48.181890,0.521638,0.000000
40,-47.941811,0.547472,0.000000
41,-47.696309,0.573929,0.000000
42,-47.444106,0.601023,0.000000
43,-47.183639,0.628771,0.000000
44,-46.912975,0.657196,0.000000
45,-46.629674,0.686323,0.000000
46,-46.330591,0.716186,0.000000
47,-46.011581,0.746827,0.000000
48,-45.667018,0.778299,0.000000
49,-45.289002,0.810668,0.000000
50,-44.865961,0.844023,0.000000
51,-44.380028,0.878485,0.000000
52,-43.801635,0.914219,0.000000
53,-43.077029,0.951472,0.000000
54,-42.094299,0.990632,0.000000
55,-40.565286,1.032387,0.000000
56,-37.401794,1.078191,0.000000
57,-22.313211,1.132401,0.000000
58,0.000000,1.226811,1.000000
59,-58.000000,121.380659,0.000000
60,-57.785170,121.299739,0.000000
61,-57.573195,121.219445,0.000000
62,-57.364031,121.139770,0.000000
63,-57.157631,121.060707,0.000000
64,-56.953954,120.982246,0.000000
65,-56.752953,120.904380,0.000000
66,-56.554584,120.827103,0.000000
67,-56.358805,120.750406,0.000000
68,-56.165569,120.674282,0.000000
69,-55.974834,120.598725,0.000000
70,-55.786555,120.523726,0.000000
71,-55.600687,120.449279,0.000000
72,-55.417186,120.375378,0.000000
73,-55.236007,120.302015,0.000000
74,-55.057105,120.229185,0.000000
75,-54.880435,120.156879,0.000000
76,-54.705952,120.085094,0.000000
77,-54.533610,120.013821,0.000000
78,-54.363362,119.943056,0.000000
79,-54.195162,119.872791,0.000000
80,-54.028963,119.803022,0.000000
81,-53.864716,119.733743,0.000000
82,-53.702375,119.664948,0.000000
83,-53.541889,119.596632,0.000000
84,-53.383209,119.528789,0.000000
85,-53.226285,119.461415,0.000000
86,-53.071066,119.394504,0.000000
87,-52.917499,119.328051,0.000000
88,-52.765532,119.262052,0.000000
89,-52.615109,119.196503,0.000000
90,-52.466176,119.131398,0.000000
91,-52.318676,119.066734,0.000000
92,-52.172552,119.002507,0.000000
93,-52.027742,118.938712,0.000000
94,-51.884187,118.875345,0.000000
95,-51.741823,118.812404,0.000000
96,-51.600585,118.749884,0.000000
97,-51.460407,118.687783,0.000000
98,-51.321219,118.626096,0.000000
99,-51.182949,118.564822,0.000000
100,-51.045522,118.503958,0.000000
101,-50.908861,118.443501,0.000000
102,-50.772885,118.383448,0.000000
103,-50.637509,118.323798,0.000000
104,-50.502643,118.264549,0.000000
105,-50.368195,118.205699,0.000000
106,-50.234065,118.147246,0.000000
107,-50.100150,118.089191,0.000000
108,-49.966338,118.031531,0.000000
109,-49.832512,117.974266,0.000000
110,-49.698547,117.917397,0.000000
111,-49.564306,117.860922,0.000000
112,-49.429645,117.804844,0.000000
113,-49.294408,117.749161,0.000000
114,-49.158424,117.693877,0.000000
115,-49.021507,117.638992,0.000000
116,-48.883455,117.584508,0.000000
117,-48.744045,117.530430,0.000000
118,-48.603030,117.476759,0.000000
119,-48.460136,117.423499,0.000000
120,-48.315055,117.370657,0.000000
121,-48.167442,117.318236,0.000000
122,-48.016908,117.266244,0.000000
123,-47.863006,117.214688,0.000000
124,-47.705225,117.163577,0.000000
125,-47.542972,117.112921,0.000000
126,-47.375556,117.062731,0.000000
127,-47.202158,117.013021,0.000000
128,-47.021808,116.963806,0.000000
129,-46.833331,116.915106,0.000000
130,-46.635295,116.866940,0.000000
131,-46.425923,116.819335,0.000000
132,-46.202977,116.772319,0.000000
133,-45.963581,116.725930,0.000000
134,-45.703956,116.680210,0.000000
135,-45.419006,116.635212,0.000000
136,-45.101636,116.591005,0.000000
137,-44.741576,116.547673,0.000000
138,-44.323220,116.505331,0.000000
139,-43.821305,116.464132,0.000000
140,-43.191322,116.424299,0.000000
141,-42.344848,116.386173,0.000000
142,-41.070957,116.350329,0.000000
143,-38.681276,116.317906,0.000000
144,-30.783814,116.291877,0.000000
145,0.000000,116.286926,1.000000
146,-58.000000,236.364068,0.000000
147,-57.873619,236.206492,0.000000
148,-57.748834,236.049358,0.000000
149,-57.625620,235.892662,0.000000
150,-57.503956,235.736398,0.000000
151,-57.383818,235.580563,0.000000
152,-57.265183,235.425153,0.000000
153,-57.148029,235.270162,0.000000
154,-57.032334,235.115588,0.000000
155,-56.918075,234.961424,0.000000
156,-56.805232,234.807668,0.000000
157,-56.693782,234.654316,0.000000
158,-56.583705,234.501363,0.000000
159,-56.474978,234.348806,0.000000
160,-56.367583,234.196640,0.000000
161,-56.261497,234.044862,0.000000
162,-56.156701,233.893468,0.000000
163,-56.053175,233.742455,0.000000
164,-55.950898,233.591818,0.000000
165,-55.849851,233.441554,0.000000
166,-55.750014,233.291660,0.000000
167,-55.651368,233.142133,0.000000
168,-55.553895,232.992968,0.000000
169,-55.457574,232.844162,0.000000
170,-55.362387,232.695712,0.000000
171,-55.268316,232.547615,0.000000
172,-55.175342,232.399868,0.000000
173,-55.083447,232.252467,0.000000
174,-54.992613,232.105410,0.000000
175,-54.902823,231.958693,0.000000
176,-54.814058,231.812313,0.000000
177,-54.726301,231.666267,0.000000
178,-54.639535,231.520553,0.000000
179,-54.553743,231.375167,0.000000
180,-54.468908,231.230107,0.000000
181,-54.385012,231.085370,0.000000
182,-54.302040,230.940953,0.000000
183,-54.219975,230.796854,0.000000
184,-54.138800,230.653069,0.000000
185,-54.058500,230.509597,0.000000
186,-53.979057,230.366435,0.000000
187,-53.900457,230.223580,0.000000
188,-53.822684,230.081029,0.000000
189,-53.745722,229.938781,0.000000
190,-53.669555,229.796834,0.000000
191,-53.594169,229.655184,0.000000
192,-53.519547,229.513829,0.000000
193,-53.445675,229.372768,0.000000
194,-53.372539,229.231998,0.000000
195,-53.300123,229.091516,0.000000
196,-53.228412,228.951322,0.000000
197,-53.157392,228.811412,0.000000
198,-53.087049,228.671784,0.000000
199,-53.017367,228.532438,0.000000
200,-52.948334,228.393370,0.000000
201,-52.879934,228.254579,0.000000
202,-52.812154,228.116062,0.000000
203,-52.744980,227.977819,0.000000
204,-52.678398,227.839848,0.000000
205,-52.612394,227.702145,0.000000
206,-52.546954,227.564711,0.000000
207,-52.482066,227.427542,0.000000
208,-52.417714,227.290639,0.000000
209,-52.353887,227.153998,0.000000
210,-52.290570,227.017618,0.000000
211,-52.227751,226.881498,0.000000
212,-52.165415,226.745636,0.000000
213,-52.103550,226.610032,0.000000
214,-52.042143,226.474682,0.000000
215,-51.981181,226.339587,0.000000
216,-51.920650,226.204744,0.000000
217,-51.860537,226.070152,0.000000
218,-51.800829,225.935811,0.000000
219,-51.741514,225.801718,0.000000
220,-51.682579,225.667873,0.000000
221,-51.624009,225.534274,0.000000
222,-51.565793,225.400921,0.000000
223,-51.507918,225.267811,0.000000
224,-51.450370,225.134945,0.000000
225,-51.393136,225.002321,0.000000
226,-51.336203,224.869937,0.000000
227,-51.279558,224.737794,0.000000
228,-51.223188,224.605890,0.000000
229,-51.167080,224.474225,0.000000
230,-51.111220,224.342796,0.000000
231,-51.055594,224.211605,0.000000
232,-51.000190,224.080649,0.000000
233,-50.944993,223.949928,0.000000
234,-50.889990,223.819441,0.000000
235,-50.835167,223.689188,0.000000
236,-50.780509,223.559168,0.000000
237,-50.726003,223.429381,0.000000
238,-50.671634,223.299825,0.000000
239,-50.617388,223.170501,0.000000
240,-50.563248,223.041408,0.000000
241,-50.509201,222.912545,0.000000
242,-50.455231,222.783912,0.000000
243,-50.401322,222.655509,0.000000
244,-50.347458,222.527335,0.000000
245,-50.293623,222.399390,0.000000
246,-50.239800,222.271674,0.000000
247,-50.185971,222.144187,0.000000
248,-50.132120,222.016928,0.000000
249,-50.078228,221.889898,0.000000
250,-50.024276,221.763096,0.000000
251,-49.970246,221.636523,0.000000
252,-49.916117,221.510178,0.000000
253,-49.861869,221.384061,0.000000
254,-49.807482,221.258174,0.000000
255,-49.752932,221.132515,0.000000
256,-49.698199,221.007086,0.000000
257,-49.643257,220.881886,0.000000
258,-49.588083,220.756916,0.000000
259,-49.532651,220.632176,0.000000
260,-49.476934,220.507668,0.000000
261,-49.420904,220.383391,0.000000
262,-49.364533,220.259346,0.000000
263,-49.307790,220.135535,0.000000
264,-49.250642,220.011957,0.000000
265,-49.193055,219.888614,0.000000
266,-49.134994,219.765507,0.000000
267,-49.076422,219.642636,0.000000
268,-49.017298,219.520004,0.000000
269,-48.957579,219.397611,0.000000
270,-48.897221,219.275459,0.000000
271,-48.836176,219.153550,0.000000
272,-48.774393,219.031884,0.000000
273,-48.711817,218.910465,0.000000
274,-48.648390,218.789293,0.000000
275,-48.584049,218.668371,0.000000
276,-48.518725,218.547701,0.000000
277,-48.452348,218.427286,0.000000
278,-48.384836,218.307129,0.000000
279,-48.316106,218.187231,0.000000
280,-48.246064,218.067597,0.000000
281,-48.174610,217.948229,0.000000
282,-48.101632,217.829131,0.000000
283,-48.027009,217.710307,0.000000
284,-47.950608,217.591762,0.000000
285,-47.872281,217.473499,0.000000
286,-47.791867,217.355524,0.000000
287,-47.709183,217.237842,0.000000
288,-47.624028,217.120459,0.000000
289,-47.536175,217.003381,0.000000
290,-47.445369,216.886616,0.000000
291,-47.351322,216.770170,0.000000
292,-47.253704,216.654053,0.000000
293,-47.152141,216.538274,0.000000
294,-47.046201,216.422843,0.000000
295,-46.935381,216.307771,0.000000
296,-46.819098,216.193072,0.000000
297,-46.696663,216.078759,0.000000
298,-46.567259,215.964849,0.000000
299,-46.429905,215.851359,0.000000
300,-46.283411,215.738312,0.000000
301,-46.126316,215.625731,0.000000
302,-45.956799,215.513643,0.000000
303,-45.772550,215.402083,0.000000
304,-45.570590,215.291088,0.000000
305,-45.346980,215.180706,0.000000
306,-45.096379,215.070993,0.000000
307,-44.811301,214.962022,0.000000
308,-44.480836,214.853884,0.000000
309,-44.088253,214.746700,0.000000
310,-43.606171,214.640633,0.000000
311,-42.985616,214.535923,0.000000
312,-42.127181,214.432937,0.000000
313,-40.785419,214.332310,0.000000
314,-38.105845,214.235327,0.000000
315,-27.642408,214.145554,0.000000
316,0.000000,214.083744,1.000000
317,-58.000000,334.095689,0.000000
318,-57.948797,333.872958,0.000000
319,-57.898119,333.650513,0.000000
320,-57.847958,333.428351,0.000000
321,-57.798307,333.206471,0.000000
322,-57.749159,332.984871,0.000000
323,-57.700507,332.763550,0.000000
324,-57.652344,332.542506,0.000000
325,-57.604664,332.321738,0.000000
326,-57.557460,332.101245,0.000000
327,-57.510725,331.881024,0.000000
328,-57.464452,331.661075,0.000000
329,-57.418636,331.441396,0.000000
330,-57.373270,331.221985,0.000000
331,-57.328348,331.002842,0.000000
332,-57.283863,330.783964,0.000000
333,-57.239810,330.565351,0.000000
334,-57.196183,330.347002,0.000000
335,-57.152976,330.128914,0.000000
336,-57.110182,329.911087,0.000000
337,-57.067797,329.693519,0.000000
338,-57.025814,329.476209,0.000000
339,-56.984228,329.259156,0.000000
340,-56.943034,329.042359,0.000000
341,-56.902225,328.825816,0.000000
342,-56.861798,328.609526,0.000000
343,-56.821746,328.393488,0.000000
344,-56.782064,328.177702,0.000000
345,-56.742747,327.962164,0.000000
346,-56.703791,327.746876,0.000000
347,-56.665189,327.531834,0.000000
348,-56.626938,327.317039,0.000000
349,-56.589032,327.102489,0.000000
350,-56.551466,326.888184,0.000000
351,-56.514236,326.674121,0.000000
352,-56.477338,326.460300,0.000000
353,-56.440766,326.246721,0.000000
354,-56.404516,326.033381,0.000000
355,-56.368584,325.820280,0.000000
356,-56.332965,325.607417,0.000000
357,-56.297654,325.394791,0.000000
358,-56.262649,325.182400,0.000000
359,-56.227943,324.970245,0.000000
360,-56.193534,324.758324,0.000000
361,-56.159417,324.546636,0.000000
362,-56.125588,324.335179,0.000000
363,-56.092043,324.123954,0.000000
364,-56.058778,323.912960,0.000000
365,-56.025789,323.702194,0.000000
366,-55.993072,323.491658,0.000000
367,-55.960625,323.281348,0.000000
368,-55.928442,323.071266,0.000000
369,-55.896520,322.861409,0.000000
370,-55.864856,322.651778,0.000000
371,-55.833445,322.442370,0.000000
372,-55.802286,322.233186,0.000000
373,-55.771373,322.024225,0.000000
374,-55.740704,321.815485,0.000000
375,-55.710275,321.606966,0.000000
376,-55.680083,321.398667,0.000000
377,-55.650124,321.190588,0.000000
378,-55.620396,320.982727,0.000000
379,-55.590895,320.775084,0.000000
380,-55.561618,320.567659,0.000000
381,-55.532562,320.360449,0.000000
382,-55.503724,320.153456,0.000000
383,-55.475100,319.946677,0.000000
384,-55.446688,319.740112,0.000000
385,-55.418485,319.533761,0.000000
386,-55.390488,319.327622,0.000000
387,-55.362694,319.121696,0.000000
388,-55.335101,318.915981,0.000000
389,-55.307704,318.710477,0.000000
390,-55.280503,318.505183,0.000000
391,-55.253494,318.300098,0.000000
392,-55.226674,318.095222,0.000000
393,-55.200040,317.890554,0.000000
394,-55.173591,317.686094,0.000000
395,-55.147323,317.481840,0.000000
396,-55.121235,317.277793,0.000000
397,-55.095323,317.073951,0.000000
398,-55.069585,316.870314,0.000000
399,-55.044019,316.666882,0.000000
400,-55.018621,316.463653,0.000000
401,-54.993391,316.260628,0.000000
402,-54.968326,316.057805,0.000000
403,-54.943422,315.855184,0.000000
404,-54.918679,315.652765,0.000000
405,-54.894094,315.450547,0.000000
406,-54.869664,315.248529,0.000000
407,-54.845387,315.046711,0.000000
408,-54.821262,314.845092,0.000000
409,-54.797286,314.643672,0.000000
410,-54.773457,314.442450,0.000000
411,-54.749773,314.241426,0.000000
412,-54.726232,314.040599,0.000000
413,-54.702832,313.839969,0.000000
414,-54.679571,313.639534,0.000000
415,-54.656447,313.439296,0.000000
416,-54.633458,313.239253,0.000000
417,-54.610602,313.039404,0.000000
418,-54.587878,312.839749,0.000000
419,-54.565283,312.640289,0.000000
420,-54.542816,312.441021,0.000000
421,-54.520474,312.241946,0.000000
422,-54.498257,312.043064,0.000000
423,-54.476162,311.844373,0.000000
424,-54.454188,311.645874,0.000000
425,-54.432333,311.447565,0.000000
426,-54.410595,311.249447,0.000000
427,-54.388973,311.051520,0.000000
428,-54.367464,310.853781,0.000000
429,-54.346068,310.656232,0.000000
430,-54.324783,310.458872,0.000000
431,-54.303607,310.261700,0.000000
432,-54.282538,310.064716,0.000000
433,-54.261576,309.867919,0.000000
434,-54.240718,309.671310,0.000000
435,-54.219963,309.474887,0.000000
436,-54.199310,309.278651,0.000000
437,-54.178757,309.082600,0.000000
438,-54.158303,308.886735,0.000000
439,-54.137946,308.691055,0.000000
440,-54.117685,308.495560,0.000000
441,-54.097518,308.300249,0.000000
442,-54.077445,308.105122,0.000000
443,-54.057464,307.910179,0.000000
444,-54.037573,307.715419,0.000000
445,-54.017771,307.520842,0.000000
446,-53.998057,307.326448,0.000000
447,-53.978430,307.132235,0.000000
448,-53.958888,306.938205,0.000000
449,-53.939430,306.744355,0.000000
450,-53.920055,306.550687,0.000000
451,-53.900762,306.357200,0.000000
452,-53.881550,306.163893,0.000000
453,-53.862416,305.970767,0.000000
454,-53.843361,305.777820,0.000000
455,-53.824383,305.585052,0.000000
456,-53.805481,305.392464,0.000000
457,-53.786653,305.200054,0.000000
458,-53.767899,305.007823,0.000000
459,-53.749217,304.815770,0.000000
460,-53.730607,304.623895,0.000000
461,-53.712068,304.432198,0.000000
462,-53.693597,304.240678,0.000000
463,-53.675195,304.049334,0.000000
464,-53.656860,303.858167,0.000000
465,-53.638592,303.667177,0.000000
466,-53.620388,303.476363,0.000000
467,-53.602249,303.285724,0.000000
468,-53.584173,303.095261,0.000000
469,-53.566159,302.904973,0.000000
470,-53.548207,302.714860,0.000000
471,-53.530315,302.524922,0.000000
472,-53.512482,302.335158,0.000000
473,-53.494708,302.145568,0.000000
474,-53.476991,301.956151,0.000000
475,-53.459331,301.766909,0.000000
476,-53.441727,301.577839,0.000000
477,-53.424178,301.388943,0.000000
478,-53.406682,301.200219,0.000000
479,-53.389240,301.011668,0.000000
480,-53.371851,300.823289,0.000000
481,-53.354512,300.635082,0.000000
482,-53.337225,300.447046,0.000000
483,-53.319987,300.259182,0.000000
484,-53.302798,300.071490,0.000000
485,-53.285657,299.883968,0.000000
486,-53.268564,299.696617,0.000000
487,-53.251517,299.509436,0.000000
488,-53.234516,299.322426,0.000000
489,-53.217560,299.135586,0.000000
490,-53.200648,298.948915,0.000000
491,-53.183780,298.762414,0.000000
492,-53.166954,298.576083,0.000000
493,-53.150171,298.389920,0.000000
494,-53.133429,298.203926,0.000000
495,-53.116727,298.018101,0.000000
496,-53.100066,297.832445,0.000000
497,-53.083443,297.646956,0.000000
498,-53.066859,297.461636,0.000000
499,-53.050312,297.276483,0.000000
500,-53.033803,297.091498,0.000000
501,-53.017330,296.906680,0.000000
502,-53.000892,296.722029,0.000000
503,-52.984490,296.537546,0.000000
504,-52.968122,296.353229,0.000000
505,-52.951787,296.169078,0.000000
506,-52.935486,295.985094,0.000000
507,-52.919217,295.801276,0.000000
508,-52.902980,295.617624,0.000000
509,-52.886774,295.434138,0.000000
510,-52.870598,295.250817,0.000000
511,-52.854452,295.067662,0.000000
512,-52.838336,294.884671,0.000000
513,-52.822248,294.701846,0.000000
514,-52.806188,294.519186,0.000000
515,-52.790155,294.336690,0.000000
516,-52.774150,294.154358,0.000000
517,-52.758170,293.972191,0.000000
518,-52.742216,293.790188,0.000000
519,-52.726288,293.608348,0.000000
520,-52.710383,293.426673,0.000000
521,-52.694503,293.245161,0.000000
522,-52.678646,293.063812,0.000000
523,-52.662811,292.882626,0.000000
524,-52.646999,292.701604,0.000000
525,-52.631209,292.520744,0.000000
526,-52.615439,292.340047,0.000000
527,-52.599691,292.159513,0.000000
528,-52.583962,291.979140,0.000000
529,-52.568252,291.798930,0.000000
530,-52.552562,291.618882,0.000000
531,-52.536889,291.438996,0.000000
532,-52.521235,291.259272,0.000000
533,-52.505598,291.079709,0.000000
534,-52.489978,290.900308,0.000000
535,-52.474374,290.721068,0.000000
536,-52.458785,290.541989,0.000000
537,-52.443212,290.363071,0.000000
538,-52.427654,290.184314,0.000000
539,-52.412109,290.005717,0.000000
540,-52.396579,289.827281,0.000000
541,-52.381061,289.649005,0.000000
542,-52.365557,289.470890,0.000000
543,-52.350064,289.292934,0.000000
544,-52.334583,289.115139,0.000000
545,-52.319113,288.937503,0.000000
546,-52.303654,288.760027,0.000000
547,-52.288205,288.582711,0.000000
548,-52.272765,288.405554,0.000000
549,-52.257335,288.228556,0.000000
550,-52.241913,288.051718,0.000000
551,-52.226500,287.875038,0.000000
552,-52.211094,287.698518,0.000000
553,-52.195695,287.522156,0.000000
554,-52.180303,287.345952,0.000000
555,-52.164918,287.169908,0.000000
556,-52.149537,286.994021,0.000000
557,-52.134163,286.818293,0.000000
558,-52.118793,286.642723,0.000000
559,-52.103427,286.467311,0.000000
560,-52.088065,286.292057,0.000000
561,-52.072706,286.116961,0.000000
562,-52.057350,285.942023,0.000000
563,-52.041997,285.767242,0.000000
564,-52.026645,285.592618,0.000000
565,-52.011295,285.418152,0.000000
566,-51.995946,285.243843,0.000000
567,-51.980597,285.069692,0.000000
568,-51.965248,284.895697,0.000000
569,-51.949898,284.721859,0.000000
570,-51.934547,284.548178,0.000000
571,-51.919195,284.374654,0.000000
572,-51.903841,284.201287,0.000000
573,-51.888484,284.028075,0.000000
574,-51.873124,283.855021,0.000000
575,-51.857761,283.682122,0.000000
576,-51.842394,283.509380,0.000000
577,-51.827022,283.336794,0.000000
578,-51.811645,283.164365,0.000000
579,-51.796263,282.992091,0.000000
580,-51.780875,282.819973,0.000000
581,-51.765480,282.648010,0.000000
582,-51.750079,282.476204,0.000000
583,-51.734670,282.304553,0.000000
584,-51.719253,282.133057,0.000000
585,-51.703828,281.961717,0.000000
586,-51.688393,281.790533,0.000000
587,-51.672949,281.619503,0.000000
588,-51.657496,281.448629,0.000000
589,-51.642031,281.277910,0.000000
590,-51.626556,281.107346,0.000000
591,-51.611069,280.936937,0.000000
592,-51.595570,280.766683,0.000000
593,-51.580058,280.596584,0.000000
594,-51.564533,280.426639,0.000000
595,-51.548994,280.256849,0.000000
596,-51.533441,280.087214,0.000000
597,-51.517874,279.917734,0.000000
598,-51.502291,279.748407,0.000000
599,-51.486692,279.579236,0.000000
600,-51.471077,279.410218,0.000000
601,-51.455444,279.241355,0.000000
602,-51.439794,279.072647,0.000000
603,-51.424126,278.904092,0.000000
604,-51.408439,278.735692,0.000000
605,-51.392733,278.567446,0.000000
606,-51.377007,278.399353,0.000000
607,-51.361261,278.231415,0.000000
608,-51.345493,278.063631,0.000000
609,-51.329703,277.896001,0.000000
610,-51.313892,277.728524,0.000000
611,-51.298057,277.561201,0.000000
612,-51.282199,277.394032,0.000000
613,-51.266316,277.227017,0.000000
614,-51.250409,277.060156,0.000000
615,-51.234476,276.893448,0.000000
616,-51.218517,276.726894,0.000000
617,-51.202531,276.560493,0.000000
618,-51.186518,276.394246,0.000000
619,-51.170477,276.228152,0.000000
620,-51.154406,276.062212,0.000000
621,-51.138306,275.896426,0.000000
622,-51.122176,275.730793,0.000000
623,-51.106015,275.565313,0.000000
624,-51.089822,275.399987,0.000000
625,-51.073597,275.234814,0.000000
626,-51.057338,275.069795,0.000000
627,-51.041046,274.904929,0.000000
628,-51.024718,274.740216,0.000000
629,-51.008356,274.575657,0.000000
630,-50.991957,274.411251,0.000000
631,-50.975520,274.246998,0.000000
632,-50.959046,274.082899,0.000000
633,-50.942533,273.918953,0.000000
634,-50.925981,273.755160,0.000000
635,-50.909388,273.591521,0.000000
636,-50.892754,273.428035,0.000000
637,-50.876077,273.264702,0.000000
638,-50.859357,273.101523,0.000000
639,-50.842594,272.938497,0.000000
640,-50.825785,272.775624,0.000000
641,-50.808931,272.612905,0.000000
642,-50.792029,272.450339,0.000000
643,-50.775080,272.287927,0.000000
644,-50.758082,272.125668,0.000000
645,-50.741034,271.963563,0.000000
646,-50.723935,271.801611,0.000000
647,-50.706784,271.639813,0.000000
648,-50.689580,271.478168,0.000000
649,-50.672322,271.316677,0.000000
650,-50.655008,271.155340,0.000000
651,-50.637639,270.994156,0.000000
652,-50.620211,270.833127,0.000000
653,-50.602725,270.672251,0.000000
654,-50.585179,270.511529,0.000000
655,-50.567572,270.350961,0.000000
656,-50.549902,270.190546,0.000000
657,-50.532168,270.030286,0.000000
658,-50.514370,269.870180,0.000000
659,-50.496505,269.710229,0.000000
660,-50.478572,269.550431,0.000000
661,-50.460570,269.390788,0.000000
662,-50.442497,269.231299,0.000000
663,-50.424352,269.071965,0.000000
664,-50.406134,268.912786,0.000000
665,-50.387840,268.753761,0.000000
666,-50.369470,268.594891,0.000000
667,-50.351021,268.436176,0.000000
668,-50.332493,268.277615,0.000000
669,-50.313882,268.119210,0.000000
670,-50.295189,267.960961,0.000000
671,-50.276410,267.802866,0.000000
672,-50.257544,267.644927,0.000000
673,-50.238589,267.487144,0.000000
674,-50.219544,267.329516,0.000000
675,-50.200405,267.172044,0.000000
676,-50.181173,267.014729,0.000000
677,-50.161843,266.857569,0.000000
678,-50.142414,266.700566,0.000000
679,-50.122885,266.543719,0.000000
680,-50.103252,266.387029,0.000000
681,-50.083513,266.230496,0.000000
682,-50.063667,266.074119,0.000000
683,-50.043710,265.917900,0.000000
684,-50.023640,265.761838,0.000000
685,-50.003455,265.605934,0.000000
686,-49.983152,265.450188,0.000000
687,-49.962728,265.294599,0.000000
688,-49.942180,265.139169,0.000000
689,-49.921507,264.983897,0.000000
690,-49.900703,264.828784,0.000000
691,-49.879768,264.673829,0.000000
692,-49.858696,264.519034,0.000000
693,-49.837487,264.364398,0.000000
694,-49.816134,264.209922,0.000000
695,-49.794637,264.055606,0.000000
696,-49.772990,263.901450,0.000000
697,-49.751190,263.747454,0.000000
698,-49.729234,263.593619,0.000000
699,-49.707117,263.439946,0.000000
700,-49.684836,263.286433,0.000000
701,-49.662386,263.133083,0.000000
702,-49.639763,262.979895,0.000000
703,-49.616963,262.826869,0.000000
704,-49.593980,262.674005,0.000000
705,-49.570810,262.521306,0.000000
706,-49.547448,262.368769,0.000000
707,-49.523890,262.216397,0.000000
708,-49.500128,262.064189,0.000000
709,-49.476159,261.912146,0.000000
710,-49.451976,261.760268,0.000000
711,-49.427573,261.608556,0.000000
712,-49.402945,261.457010,0.000000
713,-49.378083,261.305631,0.000000
714,-49.352983,261.154419,0.000000
715,-49.327637,261.003375,0.000000
716,-49.302038,260.852499,0.000000
717,-49.276177,260.701792,0.000000
718,-49.250048,260.551254,0.000000
719,-49.223642,260.400886,0.000000
720,-49.196950,260.250690,0.000000
721,-49.169964,260.100664,0.000000
722,-49.142674,259.950810,0.000000
723,-49.115070,259.801129,0.000000
724,-49.087143,259.651622,0.000000
725,-49.058881,259.502288,0.000000
726,-49.030274,259.353130,0.000000
727,-49.001309,259.204147,0.000000
728,-48.971975,259.055341,0.000000
729,-48.942258,258.906712,0.000000
730,-48.912145,258.758261,0.000000
731,-48.881623,258.609990,0.000000
732,-48.850675,258.461899,0.000000
733,-48.819286,258.313990,0.000000
734,-48.787440,258.166262,0.000000
735,-48.755119,258.018718,0.000000
736,-48.722305,257.871359,0.000000
737,-48.688978,257.724185,0.000000
738,-48.655118,257.577198,0.000000
739,-48.620703,257.430400,0.000000
740,-48.585710,257.283791,0.000000
741,-48.550115,257.137373,0.000000
742,-48.513891,256.991148,0.000000
743,-48.477012,256.845117,0.000000
744,-48.439447,256.699282,0.000000
745,-48.401166,256.553644,0.000000
746,-48.362135,256.408205,0.000000
747,-48.322319,256.262967,0.000000
748,-48.281680,256.117932,0.000000
749,-48.240176,255.973103,0.000000
750,-48.197765,255.828480,0.000000
751,-48.154398,255.684067,0.000000
752,-48.110027,255.539866,0.000000
753,-48.064596,255.395879,0.000000
754,-48.018046,255.252110,0.000000
755,-47.970314,255.108560,0.000000
756,-47.921330,254.965234,0.000000
757,-47.871020,254.822134,0.000000
758,-47.819302,254.679263,0.000000
759,-47.766088,254.536625,0.000000
760,-47.711278,254.394224,0.000000
761,-47.654767,254.252065,0.000000
762,-47.596437,254.110151,0.000000
763,-47.536157,253.968487,0.000000
764,-47.473786,253.827078,0.000000
765,-47.409162,253.685930,0.000000
766,-47.342108,253.545048,0.000000
767,-47.272425,253.404440,0.000000
768,-47.199891,253.264110,0.000000
769,-47.124254,253.124068,0.000000
770,-47.045227,252.984320,0.000000
771,-46.962486,252.844877,0.000000
772,-46.875659,252.705747,0.000000
773,-46.784316,252.566941,0.000000
774,-46.687959,252.428472,0.000000
775,-46.586007,252.290352,0.000000
776,-46.477774,252.152596,0.000000
777,-46.362444,252.015220,0.000000
778,-46.239041,251.878243,0.000000
779,-46.106377,251.741687,0.000000
780,-45.962992,251.605576,0.000000
781,-45.807067,251.469937,0.000000
782,-45.636296,251.334805,0.000000
783,-45.447699,251.200218,0.000000
784,-45.237340,251.066224,0.000000
785,-44.999879,250.932881,0.000000
786,-44.727831,250.800259,0.000000
787,-44.410290,250.668452,0.000000
788,-44.030531,250.537578,0.000000
789,-43.561195,250.407805,0.000000
790,-42.953374,250.279370,0.000000
791,-42.107869,250.152642,0.000000
792,-40.780085,250.028252,0.000000
793,-38.120632,249.907487,0.000000
794,-27.762481,249.793893,0.000000
795,0.000000,249.707997,1.000000
796,-58.000000,369.696192,0.000000
797,-57.976182,369.449728,0.000000
798,-57.952498,369.203492,0.000000
799,-57.928947,368.957483,0.000000
800,-57.905527,368.711701,0.000000
801,-57.882235,368.466145,0.000000
802,-57.859071,368.220815,0.000000
803,-57.836032,367.975710,0.000000
804,-57.813118,367.730830,0.000000
805,-57.790326,367.486175,0.000000
806,-57.767656,367.241743,0.000000
807,-57.745104,366.997535,0.000000
808,-57.722671,366.753550,0.000000
809,-57.700354,366.509787,0.000000
810,-57.678152,366.266246,0.000000
811,-57.656064,366.022927,0.000000
812,-57.634088,365.779829,0.000000
813,-57.612222,365.536952,0.000000
814,-57.590465,365.294294,0.000000
815,-57.568817,365.051857,0.000000
816,-57.547274,364.809639,0.000000
817,-57.525837,364.567640,0.000000
818,-57.504504,364.325859,0.000000
819,-57.483273,364.084297,0.000000
820,-57.462144,363.842952,0.000000
821,-57.441114,363.601824,0.000000
822,-57.420183,363.360913,0.000000
823,-57.399350,363.120219,0.000000
824,-57.378613,362.879741,0.000000
825,-57.357971,362.639478,0.000000
826,-57.337422,362.399430,0.000000
827,-57.316966,362.159598,0.000000
828,-57.296602,361.919979,0.000000
829,-57.276328,361.680575,0.000000
830,-57.256143,361.441385,0.000000
831,-57.236047,361.202407,0.000000
832,-57.216037,360.963643,0.000000
833,-57.196113,360.725091,0.000000
834,-57.176275,360.486752,0.000000
835,-57.156520,360.248624,0.000000
836,-57.136847,360.010707,0.000000
837,-57.117257,359.773002,0.000000
838,-57.097747,359.535507,0.000000
839,-57.078317,359.298223,0.000000
840,-57.058965,359.061149,0.000000
841,-57.039692,358.824284,0.000000
842,-57.020495,358.587629,0.000000
843,-57.001374,358.351182,0.000000
844,-56.982328,358.114945,0.000000
845,-56.963356,357.878915,0.000000
846,-56.944457,357.643094,0.000000
847,-56.925630,357.407480,0.000000
848,-56.906874,357.172073,0.000000
849,-56.888189,356.936874,0.000000
850,-56.869574,356.701881,0.000000
851,-56.851027,356.467094,0.000000
852,-56.832548,356.232513,0.000000
853,-56.814136,355.998138,0.000000
854,-56.795791,355.763968,0.000000
855,-56.777511,355.530003,0.000000
856,-56.759295,355.296244,0.000000
857,-56.741143,355.062688,0.000000
858,-56.723055,354.829336,0.000000
859,-56.705028,354.596189,0.000000
860,-56.687064,354.363245,0.000000
861,-56.669160,354.130504,0.000000
862,-56.651316,353.897966,0.000000
863,-56.633531,353.665630,0.000000
864,-56.615805,353.433497,0.000000
865,-56.598137,353.201566,0.000000
866,-56.580527,352.969837,0.000000
867,-56.562973,352.738309,0.000000
868,-56.545474,352.506982,0.000000
869,-56.528031,352.275856,0.000000
870,-56.510643,352.044931,0.000000
871,-56.493308,351.814206,0.000000
872,-56.476026,351.583681,0.000000
873,-56.458798,351.353356,0.000000
874,-56.441621,351.123230,0.000000
875,-56.424495,350.893304,0.000000
876,-56.407421,350.663576,0.000000
877,-56.390396,350.434047,0.000000
878,-56.373421,350.204717,0.000000
879,-56.356495,349.975585,0.000000
880,-56.339617,349.746650,0.000000
881,-56.322787,349.517914,0.000000
882,-56.306005,349.289374,0.000000
883,-56.289269,349.061032,0.000000
884,-56.272579,348.832887,0.000000
885,-56.255934,348.604938,0.000000
886,-56.239335,348.377186,0.000000
887,-56.222781,348.149629,0.000000
888,-56.206270,347.922269,0.000000
889,-56.189803,347.695104,0.000000
890,-56.173379,347.468135,0.000000
891,-56.156997,347.241360,0.000000
892,-56.140657,347.014781,0.000000
893,-56.124359,346.788396,0.000000
894,-56.108102,346.562205,0.000000
895,-56.091885,346.336209,0.000000
896,-56.075709,346.110406,0.000000
897,-56.059572,345.884798,0.000000
898,-56.043474,345.659382,0.000000
899,-56.027415,345.434160,0.000000
900,-56.011394,345.209131,0.000000
901,-55.995411,344.984295,0.000000
902,-55.979465,344.759651,0.000000
903,-55.963556,344.535199,0.000000
904,-55.947684,344.310939,0.000000
905,-55.931847,344.086872,0.000000
906,-55.916047,343.862996,0.000000
907,-55.900281,343.639311,0.000000
908,-55.884551,343.415817,0.000000
909,-55.868855,343.192515,0.000000
910,-55.853193,342.969403,0.000000
911,-55.837564,342.746481,0.000000
912,-55.821969,342.523750,0.000000
913,-55.806407,342.301209,0.000000
914,-55.790877,342.078858,0.000000
915,-55.775380,341.856696,0.000000
916,-55.759914,341.634724,0.000000
917,-55.744479,341.412941,0.000000
918,-55.729076,341.191348,0.000000
919,-55.713704,340.969943,0.000000
920,-55.698361,340.748726,0.000000
921,-55.683049,340.527698,0.000000
922,-55.667767,340.306858,0.000000
923,-55.652513,340.086206,0.000000
924,-55.637289,339.865742,0.000000
925,-55.622094,339.645466,0.000000
926,-55.606927,339.425376,0.000000
927,-55.591787,339.205474,0.000000
928,-55.576676,338.985759,0.000000
929,-55.561592,338.766231,0.000000
930,-55.546535,338.546889,0.000000
931,-55.531505,338.327734,0.000000
932,-55.516501,338.108765,0.000000
933,-55.501524,337.889982,0.000000
934,-55.486572,337.671384,0.000000
935,-55.471646,337.452973,0.000000
936,-55.456745,337.234746,0.000000
937,-55.441870,337.016705,0.000000
938,-55.427019,336.798849,0.000000
939,-55.412192,336.581178,0.000000
940,-55.397390,336.363691,0.000000
941,-55.382612,336.146389,0.000000
942,-55.367857,335.929271,0.000000
943,-55.353126,335.712338,0.000000
944,-55.338417,335.495588,0.000000
945,-55.323732,335.279022,0.000000
946,-55.309069,335.062639,0.000000
947,-55.294429,334.846440,0.000000
948,-55.279810,334.630424,0.000000
949,-55.265214,334.414591,0.000000
950,-55.250639,334.198940,0.000000
951,-55.236086,333.983473,0.000000
952,-55.221553,333.768188,0.000000
953,-55.207042,333.553085,0.000000
954,-55.192551,333.338164,0.000000
955,-55.178080,333.123425,0.000000
956,-55.163630,332.908868,0.000000
957,-55.149200,332.694492,0.000000
958,-55.134789,332.480298,0.000000
959,-55.120398,332.266285,0.000000
960,-55.106027,332.052453,0.000000
961,-55.091674,331.838802,0.000000
962,-55.077340,331.625332,0.000000
963,-55.063025,331.412042,0.000000
964,-55.048728,331.198933,0.000000
965,-55.034449,330.986004,0.000000
966,-55.020189,330.773255,0.000000
967,-55.005946,330.560685,0.000000
968,-54.991721,330.348296,0.000000
969,-54.977513,330.136086,0.000000
970,-54.963323,329.924055,0.000000
971,-54.949150,329.712203,0.000000
972,-54.934993,329.500531,0.000000
973,-54.920853,329.289037,0.000000
974,-54.906729,329.077722,0.000000
975,-54.892622,328.866586,0.000000
976,-54.878531,328.655628,0.000000
977,-54.864455,328.444848,0.000000
978,-54.850396,328.234246,0.000000
979,-54.836351,328.023823,0.000000
980,-54.822323,327.813576,0.000000
981,-54.808309,327.603508,0.000000
982,-54.794310,327.393617,0.000000
983,-54.780326,327.183903,0.000000
984,-54.766357,326.974366,0.000000
985,-54.752402,326.765006,0.000000
986,-54.738461,326.555823,0.000000
987,-54.724535,326.346817,0.000000
988,-54.710623,326.137987,0.000000
989,-54.696724,325.929333,0.000000
990,-54.682839,325.720856,0.000000
991,-54.668967,325.512554,0.000000
992,-54.655109,325.304429,0.000000
993,-54.641264,325.096479,0.000000
994,-54.627431,324.888705,0.000000
995,-54.613612,324.681106,0.000000
996,-54.599805,324.473682,0.000000
997,-54.586011,324.266434,0.000000
998,-54.572229,324.059360,0.000000
999,-54.558460,323.852461,0.000000
1000,-54.544702,323.645737,0.000000
1001,-54.530956,323.439187,0.000000
1002,-54.517222,323.232812,0.000000
1003,-54.503500,323.026611,0.000000
1004,-54.489789,322.820584,0.000000
1005,-54.476090,322.614731,0.000000
1006,-54.462401,322.409051,0.000000
1007,-54.448724,322.203546,0.000000
1008,-54.435057,321.998213,0.000000
1009,-54.421402,321.793055,0.000000
1010,-54.407757,321.588069,0.000000
1011,-54.394122,321.383256,0.000000
1012,-54.380498,321.178616,0.000000
1013,-54.366884,320.974149,0.000000
1014,-54.353280,320.769855,0.000000
1015,-54.339685,320.565733,0.000000
1016,-54.326101,320.361783,0.000000
1017,-54.312526,320.158006,0.000000
1018,-54.298961,319.954401,0.000000
1019,-54.285405,319.750967,0.000000
1020,-54.271859,319.547705,0.000000
1021,-54.258322,319.344615,0.000000
1022,-54.244793,319.141697,0.000000
1023,-54.231274,318.938950,0.000000
1024,-54.217763,318.736374,0.000000
1025,-54.204261,318.533969,0.000000
1026,-54.190767,318.331735,0.000000
1027,-54.177282,318.129672,0.000000
1028,-54.163805,317.927779,0.000000
1029,-54.150336,317.726057,0.000000
1030,-54.136875,317.524506,0.000000
1031,-54.123422,317.323124,0.000000
1032,-54.109976,317.121913,0.000000
1033,-54.096539,316.920872,0.000000
1034,-54.083108,316.720001,0.000000
1035,-54.069686,316.519299,0.000000
1036,-54.056270,316.318767,0.000000
1037,-54.042862,316.118404,0.000000
1038,-54.029460,315.918211,0.000000
1039,-54.016066,315.718187,0.000000
1040,-54.002678,315.518332,0.000000
1041,-53.989297,315.318646,0.000000
1042,-53.975922,315.119129,0.000000
1043,-53.962554,314.919781,0.000000
1044,-53.949192,314.720601,0.000000
1045,-53.935837,314.521589,0.000000
1046,-53.922487,314.322746,0.000000
1047,-53.909144,314.124071,0.000000
1048,-53.895806,313.925564,0.000000
1049,-53.882474,313.727225,0.000000
1050,-53.869148,313.529053,0.000000
1051,-53.855827,313.331050,0.000000
1052,-53.842511,313.133213,0.000000
1053,-53.829201,312.935545,0.000000
1054,-53.815896,312.738043,0.000000
1055,-53.802596,312.540709,0.000000
1056,-53.789301,312.343541,0.000000
1057,-53.776011,312.146541,0.000000
1058,-53.762726,311.949707,0.000000
1059,-53.749445,311.753040,0.000000
1060,-53.736168,311.556540,0.000000
1061,-53.722896,311.360205,0.000000
1062,-53.709629,311.164038,0.000000
1063,-53.696365,310.968036,0.000000
1064,-53.683106,310.772200,0.000000
1065,-53.669850,310.576531,0.000000
1066,-53.656598,310.381027,0.000000
1067,-53.643350,310.185688,0.000000
1068,-53.630106,309.990516,0.000000
1069,-53.616865,309.795509,0.000000
1070,-53.603627,309.600667,0.000000
1071,-53.590393,309.405990,0.000000
1072,-53.577162,309.211478,0.000000
1073,-53.563934,309.017131,0.000000
1074,-53.550709,308.822950,0.000000
1075,-53.537486,308.628932,0.000000
1076,-53.524267,308.435080,0.000000
1077,-53.511050,308.241392,0.000000
1078,-53.497835,308.047868,0.000000
1079,-53.484623,307.854509,0.000000
1080,-53.471413,307.661313,0.000000
1081,-53.458205,307.468282,0.000000
1082,-53.445000,307.275415,0.000000
1083,-53.431796,307.082711,0.000000
1084,-53.418594,306.890171,0.000000
1085,-53.405394,306.697795,0.000000
1086,-53.392195,306.505582,0.000000
1087,-53.378998,306.313533,0.000000
1088,-53.365802,306.121646,0.000000
1089,-53.352608,305.929923,0.000000
1090,-53.339415,305.738363,0.000000
1091,-53.326222,305.546966,0.000000
1092,-53.313031,305.355731,0.000000
1093,-53.299840,305.164659,0.000000
1094,-53.286650,304.973750,0.000000
1095,-53.273461,304.783003,0.000000
1096,-53.260272,304.592418,0.000000
1097,-53.247084,304.401996,0.000000
1098,-53.233896,304.211736,0.000000
1099,-53.220708,304.021638,0.000000
1100,-53.207520,303.831701,0.000000
1101,-53.194331,303.641927,0.000000
1102,-53.181143,303.452314,0.000000
1103,-53.167954,303.262863,0.000000
1104,-53.154765,303.073573,0.000000
1105,-53.141575,302.884445,0.000000
1106,-53.128385,302.695478,0.000000
1107,-53.115193,302.506672,0.000000
1108,-53.102001,302.318027,0.000000
1109,-53.088808,302.129543,0.000000
1110,-53.075613,301.941220,0.000000
1111,-53.062418,301.753057,0.000000
1112,-53.049221,301.565055,0.000000
1113,-53.036022,301.377214,0.000000
1114,-53.022821,301.189533,0.000000
1115,-53.009619,301.002013,0.000000
1116,-52.996415,300.814653,0.000000
1117,-52.983209,300.627452,0.000000
1118,-52.970001,300.440412,0.000000
1119,-52.956790,300.253532,0.000000
1120,-52.943577,300.066812,0.000000
1121,-52.930362,299.880251,0.000000
1122,-52.917144,299.693850,0.000000
1123,-52.903923,299.507608,0.000000
1124,-52.890699,299.321526,0.000000
1125,-52.877472,299.135603,0.000000
1126,-52.864242,298.949840,0.000000
1127,-52.851009,298.764235,0.000000
1128,-52.837772,298.578790,0.000000
1129,-52.824532,298.393503,0.000000
1130,-52.811288,298.208375,0.000000
1131,-52.798040,298.023406,0.000000
1132,-52.784788,297.838596,0.000000
1133,-52.771532,297.653944,0.000000
1134,-52.758271,297.469451,0.000000
1135,-52.745007,297.285116,0.000000
1136,-52.731737,297.100939,0.000000
1137,-52.718464,296.916921,0.000000
1138,-52.705185,296.733060,0.000000
1139,-52.691901,296.549358,0.000000
1140,-52.678612,296.365813,0.000000
1141,-52.665318,296.182426,0.000000
1142,-52.652019,295.999197,0.000000
1143,-52.638714,295.816126,0.000000
1144,-52.625404,295.633212,0.000000
1145,-52.612087,295.450455,0.000000
1146,-52.598765,295.267856,0.000000
1147,-52.585436,295.085414,0.000000
1148,-52.572101,294.903129,0.000000
1149,-52.558760,294.721002,0.000000
1150,-52.545412,294.539031,0.000000
1151,-52.532058,294.357217,0.000000
1152,-52.518696,294.175560,0.000000
1153,-52.505327,293.994060,0.000000
1154,-52.491952,293.812717,0.000000
1155,-52.478568,293.631530,0.000000
1156,-52.465178,293.450499,0.000000
1157,-52.451779,293.269625,0.000000
1158,-52.438373,293.088907,0.000000
1159,-52.424958,292.908346,0.000000
1160,-52.411536,292.727940,0.000000
1161,-52.398105,292.547691,0.000000
1162,-52.384665,292.367598,0.000000
1163,-52.371217,292.187660,0.000000
1164,-52.357760,292.007878,0.000000
1165,-52.344293,291.828253,0.000000
1166,-52.330818,291.648782,0.000000
1167,-52.317333,291.469468,0.000000
1168,-52.303838,291.290308,0.000000
1169,-52.290334,291.111305,0.000000
1170,-52.276819,290.932456,0.000000
1171,-52.263294,290.753763,0.000000
1172,-52.249759,290.575225,0.000000
1173,-52.236214,290.396842,0.000000
1174,-52.222657,290.218615,0.000000
1175,-52.209090,290.040542,0.000000
1176,-52.195511,289.862624,0.000000
1177,-52.181921,289.684861,0.000000
1178,-52.168320,289.507253,0.000000
1179,-52.154707,289.329799,0.000000
1180,-52.141082,289.152500,0.000000
1181,-52.127444,288.975355,0.000000
1182,-52.113794,288.798365,0.000000
1183,-52.100132,288.621530,0.000000
1184,-52.086457,288.444848,0.000000
1185,-52.072769,288.268321,0.000000
1186,-52.059067,288.091948,0.000000
1187,-52.045352,287.915730,0.000000
1188,-52.031623,287.739665,0.000000
1189,-52.017881,287.563754,0.000000
1190,-52.004124,287.387997,0.000000
1191,-51.990353,287.212394,0.000000
1192,-51.976567,287.036945,0.000000
1193,-51.962766,286.861650,0.000000
1194,-51.948950,286.686508,0.000000
1195,-51.935119,286.511520,0.000000
1196,-51.921272,286.336685,0.000000
1197,-51.907409,286.162004,0.000000
1198,-51.893530,285.987476,0.000000
1199,-51.879635,285.813102,0.000000
1200,-51.865723,285.638881,0.000000
1201,-51.851794,285.464813,0.000000
1202,-51.837848,285.290898,0.000000
1203,-51.823885,285.117137,0.000000
1204,-51.809904,284.943528,0.000000
1205,-51.795905,284.770073,0.000000
1206,-51.781887,284.596771,0.000000
1207,-51.767851,284.423621,0.000000
1208,-51.753796,284.250624,0.000000
1209,-51.739722,284.077781,0.000000
1210,-51.725629,283.905090,0.000000
1211,-51.711515,283.732551,0.000000
1212,-51.697382,283.560165,0.000000
1213,-51.683228,283.387932,0.000000
1214,-51.669054,283.215852,0.000000
1215,-51.654859,283.043924,0.000000
1216,-51.640642,282.872148,0.000000
1217,-51.626403,282.700525,0.000000
1218,-51.612143,282.529054,0.000000
1219,-51.597860,282.357736,0.000000
1220,-51.583555,282.186570,0.000000
1221,-51.569227,282.015556,0.000000
1222,-51.554875,281.844695,0.000000
1223,-51.540500,281.673985,0.000000
1224,-51.526100,281.503428,0.000000
1225,-51.511676,281.333023,0.000000
1226,-51.497228,281.162770,0.000000
1227,-51.482754,280.992668,0.000000
1228,-51.468254,280.822719,0.000000
1229,-51.453729,280.652922,0.000000
1230,-51.439177,280.483277,0.000000
1231,-51.424598,280.313784,0.000000
1232,-51.409993,280.144442,0.000000
1233,-51.395359,279.975253,0.000000
1234,-51.380698,279.806215,0.000000
1235,-51.366008,279.637329,0.000000
1236,-51.351289,279.468595,0.000000
1237,-51.336541,279.300012,0.000000
1238,-51.321763,279.131582,0.000000
1239,-51.306955,278.963303,0.000000
1240,-51.292117,278.795175,0.000000
1241,-51.277247,278.627199,0.000000
1242,-51.262345,278.459375,0.000000
1243,-51.247412,278.291703,0.000000
1244,-51.232446,278.124182,0.000000
1245,-51.217446,277.956813,0.000000
1246,-51.202413,277.789595,0.000000
1247,-51.187346,277.622529,0.000000
1248,-51.172244,277.455614,0.000000
1249,-51.157107,277.288851,0.000000
1250,-51.141935,277.122240,0.000000
1251,-51.126726,276.955780,0.000000
1252,-51.111480,276.789471,0.000000
1253,-51.096196,276.623315,0.000000
1254,-51.080875,276.457309,0.000000
1255,-51.065515,276.291455,0.000000
1256,-51.050115,276.125753,0.000000
1257,-51.034676,275.960202,0.000000
1258,-51.019196,275.794803,0.000000
1259,-51.003675,275.629555,0.000000
1260,-50.988112,275.464459,0.000000
1261,-50.972507,275.299515,0.000000
1262,-50.956859,275.134722,0.000000
1263,-50.941166,274.970080,0.000000
1264,-50.925430,274.805590,0.000000
1265,-50.909647,274.641252,0.000000
1266,-50.893819,274.477066,0.000000
1267,-50.877945,274.313031,0.000000
1268,-50.862022,274.149148,0.000000
1269,-50.846051,273.985416,0.000000
1270,-50.830032,273.821836,0.000000
1271,-50.813962,273.658409,0.000000
1272,-50.797842,273.495132,0.000000
1273,-50.781670,273.332008,0.000000
1274,-50.765445,273.169036,0.000000
1275,-50.749167,273.006215,0.000000
1276,-50.732835,272.843547,0.000000
1277,-50.716448,272.681030,0.000000
1278,-50.700005,272.518666,0.000000
1279,-50.683505,272.356453,0.000000
1280,-50.666947,272.194393,0.000000
1281,-50.650330,272.032485,0.000000
1282,-50.633653,271.870729,0.000000
1283,-50.616915,271.709125,0.000000
1284,-50.600115,271.547674,0.000000
1285,-50.583252,271.386375,0.000000
1286,-50.566324,271.225229,0.000000
1287,-50.549331,271.064236,0.000000
1288,-50.532271,270.903395,0.000000
1289,-50.515144,270.742706,0.000000
1290,-50.497948,270.582171,0.000000
1291,-50.480681,270.421788,0.000000
1292,-50.463343,270.261559,0.000000
1293,-50.445932,270.101482,0.000000
1294,-50.428447,269.941559,0.000000
1295,-50.410887,269.781788,0.000000
1296,-50.393250,269.622171,0.000000
1297,-50.375534,269.462708,0.000000
1298,-50.357739,269.303398,0.000000
1299,-50.339862,269.144242,0.000000
1300,-50.321903,268.985240,0.000000
1301,-50.303859,268.826391,0.000000
1302,-50.285729,268.667696,0.000000
1303,-50.267511,268.509156,0.000000
1304,-50.249205,268.350770,0.000000
1305,-50.230806,268.192538,0.000000
1306,-50.212316,268.034461,0.000000
1307,-50.193730,267.876539,0.000000
1308,-50.175048,267.718771,0.000000
1309,-50.156267,267.561158,0.000000
1310,-50.137385,267.403701,0.000000
1311,-50.118401,267.246399,0.000000
1312,-50.099312,267.089252,0.000000
1313,-50.080117,266.932261,0.000000
1314,-50.060812,266.775426,0.000000
1315,-50.041396,266.618747,0.000000
1316,-50.021866,266.462224,0.000000
1317,-50.002220,266.305858,0.000000
1318,-49.982455,266.149648,0.000000
1319,-49.962569,265.993595,0.000000
1320,-49.942559,265.837699,0.000000
1321,-49.922423,265.681961,0.000000
1322,-49.902157,265.526380,0.000000
1323,-49.881759,265.370956,0.000000
1324,-49.861226,265.215691,0.000000
1325,-49.840554,265.060584,0.000000
1326,-49.819741,264.905635,0.000000
1327,-49.798783,264.750846,0.000000
1328,-49.777678,264.596215,0.000000
1329,-49.756420,264.441744,0.000000
1330,-49.735008,264.287432,0.000000
1331,-49.713436,264.133281,0.000000
1332,-49.691702,263.979289,0.000000
1333,-49.669801,263.825459,0.000000
1334,-49.647729,263.671789,0.000000
1335,-49.625482,263.518280,0.000000
1336,-49.603056,263.364934,0.000000
1337,-49.580446,263.211749,0.000000
1338,-49.557646,263.058727,0.000000
1339,-49.534654,262.905867,0.000000
1340,-49.511462,262.753171,0.000000
1341,-49.488067,262.600638,0.000000
1342,-49.464462,262.448270,0.000000
1343,-49.440643,262.296065,0.000000
1344,-49.416602,262.144026,0.000000
1345,-49.392334,261.992153,0.000000
1346,-49.367833,261.840445,0.000000
1347,-49.343092,261.688904,0.000000
1348,-49.318104,261.537530,0.000000
1349,-49.292863,261.386323,0.000000
1350,-49.267359,261.235285,0.000000
1351,-49.241587,261.084415,0.000000
1352,-49.215537,260.933715,0.000000
1353,-49.189202,260.783184,0.000000
1354,-49.162572,260.632824,0.000000
1355,-49.135638,260.482635,0.000000
1356,-49.108391,260.332619,0.000000
1357,-49.080821,260.182774,0.000000
1358,-49.052917,260.033104,0.000000
1359,-49.024668,259.883607,0.000000
1360,-48.996063,259.734286,0.000000
1361,-48.967089,259.585140,0.000000
1362,-48.937735,259.436171,0.000000
1363,-48.907985,259.287380,0.000000
1364,-48.877828,259.138767,0.000000
1365,-48.847247,258.990334,0.000000
1366,-48.816228,258.842081,0.000000
1367,-48.784754,258.694009,0.000000
1368,-48.752808,258.546121,0.000000
1369,-48.720372,258.398416,0.000000
1370,-48.687427,258.250896,0.000000
1371,-48.653952,258.103562,0.000000
1372,-48.619926,257.956416,0.000000
1373,-48.585327,257.809459,0.000000
1374,-48.550131,257.662692,0.000000
1375,-48.514312,257.516116,0.000000
1376,-48.477842,257.369734,0.000000
1377,-48.440694,257.223546,0.000000
1378,-48.402837,257.077556,0.000000
1379,-48.364237,256.931763,0.000000
1380,-48.324861,256.786171,0.000000
1381,-48.284670,256.640780,0.000000
1382,-48.243625,256.495594,0.000000
1383,-48.201683,256.350614,0.000000
1384,-48.158797,256.205842,0.000000
1385,-48.114920,256.061282,0.000000
1386,-48.069996,255.916934,0.000000
1387,-48.023968,255.772803,0.000000
1388,-47.976775,255.628891,0.000000
1389,-47.928349,255.485200,0.000000
1390,-47.878616,255.341734,0.000000
1391,-47.827497,255.198497,0.000000
1392,-47.774905,255.055491,0.000000
1393,-47.720745,254.912721,0.000000
1394,-47.664912,254.770191,0.000000
1395,-47.607293,254.627904,0.000000
1396,-47.547760,254.485866,0.000000
1397,-47.486175,254.344082,0.000000
1398,-47.422382,254.202556,0.000000
1399,-47.356209,254.061295,0.000000
1400,-47.287463,253.920304,0.000000
1401,-47.215929,253.779590,0.000000
1402,-47.141363,253.639162,0.000000
1403,-47.063489,253.499025,0.000000
1404,-46.981994,253.359190,0.000000
1405,-46.896519,253.219665,0.000000
1406,-46.806653,253.080461,0.000000
1407,-46.711918,252.941590,0.000000
1408,-46.611756,252.803064,0.000000
1409,-46.505513,252.664897,0.000000
1410,-46.392413,252.527106,0.000000
1411,-46.271528,252.389708,0.000000
1412,-46.141732,252.252724,0.000000
1413,-46.001651,252.116178,0.000000
1414,-45.849574,251.980096,0.000000
1415,-45.683345,251.844510,0.000000
1416,-45.500195,251.709459,0.000000
1417,-45.296488,251.574985,0.000000
1418,-45.067330,251.441144,0.000000
1419,-44.805929,251.308004,0.000000
1420,-44.502499,251.175650,0.000000
1421,-44.142268,251.044193,0.000000
1422,-43.701539,250.913784,0.000000
1423,-43.139104,250.784637,0.000000
1424,-42.374661,250.657077,0.000000
1425,-41.222471,250.531639,0.000000
1426,-39.109438,250.409358,0.000000
1427,-32.840668,250.292794,0.000000
1428,0.000000,250.193023,1.000000
1429,-58.000000,370.180895,0.000000
1430,-57.976555,369.934108,0.000000
1431,-57.953239,369.687547,0.000000
1432,-57.930050,369.441214,0.000000
1433,-57.906986,369.195106,0.000000
1434,-57.884047,368.949224,0.000000
1435,-57.861230,368.703567,0.000000
1436,-57.838533,368.458135,0.000000
1437,-57.815956,368.212927,0.000000
1438,-57.793497,367.967942,0.000000
1439,-57.771154,367.723181,0.000000
1440,-57.748925,367.478643,0.000000
1441,-57.726810,367.234327,0.000000
1442,-57.704807,366.990232,0.000000
1443,-57.682914,366.746359,0.000000
1444,-57.661131,366.502707,0.000000
1445,-57.639455,366.259276,0.000000
1446,-57.617885,366.016065,0.000000
1447,-57.596421,365.773073,0.000000
1448,-57.575060,365.530300,0.000000
1449,-57.553801,365.287747,0.000000
1450,-57.532643,365.045411,0.000000
1451,-57.511586,364.803294,0.000000
1452,-57.490626,364.561394,0.000000
1453,-57.469764,364.319712,0.000000
1454,-57.448999,364.078246,0.000000
1455,-57.428328,363.836997,0.000000
1456,-57.407750,363.595963,0.000000
1457,-57.387266,363.355145,0.000000
1458,-57.366872,363.114543,0.000000
1459,-57.346569,362.874155,0.000000
1460,-57.326355,362.633981,0.000000
1461,-57.306229,362.394021,0.000000
1462,-57.286190,362.154275,0.000000
1463,-57.266237,361.914743,0.000000
1464,-57.246368,361.675423,0.000000
1465,-57.226583,361.436316,0.000000
1466,-57.206881,361.197421,0.000000
1467,-57.187261,360.958738,0.000000
1468,-57.167721,360.720266,0.000000
1469,-57.148260,360.482005,0.000000
1470,-57.128879,360.243955,0.000000
1471,-57.109575,360.006115,0.000000
1472,-57.090348,359.768486,0.000000
1473,-57.071196,359.531066,0.000000
1474,-57.052120,359.293856,0.000000
1475,-57.033117,359.056854,0.000000
1476,-57.014187,358.820061,0.000000
1477,-56.995330,358.583477,0.000000
1478,-56.976544,358.347100,0.000000
1479,-56.957828,358.110931,0.000000
1480,-56.939182,357.874970,0.000000
1481,-56.920604,357.639216,0.000000
1482,-56.902094,357.403668,0.000000
1483,-56.883651,357.168326,0.000000
1484,-56.865275,356.933191,0.000000
1485,-56.846963,356.698262,0.000000
1486,-56.828717,356.463538,0.000000
1487,-56.810534,356.229019,0.000000
1488,-56.792414,355.994705,0.000000
1489,-56.774357,355.760595,0.000000
1490,-56.756361,355.526690,0.000000
1491,-56.738425,355.292989,0.000000
1492,-56.720550,355.059491,0.000000
1493,-56.702735,354.826196,0.000000
1494,-56.684977,354.593105,0.000000
1495,-56.667278,354.360216,0.000000
1496,-56.649636,354.127530,0.000000
1497,-56.632051,353.895046,0.000000
1498,-56.614521,353.662764,0.000000
1499,-56.597046,353.430684,0.000000
1500,-56.579627,353.198804,0.000000
1501,-56.562261,352.967126,0.000000
1502,-56.544948,352.735649,0.000000
1503,-56.527688,352.504372,0.000000
1504,-56.510479,352.273295,0.000000
1505,-56.493322,352.042418,0.000000
1506,-56.476216,351.811741,0.000000
1507,-56.459160,351.581264,0.000000
1508,-56.442154,351.350985,0.000000
1509,-56.425197,351.120905,0.000000
1510,-56.408288,350.891024,0.000000
1511,-56.391427,350.661342,0.000000
1512,-56.374613,350.431857,0.000000
1513,-56.357845,350.202570,0.000000
1514,-56.341124,349.973481,0.000000
1515,-56.324449,349.744589,0.000000
1516,-56.307819,349.515894,0.000000
1517,-56.291233,349.287396,0.000000
1518,-56.274691,349.059094,0.000000
1519,-56.258193,348.830989,0.000000
1520,-56.241738,348.603080,0.000000
1521,-56.225325,348.375367,0.000000
1522,-56.208954,348.147849,0.000000
1523,-56.192625,347.920527,0.000000
1524,-56.176337,347.693399,0.000000
1525,-56.160090,347.466467,0.000000
1526,-56.143882,347.239729,0.000000
1527,-56.127715,347.013186,0.000000
1528,-56.111586,346.786836,0.000000
1529,-56.095496,346.560681,0.000000
1530,-56.079445,346.334719,0.000000
1531,-56.063431,346.108951,0.000000
1532,-56.047455,345.883376,0.000000
1533,-56.031515,345.657994,0.000000
1534,-56.015613,345.432804,0.000000
1535,-55.999746,345.207808,0.000000
1536,-55.983915,344.983003,0.000000
1537,-55.968120,344.758391,0.000000
1538,-55.952359,344.533970,0.000000
1539,-55.936633,344.309741,0.000000
1540,-55.920941,344.085704,0.000000
1541,-55.905282,343.861857,0.000000
1542,-55.889657,343.638202,0.000000
1543,-55.874065,343.414738,0.000000
1544,-55.858506,343.191464,0.000000
1545,-55.842979,342.968380,0.000000
1546,-55.827483,342.745487,0.000000
1547,-55.812019,342.522783,0.000000
1548,-55.796587,342.300269,0.000000
1549,-55.781185,342.077945,0.000000
1550,-55.765813,341.855810,0.000000
1551,-55.750472,341.633864,0.000000
1552,-55.735160,341.412107,0.000000
1553,-55.719878,341.190538,0.000000
1554,-55.704625,340.969158,0.000000
1555,-55.689401,340.747966,0.000000
1556,-55.674205,340.526963,0.000000
1557,-55.659037,340.306147,0.000000
1558,-55.643897,340.085519,0.000000
1559,-55.628784,339.865078,0.000000
1560,-55.613699,339.644825,0.000000
1561,-55.598641,339.424758,0.000000
1562,-55.583609,339.204879,0.000000
1563,-55.568603,338.985186,0.000000
1564,-55.553624,338.765680,0.000000
1565,-55.538670,338.546360,0.000000
1566,-55.523741,338.327226,0.000000
1567,-55.508838,338.108277,0.000000
1568,-55.493959,337.889515,0.000000
1569,-55.479105,337.670938,0.000000
1570,-55.464276,337.452547,0.000000
1571,-55.449470,337.234340,0.000000
1572,-55.434688,337.016319,0.000000
1573,-55.419930,336.798482,0.000000
1574,-55.405195,336.580830,0.000000
1575,-55.390483,336.363362,0.000000
1576,-55.375793,336.146079,0.000000
1577,-55.361126,335.928979,0.000000
1578,-55.346482,335.712064,0.000000
1579,-55.331859,335.495332,0.000000
1580,-55.317258,335.278783,0.000000
1581,-55.302678,335.062418,0.000000
1582,-55.288120,334.846236,0.000000
1583,-55.273583,334.630237,0.000000
1584,-55.259066,334.414421,0.000000
1585,-55.244570,334.198787,0.000000
1586,-55.230094,333.983336,0.000000
1587,-55.215639,333.768067,0.000000
1588,-55.201203,333.552980,0.000000
1589,-55.186787,333.338074,0.000000
1590,-55.172390,333.123351,0.000000
1591,-55.158013,332.908809,0.000000
1592,-55.143654,332.694449,0.000000
1593,-55.129315,332.480269,0.000000
1594,-55.114994,332.266271,0.000000
1595,-55.100691,332.052453,0.000000
1596,-55.086406,331.838817,0.000000
1597,-55.072140,331.625360,0.000000
1598,-55.057891,331.412084,0.000000
1599,-55.043660,331.198989,0.000000
1600,-55.029446,330.986073,0.000000
1601,-55.015249,330.773337,0.000000
1602,-55.001069,330.560781,0.000000
1603,-54.986906,330.348404,0.000000
1604,-54.972760,330.136207,0.000000
1605,-54.958630,329.924189,0.000000
1606,-54.944516,329.712350,0.000000
1607,-54.930418,329.500690,0.000000
1608,-54.916336,329.289208,0.000000
1609,-54.902270,329.077905,0.000000
1610,-54.888219,328.866780,0.000000
1611,-54.874184,328.655834,0.000000
1612,-54.860163,328.445066,0.000000
1613,-54.846158,328.234475,0.000000
1614,-54.832167,328.024063,0.000000
1615,-54.818191,327.813827,0.000000
1616,-54.804230,327.603770,0.000000
1617,-54.790283,327.393889,0.000000
1618,-54.776350,327.184186,0.000000
1619,-54.762431,326.974660,0.000000
1620,-54.748525,326.765310,0.000000
1621,-54.734634,326.556137,0.000000
1622,-54.720756,326.347141,0.000000
1623,-54.706891,326.138321,0.000000
1624,-54.693039,325.929677,0.000000
1625,-54.679200,325.721209,0.000000
1626,-54.665375,325.512917,0.000000
1627,-54.651561,325.304801,0.000000
1628,-54.637761,325.096860,0.000000
1629,-54.623973,324.889095,0.000000
1630,-54.610197,324.681505,0.000000
1631,-54.596433,324.474090,0.000000
1632,-54.582681,324.266850,0.000000
1633,-54.568941,324.059785,0.000000
1634,-54.555213,323.852895,0.000000
1635,-54.541496,323.646179,0.000000
1636,-54.527790,323.439638,0.000000
1637,-54.514096,323.233271,0.000000
1638,-54.500413,323.027078,0.000000
1639,-54.486740,322.821058,0.000000
1640,-54.473079,322.615213,0.000000
1641,-54.459428,322.409542,0.000000
1642,-54.445788,322.204043,0.000000
1643,-54.432158,321.998719,0.000000
1644,-54.418539,321.793567,0.000000
1645,-54.404929,321.588589,0.000000
1646,-54.391330,321.383783,0.000000
1647,-54.377740,321.179150,0.000000
1648,-54.364160,320.974690,0.000000
1649,-54.350590,320.770403,0.000000
1650,-54.337030,320.566288,0.000000
1651,-54.323478,320.362345,0.000000
1652,-54.309936,320.158574,0.000000
1653,-54.296403,319.954975,0.000000
1654,-54.282879,319.751548,0.000000
1655,-54.269364,319.548293,0.000000
1656,-54.255857,319.345209,0.000000
1657,-54.242360,319.142297,0.000000
1658,-54.228870,318.939556,0.000000
1659,-54.215389,318.736986,0.000000
1660,-54.201916,318.534587,0.000000
1661,-54.188452,318.332358,0.000000
1662,-54.174995,318.130301,0.000000
1663,-54.161546,317.928414,0.000000
1664,-54.148105,317.726698,0.000000
1665,-54.134671,317.525152,0.000000
1666,-54.121246,317.323776,0.000000
1667,-54.107827,317.122570,0.000000
1668,-54.094416,316.921534,0.000000
1669,-54.081012,316.720668,0.000000
1670,-54.067614,316.519972,0.000000
1671,-54.054224,316.319445,0.000000
1672,-54.040841,316.119087,0.000000
1673,-54.027464,315.918899,0.000000
1674,-54.014094,315.718880,0.000000
1675,-54.000731,315.519030,0.000000
1676,-53.987373,315.319349,0.000000
1677,-53.974022,315.119836,0.000000
1678,-53.960678,314.920492,0.000000
1679,-53.947339,314.721317,0.000000
1680,-53.934006,314.522310,0.000000
1681,-53.920679,314.323471,0.000000
1682,-53.907357,314.124800,0.000000
1683,-53.894041,313.926297,0.000000
1684,-53.880731,313.727962,0.000000
1685,-53.867426,313.529795,0.000000
1686,-53.854126,313.331795,0.000000
1687,-53.840831,313.133963,0.000000
1688,-53.827541,312.936298,0.000000
1689,-53.814257,312.738801,0.000000
1690,-53.800977,312.541470,0.000000
1691,-53.787701,312.344307,0.000000
1692,-53.774430,312.147310,0.000000
1693,-53.761164,311.950480,0.000000
1694,-53.747902,311.753817,0.000000
1695,-53.734644,311.557320,0.000000
1696,-53.721391,311.360989,0.000000
1697,-53.708141,311.164825,0.000000
1698,-53.694896,310.968827,0.000000
1699,-53.681654,310.772994,0.000000
1700,-53.668416,310.577328,0.000000
1701,-53.655182,310.381827,0.000000
1702,-53.641951,310.186493,0.000000
1703,-53.628723,309.991323,0.000000
1704,-53.615499,309.796319,0.000000
1705,-53.602278,309.601480,0.000000
1706,-53.589060,309.406806,0.000000
1707,-53.575844,309.212298,0.000000
1708,-53.562632,309.017954,0.000000
1709,-53.549423,308.823775,0.000000
1710,-53.536216,308.629761,0.000000
1711,-53.523011,308.435911,0.000000
1712,-53.509809,308.242226,0.000000
1713,-53.496610,308.048705,0.000000
1714,-53.483412,307.855348,0.000000
1715,-53.470217,307.662155,0.000000
1716,-53.457023,307.469127,0.000000
1717,-53.443832,307.276262,0.000000
1718,-53.430642,307.083561,0.000000
1719,-53.417454,306.891024,0.000000
1720,-53.404267,306.698650,0.000000
1721,-53.391082,306.506439,0.000000
1722,-53.377898,306.314392,0.000000
1723,-53.364715,306.122508,0.000000
1724,-53.351534,305.930787,0.000000
1725,-53.338353,305.739229,0.000000
1726,-53.325174,305.547834,0.000000
1727,-53.311995,305.356602,0.000000
1728,-53.298816,305.165532,0.000000
1729,-53.285639,304.974625,0.000000
1730,-53.272461,304.783881,0.000000
1731,-53.259284,304.593298,0.000000
1732,-53.246108,304.402878,0.000000
1733,-53.232931,304.212620,0.000000
1734,-53.219754,304.022523,0.000000
1735,-53.206577,303.832589,0.000000
1736,-53.193400,303.642817,0.000000
1737,-53.180223,303.453206,0.000000
1738,-53.167045,303.263756,0.000000
1739,-53.153866,303.074468,0.000000
1740,-53.140687,302.885342,0.000000
1741,-53.127507,302.696376,0.000000
1742,-53.114326,302.507572,0.000000
1743,-53.101144,302.318929,0.000000
1744,-53.087961,302.130447,0.000000
1745,-53.074776,301.942125,0.000000
1746,-53.061590,301.753964,0.000000
1747,-53.048403,301.565964,0.000000
1748,-53.035214,301.378125,0.000000
1749,-53.022023,301.190445,0.000000
1750,-53.008830,301.002926,0.000000
1751,-52.995635,300.815567,0.000000
1752,-52.982438,300.628369,0.000000
1753,-52.969239,300.441330,0.000000
1754,-52.956037,300.254451,0.000000
1755,-52.942833,300.067732,0.000000
1756,-52.929626,299.881173,0.000000
1757,-52.916417,299.694773,0.000000
1758,-52.903204,299.508533,0.000000
1759,-52.889989,299.322452,0.000000
1760,-52.876770,299.136530,0.000000
1761,-52.863548,298.950768,0.000000
1762,-52.850323,298.765165,0.000000
1763,-52.837094,298.579721,0.000000
1764,-52.823861,298.394435,0.000000
1765,-52.810625,298.209309,0.000000
1766,-52.797385,298.024341,0.000000
1767,-52.784140,297.839532,0.000000
1768,-52.770892,297.654881,0.000000
1769,-52.757639,297.470389,0.000000
1770,-52.744381,297.286055,0.000000
1771,-52.731119,297.101879,0.000000
1772,-52.717853,296.917861,0.000000
1773,-52.704581,296.734002,0.000000
1774,-52.691304,296.550300,0.000000
1775,-52.678022,296.366757,0.000000
1776,-52.664735,296.183371,0.000000
1777,-52.651442,296.000143,0.000000
1778,-52.638144,295.817072,0.000000
1779,-52.624840,295.634159,0.000000
1780,-52.611530,295.451404,0.000000
1781,-52.598214,295.268805,0.000000
1782,-52.584892,295.086364,0.000000
1783,-52.571563,294.904080,0.000000
1784,-52.558228,294.721953,0.000000
1785,-52.544886,294.539983,0.000000
1786,-52.531537,294.358170,0.000000
1787,-52.518182,294.176514,0.000000
1788,-52.504819,293.995015,0.000000
1789,-52.491449,293.813672,0.000000
1790,-52.478071,293.632486,0.000000
1791,-52.464686,293.451456,0.000000
1792,-52.451293,293.270583,0.000000
1793,-52.437892,293.089865,0.000000
1794,-52.424483,292.909304,0.000000
1795,-52.411066,292.728900,0.000000
1796,-52.397640,292.548651,0.000000
1797,-52.384206,292.368558,0.000000
1798,-52.370763,292.188621,0.000000
1799,-52.357311,292.008840,0.000000
1800,-52.343850,291.829215,0.000000
1801,-52.330379,291.649745,0.000000
1802,-52.316899,291.470431,0.000000
1803,-52.303409,291.291272,0.000000
1804,-52.289909,291.112269,0.000000
1805,-52.276400,290.933421,0.000000
1806,-52.262880,290.754729,0.000000
1807,-52.249349,290.576191,0.000000
1808,-52.235808,290.397809,0.000000
1809,-52.222256,290.219581,0.000000
1810,-52.208693,290.041509,0.000000
1811,-52.195119,289.863592,0.000000
1812,-52.181534,289.685829,0.000000
1813,-52.167937,289.508221,0.000000
1814,-52.154328,289.330768,0.000000
1815,-52.140707,289.153469,0.000000
1816,-52.127073,288.976325,0.000000
1817,-52.113428,288.799335,0.000000
1818,-52.099769,288.622500,0.000000
1819,-52.086098,288.445819,0.000000
1820,-52.072414,288.269292,0.000000
1821,-52.058716,288.092919,0.000000
1822,-52.045005,287.916701,0.000000
1823,-52.031280,287.740636,0.000000
1824,-52.017541,287.564726,0.000000
1825,-52.003788,287.388969,0.000000
1826,-51.990021,287.213367,0.000000
1827,-51.976239,287.037918,0.000000
1828,-51.962441,286.862623,0.000000
1829,-51.948629,286.687481,0.000000
1830,-51.934801,286.512493,0.000000
1831,-51.920958,286.337659,0.000000
1832,-51.907099,286.162978,0.000000
1833,-51.893223,285.988450,0.000000
1834,-51.879331,285.814076,0.000000
1835,-51.865423,285.639855,0.000000
1836,-51.851497,285.465787,0.000000
1837,-51.837554,285.291873,0.000000
1838,-51.823594,285.118111,0.000000
1839,-51.809616,284.944503,0.000000
1840,-51.795620,284.771048,0.000000
1841,-51.781605,284.597746,0.000000
1842,-51.767572,284.424596,0.000000
1843,-51.753521,284.251600,0.000000
1844,-51.739450,284.078756,0.000000
1845,-51.725359,283.906065,0.000000
1846,-51.711249,283.733527,0.000000
1847,-51.697118,283.561141,0.000000
1848,-51.682967,283.388908,0.000000
1849,-51.668796,283.216827,0.000000
1850,-51.654603,283.044899,0.000000
1851,-51.640389,282.873124,0.000000
1852,-51.626154,282.701501,0.000000
1853,-51.611896,282.530030,0.000000
1854,-51.597616,282.358712,0.000000
1855,-51.583313,282.187546,0.000000
1856,-51.568987,282.016532,0.000000
1857,-51.554638,281.845670,0.000000
1858,-51.540265,281.674961,0.000000
1859,-51.525868,281.504403,0.000000
1860,-51.511447,281.333998,0.000000
1861,-51.497001,281.163745,0.000000
1862,-51.482529,280.993644,0.000000
1863,-51.468032,280.823695,0.000000
1864,-51.453509,280.653898,0.000000
1865,-51.438959,280.484252,0.000000
1866,-51.424383,280.314759,0.000000
1867,-51.409780,280.145417,0.000000
1868,-51.395148,279.976228,0.000000
1869,-51.380489,279.807190,0.000000
1870,-51.365802,279.638304,0.000000
1871,-51.351085,279.469570,0.000000
1872,-51.336339,279.300987,0.000000
1873,-51.321564,279.132556,0.000000
1874,-51.306758,278.964277,0.000000
1875,-51.291921,278.796149,0.000000
1876,-51.277053,278.628174,0.000000
1877,-51.262154,278.460349,0.000000
1878,-51.247222,278.292677,0.000000
1879,-51.232258,278.125156,0.000000
1880,-51.217261,277.957786,0.000000
1881,-51.202230,277.790569,0.000000
1882,-51.187164,277.623502,0.000000
1883,-51.172064,277.456587,0.000000
1884,-51.156929,277.289824,0.000000
1885,-51.141758,277.123213,0.000000
1886,-51.126551,276.956752,0.000000
1887,-51.111307,276.790444,0.000000
1888,-51.096025,276.624287,0.000000
1889,-51.080705,276.458281,0.000000
1890,-51.065347,276.292427,0.000000
1891,-51.049949,276.126725,0.000000
1892,-51.034512,275.961174,0.000000
1893,-51.019034,275.795774,0.000000
1894,-51.003514,275.630526,0.000000
1895,-50.987953,275.465430,0.000000
1896,-50.972349,275.300485,0.000000
1897,-50.956703,275.135692,0.000000
1898,-50.941012,274.971050,0.000000
1899,-50.925277,274.806560,0.000000
1900,-50.909496,274.642222,0.000000
1901,-50.893670,274.478035,0.000000
1902,-50.877796,274.314000,0.000000
1903,-50.861875,274.150117,0.000000
1904,-50.845906,273.986385,0.000000
1905,-50.829888,273.822805,0.000000
1906,-50.813819,273.659377,0.000000
1907,-50.797700,273.496100,0.000000
1908,-50.781530,273.332976,0.000000
1909,-50.765307,273.170003,0.000000
1910,-50.749030,273.007182,0.000000
1911,-50.732700,272.844513,0.000000
1912,-50.716314,272.681997,0.000000
1913,-50.699872,272.519632,0.000000
1914,-50.683373,272.357419,0.000000
1915,-50.666817,272.195358,0.000000
1916,-50.650201,272.033450,0.000000
1917,-50.633525,271.871694,0.000000
1918,-50.616788,271.710090,0.000000
1919,-50.599989,271.548639,0.000000
1920,-50.583127,271.387340,0.000000
1921,-50.566201,271.226193,0.000000
1922,-50.549209,271.065199,0.000000
1923,-50.532150,270.904358,0.000000
1924,-50.515024,270.743669,0.000000
1925,-50.497829,270.583133,0.000000
1926,-50.480564,270.422750,0.000000
1927,-50.463227,270.262520,0.000000
1928,-50.445817,270.102444,0.000000
1929,-50.428333,269.942520,0.000000
1930,-50.410774,269.782749,0.000000
1931,-50.393137,269.623132,0.000000
1932,-50.375423,269.463668,0.000000
1933,-50.357629,269.304358,0.000000
1934,-50.339753,269.145202,0.000000
1935,-50.321794,268.986199,0.000000
1936,-50.303751,268.827350,0.000000
1937,-50.285623,268.668655,0.000000
1938,-50.267406,268.510114,0.000000
1939,-50.249100,268.351728,0.000000
1940,-50.230703,268.193496,0.000000
1941,-50.212213,268.035418,0.000000
1942,-50.193628,267.877495,0.000000
1943,-50.174947,267.719727,0.000000
1944,-50.156167,267.562114,0.000000
1945,-50.137286,267.404657,0.000000
1946,-50.118303,267.247354,0.000000
1947,-50.099215,267.090207,0.000000
1948,-50.080020,266.933216,0.000000
1949,-50.060716,266.776380,0.000000
1950,-50.041300,266.619701,0.000000
1951,-50.021771,266.463178,0.000000
1952,-50.002126,266.306811,0.000000
1953,-49.982362,266.150601,0.000000
1954,-49.962477,265.994547,0.000000
1955,-49.942468,265.838651,0.000000
1956,-49.922332,265.682912,0.000000
1957,-49.902067,265.527331,0.000000
1958,-49.881669,265.371907,0.000000
1959,-49.861137,265.216641,0.000000
1960,-49.840466,265.061534,0.000000
1961,-49.819654,264.906585,0.000000
1962,-49.798696,264.751795,0.000000
1963,-49.777591,264.597164,0.000000
1964,-49.756334,264.442692,0.000000
1965,-49.734922,264.288380,0.000000
1966,-49.713351,264.134228,0.000000
1967,-49.691618,263.980236,0.000000
1968,-49.669717,263.826405,0.000000
1969,-49.647646,263.672735,0.000000
1970,-49.625400,263.519226,0.000000
1971,-49.602974,263.365879,0.000000
1972,-49.580364,263.212694,0.000000
1973,-49.557565,263.059671,0.000000
1974,-49.534573,262.906811,0.000000
1975,-49.511382,262.754114,0.000000
1976,-49.487987,262.601581,0.000000
1977,-49.464383,262.449212,0.000000
1978,-49.440564,262.297008,0.000000
1979,-49.416523,262.144968,0.000000
1980,-49.392256,261.993094,0.000000
1981,-49.367755,261.841386,0.000000
1982,-49.343015,261.689845,0.000000
1983,-49.318027,261.538470,0.000000
1984,-49.292785,261.387263,0.000000
1985,-49.267282,261.236224,0.000000
1986,-49.241510,261.085354,0.000000
1987,-49.215461,260.934653,0.000000
1988,-49.189126,260.784122,0.000000
1989,-49.162496,260.633762,0.000000
1990,-49.135562,260.483573,0.000000
1991,-49.108316,260.333556,0.000000
1992,-49.080746,260.183711,0.000000
1993,-49.052842,260.034040,0.000000
1994,-49.024593,259.884543,0.000000
1995,-48.995988,259.735221,0.000000
1996,-48.967014,259.586075,0.000000
1997,-48.937659,259.437106,0.000000
1998,-48.907910,259.288314,0.000000
1999,-48.877753,259.139701,0.000000
