0,-70.000000,0.000000,0.000000
1,-69.849999,0.000000,0.000000
2,-69.700899,-0.000500,0.000000
3,-69.552693,-0.001497,0.000000
4,-69.405375,-0.002987,0.000000
5,-69.258941,-0.004968,0.000000
6,-69.113384,-0.007437,0.000000
7,-68.968699,-0.010390,0.000000
8,-68.824880,-0.013824,0.000000
9,-68.681923,-0.017737,0.000000
10,-68.539822,-0.022124,0.000000
11,-68.398571,-0.026984,0.000000
12,-68.258165,-0.032313,0.000000
13,-68.118598,-0.038109,0.000000
14,-67.979866,-0.044367,0.000000
15,-67.841963,-0.051086,0.000000
16,-67.704884,-0.058263,0.000000
17,-67.568624,-0.065894,0.000000
18,-67.433178,-0.073976,0.000000
19,-67.298540,-0.082508,0.000000
20,-67.164705,-0.091485,0.000000
21,-67.031669,-0.100905,0.000000
22,-66.899426,-0.110766,0.000000
23,-66.767971,-0.121065,0.000000
24,-66.637300,-0.131798,0.000000
25,-66.507408,-0.142963,0.000000
26,-66.378289,-0.154557,0.000000
27,-66.249938,-0.166578,0.000000
28,-66.122352,-0.179023,0.000000
29,-65.995524,-0.191888,0.000000
30,-65.869451,-0.205173,0.000000
31,-65.744128,-0.218873,0.000000
32,-65.619549,-0.232986,0.000000
33,-65.495710,-0.247510,0.000000
34,-65.372607,-0.262442,0.000000
35,-65.250235,-0.277779,0.000000
36,-65.128589,-0.293519,0.000000
37,-65.007664,-0.309659,0.000000
38,-64.887457,-0.326197,0.000000
39,-64.767962,-0.343130,0.000000
40,-64.649175,-0.360456,0.000000
41,-64.531092,-0.378172,0.000000
42,-64.413708,-0.396275,0.000000
43,-64.297018,-0.414764,0.000000
44,-64.181019,-0.433636,0.000000
45,-64.065707,-0.452888,0.000000
46,-63.951075,-0.472518,0.000000
47,-63.837121,-0.492524,0.000000
48,-63.723841,-0.512902,0.000000
49,-63.611228,-0.533652,0.000000
50,-63.499281,-0.554770,0.000000
51,-63.387994,-0.576254,0.000000
52,-63.277363,-0.598102,0.000000
53,-63.167384,-0.620311,0.000000
54,-63.058053,-0.642880,0.000000
55,-62.949366,-0.665806,0.000000
56,-62.841318,-0.689086,0.000000
57,-62.733906,-0.712718,0.000000
58,-62.627126,-0.736701,0.000000
59,-62.520973,-0.761032,0.000000
60,-62.415444,-0.785708,0.000000
61,-62.310534,-0.810728,0.000000
62,-62.206240,-0.836089,0.000000
63,-62.102557,-0.861790,0.000000
64,-61.999483,-0.887827,0.000000
65,-61.897012,-0.914200,0.000000
66,-61.795142,-0.940905,0.000000
67,-61.693868,-0.967941,0.000000
68,-61.593186,-0.995305,0.000000
69,-61.493093,-1.022996,0.000000
70,-61.393584,-1.051012,0.000000
71,-61.294657,-1.079350,0.000000
72,-61.196307,-1.108008,0.000000
73,-61.098531,-1.136984,0.000000
74,-61.001324,-1.166276,0.000000
75,-60.904684,-1.195883,0.000000
76,-60.808607,-1.225802,0.000000
77,-60.713088,-1.256032,0.000000
78,-60.618125,-1.286569,0.000000
79,-60.523714,-1.317413,0.000000
80,-60.429850,-1.348562,0.000000
81,-60.336532,-1.380013,0.000000
82,-60.243754,-1.411764,0.000000
83,-60.151514,-1.443815,0.000000
84,-60.059808,-1.476162,0.000000
85,-59.968633,-1.508804,0.000000
86,-59.877985,-1.541739,0.000000
87,-59.787860,-1.574965,0.000000
88,-59.698255,-1.608480,0.000000
89,-59.609168,-1.642283,0.000000
90,-59.520593,-1.676372,0.000000
91,-59.432529,-1.710744,0.000000
92,-59.344971,-1.745399,0.000000
93,-59.257916,-1.780334,0.000000
94,-59.171361,-1.815548,0.000000
95,-59.085303,-1.851038,0.000000
96,-58.999738,-1.886803,0.000000
97,-58.914663,-1.922842,0.000000
98,-58.830074,-1.959152,0.000000
99,-58.745969,-1.995732,0.000000
100,-58.662344,-2.032580,0.000000
101,-58.579196,-2.069695,0.000000
102,-58.496521,-2.107074,0.000000
103,-58.414317,-2.144717,0.000000
104,-58.332580,-2.182621,0.000000
105,-58.251307,-2.220785,0.000000
106,-58.170495,-2.259207,0.000000
107,-58.090141,-2.297885,0.000000
108,-58.010241,-2.336819,0.000000
109,-57.930792,-2.376006,0.000000
110,-57.851792,-2.415445,0.000000
111,-57.773237,-2.455133,0.000000
112,-57.695124,-2.495071,0.000000
113,-57.617450,-2.535256,0.000000
114,-57.540211,-2.575686,0.000000
115,-57.463405,-2.616360,0.000000
116,-57.387029,-2.657276,0.000000
117,-57.311080,-2.698434,0.000000
118,-57.235554,-2.739831,0.000000
119,-57.160449,-2.781465,0.000000
120,-57.085761,-2.823337,0.000000
121,-57.011487,-2.865443,0.000000
122,-56.937625,-2.907783,0.000000
123,-56.864172,-2.950355,0.000000
124,-56.791124,-2.993158,0.000000
125,-56.718478,-3.036190,0.000000
126,-56.646232,-3.079449,0.000000
127,-56.574383,-3.122935,0.000000
128,-56.502927,-3.166646,0.000000
129,-56.431861,-3.210581,0.000000
130,-56.361183,-3.254738,0.000000
131,-56.290890,-3.299116,0.000000
132,-56.220979,-3.343713,0.000000
133,-56.151446,-3.388529,0.000000
134,-56.082289,-3.433561,0.000000
135,-56.013505,-3.478809,0.000000
136,-55.945091,-3.524271,0.000000
137,-55.877045,-3.569946,0.000000
138,-55.809362,-3.615832,0.000000
139,-55.742041,-3.661929,0.000000
140,-55.675078,-3.708235,0.000000
141,-55.608470,-3.754749,0.000000
142,-55.542216,-3.801469,0.000000
143,-55.476310,-3.848394,0.000000
144,-55.410752,-3.895524,0.000000
145,-55.345538,-3.942856,0.000000
146,-55.280664,-3.990390,0.000000
147,-55.216129,-4.038125,0.000000
148,-55.151929,-4.086058,0.000000
149,-55.088062,-4.134190,0.000000
150,-55.024523,-4.182518,0.000000
151,-54.961312,-4.231042,0.000000
152,-54.898424,-4.279761,0.000000
153,-54.835858,-4.328673,0.000000
154,-54.773609,-4.377777,0.000000
155,-54.711675,-4.427072,0.000000
156,-54.650054,-4.476558,0.000000
157,-54.588742,-4.526232,0.000000
158,-54.527736,-4.576094,0.000000
159,-54.467035,-4.626143,0.000000
160,-54.406634,-4.676377,0.000000
161,-54.346530,-4.726797,0.000000
162,-54.286722,-4.777399,0.000000
163,-54.227206,-4.828184,0.000000
164,-54.167979,-4.879151,0.000000
165,-54.109038,-4.930298,0.000000
166,-54.050381,-4.981624,0.000000
167,-53.992004,-5.033129,0.000000
168,-53.933905,-5.084811,0.000000
169,-53.876081,-5.136670,0.000000
170,-53.818528,-5.188704,0.000000
171,-53.761244,-5.240913,0.000000
172,-53.704227,-5.293295,0.000000
173,-53.647472,-5.345850,0.000000
174,-53.590977,-5.398577,0.000000
175,-53.534739,-5.451474,0.000000
176,-53.478756,-5.504541,0.000000
177,-53.423023,-5.557777,0.000000
178,-53.367539,-5.611181,0.000000
179,-53.312300,-5.664752,0.000000
180,-53.257304,-5.718489,0.000000
181,-53.202546,-5.772392,0.000000
182,-53.148025,-5.826460,0.000000
183,-53.093737,-5.880691,0.000000
184,-53.039679,-5.935085,0.000000
185,-52.985849,-5.989641,0.000000
186,-52.932242,-6.044358,0.000000
187,-52.878857,-6.099236,0.000000
188,-52.825689,-6.154273,0.000000
189,-52.772737,-6.209469,0.000000
190,-52.719996,-6.264824,0.000000
191,-52.667463,-6.320336,0.000000
192,-52.615137,-6.376004,0.000000
193,-52.563012,-6.431828,0.000000
194,-52.511087,-6.487807,0.000000
195,-52.459357,-6.543941,0.000000
196,-52.407820,-6.600229,0.000000
197,-52.356473,-6.656669,0.000000
198,-52.305312,-6.713262,0.000000
199,-52.254334,-6.770007,0.000000
200,-52.203536,-6.826902,0.000000
201,-52.152914,-6.883948,0.000000
202,-52.102464,-6.941144,0.000000
203,-52.052185,-6.998488,0.000000
204,-52.002072,-7.055982,0.000000
205,-51.952121,-7.113623,0.000000
206,-51.902330,-7.171411,0.000000
207,-51.852695,-7.229346,0.000000
208,-51.803212,-7.287427,0.000000
209,-51.753878,-7.345654,0.000000
210,-51.704690,-7.404026,0.000000
211,-51.655642,-7.462543,0.000000
212,-51.606733,-7.521203,0.000000
213,-51.557959,-7.580007,0.000000
214,-51.509314,-7.638953,0.000000
215,-51.460797,-7.698043,0.000000
216,-51.412402,-7.757274,0.000000
217,-51.364127,-7.816647,0.000000
218,-51.315967,-7.876161,0.000000
219,-51.267919,-7.935816,0.000000
220,-51.219977,-7.995611,0.000000
221,-51.172139,-8.055546,0.000000
222,-51.124401,-8.115620,0.000000
223,-51.076757,-8.175833,0.000000
224,-51.029204,-8.236186,0.000000
225,-50.981738,-8.296676,0.000000
226,-50.934354,-8.357305,0.000000
227,-50.887048,-8.418071,0.000000
228,-50.839816,-8.478975,0.000000
229,-50.792652,-8.540016,0.000000
230,-50.745553,-8.601194,0.000000
231,-50.698513,-8.662508,0.000000
232,-50.651528,-8.723959,0.000000
233,-50.604593,-8.785546,0.000000
234,-50.557703,-8.847269,0.000000
235,-50.510854,-8.909127,0.000000
236,-50.464039,-8.971122,0.000000
237,-50.417254,-9.033251,0.000000
238,-50.370493,-9.095516,0.000000
239,-50.323752,-9.157916,0.000000
240,-50.277024,-9.220450,0.000000
241,-50.230304,-9.283120,0.000000
242,-50.183586,-9.345925,0.000000
243,-50.136864,-9.408864,0.000000
244,-50.090132,-9.471938,0.000000
245,-50.043384,-9.535147,0.000000
246,-49.996613,-9.598491,0.000000
247,-49.949814,-9.661969,0.000000
248,-49.902979,-9.725583,0.000000
249,-49.856102,-9.789331,0.000000
250,-49.809176,-9.853214,0.000000
251,-49.762193,-9.917233,0.000000
252,-49.715146,-9.981386,0.000000
253,-49.668027,-10.045675,0.000000
254,-49.620830,-10.110100,0.000000
255,-49.573545,-10.174660,0.000000
256,-49.526164,-10.239357,0.000000
257,-49.478679,-10.304190,0.000000
258,-49.431082,-10.369160,0.000000
259,-49.383362,-10.434266,0.000000
260,-49.335511,-10.499510,0.000000
261,-49.287519,-10.564892,0.000000
262,-49.239376,-10.630412,0.000000
263,-49.191072,-10.696071,0.000000
264,-49.142595,-10.761869,0.000000
265,-49.093936,-10.827806,0.000000
266,-49.045081,-10.893884,0.000000
267,-48.996020,-10.960102,0.000000
268,-48.946740,-11.026462,0.000000
269,-48.897228,-11.092964,0.000000
270,-48.847470,-11.159609,0.000000
271,-48.797453,-11.226397,0.000000
272,-48.747162,-11.293330,0.000000
273,-48.696581,-11.360409,0.000000
274,-48.645696,-11.427633,0.000000
275,-48.594489,-11.495005,0.000000
276,-48.542942,-11.562525,0.000000
277,-48.491039,-11.630195,0.000000
278,-48.438760,-11.698014,0.000000
279,-48.386084,-11.765986,0.000000
280,-48.332992,-11.834110,0.000000
281,-48.279460,-11.902389,0.000000
282,-48.225467,-11.970823,0.000000
283,-48.170987,-12.039415,0.000000
284,-48.115995,-12.108165,0.000000
285,-48.060463,-12.177076,0.000000
286,-48.004364,-12.246148,0.000000
287,-47.947666,-12.315385,0.000000
288,-47.890338,-12.384788,0.000000
289,-47.832346,-12.454358,0.000000
290,-47.773653,-12.524099,0.000000
291,-47.714221,-12.594012,0.000000
292,-47.654009,-12.664100,0.000000
293,-47.592973,-12.734365,0.000000
294,-47.531066,-12.804811,0.000000
295,-47.468239,-12.875439,0.000000
296,-47.404437,-12.946253,0.000000
297,-47.339604,-13.017256,0.000000
298,-47.273676,-13.088452,0.000000
299,-47.206587,-13.159843,0.000000
300,-47.138265,-13.231435,0.000000
301,-47.068632,-13.303230,0.000000
302,-46.997603,-13.375233,0.000000
303,-46.925085,-13.447450,0.000000
304,-46.850978,-13.519884,0.000000
305,-46.775171,-13.592540,0.000000
306,-46.697545,-13.665426,0.000000
307,-46.617967,-13.738545,0.000000
308,-46.536290,-13.811906,0.000000
309,-46.452352,-13.885514,0.000000
310,-46.365975,-13.959378,0.000000
311,-46.276958,-14.033505,0.000000
312,-46.185078,-14.107904,0.000000
313,-46.090082,-14.182584,0.000000
314,-45.991686,-14.257557,0.000000
315,-45.889569,-14.332832,0.000000
316,-45.783363,-14.408422,0.000000
317,-45.672646,-14.484342,0.000000
318,-45.556931,-14.560605,0.000000
319,-45.435652,-14.637228,0.000000
320,-45.308144,-14.714230,0.000000
321,-45.173622,-14.791631,0.000000
322,-45.031151,-14.869456,0.000000
323,-44.879598,-14.947729,0.000000
324,-44.717586,-15.026481,0.000000
325,-44.543406,-15.105747,0.000000
326,-44.354911,-15.185567,0.000000
327,-44.149353,-15.265988,0.000000
328,-43.923141,-15.347069,0.000000
329,-43.671460,-15.428876,0.000000
330,-43.387659,-15.511495,0.000000
331,-43.062212,-15.595032,0.000000
332,-42.680826,-15.679626,0.000000
333,-42.220758,-15.765463,0.000000
334,-41.642842,-15.852806,0.000000
335,-40.871783,-15.942045,0.000000
336,-39.736857,-16.033825,0.000000
337,-37.729024,-16.129358,0.000000
338,-32.221010,-16.231551,0.000000
339,0.000000,-16.352071,1.000000
340,-58.000000,-16.579954,0.000000
341,-57.913490,-16.614427,0.000000
342,-57.827473,-16.649177,0.000000
343,-57.741944,-16.684202,0.000000
344,-57.656900,-16.719501,0.000000
345,-57.572338,-16.755072,0.000000
346,-57.488254,-16.790912,0.000000
347,-57.404645,-16.827021,0.000000
348,-57.321508,-16.863397,0.000000
349,-57.238838,-16.900037,0.000000
350,-57.156634,-16.936941,0.000000
351,-57.074890,-16.974107,0.000000
352,-56.993605,-17.011532,0.000000
353,-56.912774,-17.049216,0.000000
354,-56.832394,-17.087157,0.000000
355,-56.752462,-17.125354,0.000000
356,-56.672975,-17.163804,0.000000
357,-56.593928,-17.202506,0.000000
358,-56.515319,-17.241459,0.000000
359,-56.437145,-17.280660,0.000000
360,-56.359402,-17.320110,0.000000
361,-56.282086,-17.359805,0.000000
362,-56.205195,-17.399745,0.000000
363,-56.128725,-17.439928,0.000000
364,-56.052672,-17.480352,0.000000
365,-55.977034,-17.521016,0.000000
366,-55.901807,-17.561919,0.000000
367,-55.826988,-17.603059,0.000000
368,-55.752573,-17.644435,0.000000
369,-55.678559,-17.686045,0.000000
370,-55.604943,-17.727887,0.000000
371,-55.531721,-17.769962,0.000000
372,-55.458891,-17.812266,0.000000
373,-55.386448,-17.854799,0.000000
374,-55.314390,-17.897559,0.000000
375,-55.242714,-17.940545,0.000000
376,-55.171415,-17.983756,0.000000
377,-55.100490,-18.027190,0.000000
378,-55.029937,-18.070846,0.000000
379,-54.959751,-18.114723,0.000000
380,-54.889930,-18.158819,0.000000
381,-54.820471,-18.203133,0.000000
382,-54.751369,-18.247663,0.000000
383,-54.682621,-18.292409,0.000000
384,-54.614225,-18.337370,0.000000
385,-54.546176,-18.382543,0.000000
386,-54.478472,-18.427929,0.000000
387,-54.411109,-18.473524,0.000000
388,-54.344083,-18.519330,0.000000
389,-54.277392,-18.565343,0.000000
390,-54.211031,-18.611563,0.000000
391,-54.144998,-18.657989,0.000000
392,-54.079288,-18.704620,0.000000
393,-54.013899,-18.751454,0.000000
394,-53.948827,-18.798490,0.000000
395,-53.884069,-18.845728,0.000000
396,-53.819621,-18.893166,0.000000
397,-53.755479,-18.940803,0.000000
398,-53.691641,-18.988638,0.000000
399,-53.628102,-19.036669,0.000000
400,-53.564859,-19.084897,0.000000
401,-53.501909,-19.133319,0.000000
402,-53.439247,-19.181935,0.000000
403,-53.376871,-19.230743,0.000000
404,-53.314777,-19.279744,0.000000
405,-53.252961,-19.328934,0.000000
406,-53.191419,-19.378315,0.000000
407,-53.130148,-19.427884,0.000000
408,-53.069144,-19.477641,0.000000
409,-53.008404,-19.527585,0.000000
410,-52.947924,-19.577714,0.000000
411,-52.887699,-19.628028,0.000000
412,-52.827727,-19.678527,0.000000
413,-52.768003,-19.729208,0.000000
414,-52.708523,-19.780072,0.000000
415,-52.649284,-19.831117,0.000000
416,-52.590282,-19.882342,0.000000
417,-52.531513,-19.933747,0.000000
418,-52.472973,-19.985331,0.000000
419,-52.414657,-20.037092,0.000000
420,-52.356563,-20.089031,0.000000
421,-52.298685,-20.141146,0.000000
422,-52.241021,-20.193437,0.000000
423,-52.183564,-20.245902,0.000000
424,-52.126313,-20.298542,0.000000
425,-52.069261,-20.351355,0.000000
426,-52.012406,-20.404340,0.000000
427,-51.955742,-20.457497,0.000000
428,-51.899265,-20.510825,0.000000
429,-51.842972,-20.564324,0.000000
430,-51.786856,-20.617993,0.000000
431,-51.730915,-20.671831,0.000000
432,-51.675144,-20.725837,0.000000
433,-51.619537,-20.780011,0.000000
434,-51.564090,-20.834353,0.000000
435,-51.508799,-20.888861,0.000000
436,-51.453658,-20.943535,0.000000
437,-51.398663,-20.998375,0.000000
438,-51.343809,-21.053380,0.000000
439,-51.289090,-21.108550,0.000000
440,-51.234503,-21.163883,0.000000
441,-51.180041,-21.219381,0.000000
442,-51.125699,-21.275041,0.000000
443,-51.071472,-21.330863,0.000000
444,-51.017355,-21.386848,0.000000
445,-50.963342,-21.442995,0.000000
446,-50.909427,-21.499302,0.000000
447,-50.855606,-21.555771,0.000000
448,-50.801871,-21.612401,0.000000
449,-50.748217,-21.669190,0.000000
450,-50.694638,-21.726140,0.000000
451,-50.641129,-21.783249,0.000000
452,-50.587681,-21.840517,0.000000
453,-50.534290,-21.897945,0.000000
454,-50.480949,-21.955531,0.000000
455,-50.427650,-22.013276,0.000000
456,-50.374388,-22.071180,0.000000
457,-50.321155,-22.129241,0.000000
458,-50.267943,-22.187461,0.000000
459,-50.214746,-22.245839,0.000000
460,-50.161557,-22.304374,0.000000
461,-50.108366,-22.363068,0.000000
462,-50.055168,-22.421919,0.000000
463,-50.001952,-22.480928,0.000000
464,-49.948712,-22.540094,0.000000
465,-49.895438,-22.599418,0.000000
466,-49.842121,-22.658901,0.000000
467,-49.788753,-22.718541,0.000000
468,-49.735325,-22.778338,0.000000
469,-49.681826,-22.838295,0.000000
470,-49.628246,-22.898409,0.000000
471,-49.574576,-22.958682,0.000000
472,-49.520805,-23.019114,0.000000
473,-49.466922,-23.079705,0.000000
474,-49.412915,-23.140455,0.000000
475,-49.358774,-23.201365,0.000000
476,-49.304485,-23.262436,0.000000
477,-49.250036,-23.323667,0.000000
478,-49.195414,-23.385059,0.000000
479,-49.140606,-23.446612,0.000000
480,-49.085598,-23.508328,0.000000
481,-49.030374,-23.570207,0.000000
482,-48.974920,-23.632249,0.000000
483,-48.919220,-23.694455,0.000000
484,-48.863258,-23.756826,0.000000
485,-48.807015,-23.819363,0.000000
486,-48.750474,-23.882066,0.000000
487,-48.693617,-23.944937,0.000000
488,-48.636423,-24.007977,0.000000
489,-48.578871,-24.071186,0.000000
490,-48.520941,-24.134566,0.000000
491,-48.462609,-24.198118,0.000000
492,-48.403850,-24.261844,0.000000
493,-48.344641,-24.325743,0.000000
494,-48.284954,-24.389819,0.000000
495,-48.224762,-24.454073,0.000000
496,-48.164034,-24.518506,0.000000
497,-48.102740,-24.583119,0.000000
498,-48.040846,-24.647916,0.000000
499,-47.978317,-24.712897,0.000000
500,-47.915116,-24.778065,0.000000
501,-47.851202,-24.843422,0.000000
502,-47.786535,-24.908970,0.000000
503,-47.721068,-24.974712,0.000000
504,-47.654753,-25.040650,0.000000
505,-47.587538,-25.106788,0.000000
506,-47.519369,-25.173127,0.000000
507,-47.450186,-25.239671,0.000000
508,-47.379925,-25.306424,0.000000
509,-47.308516,-25.373389,0.000000
510,-47.235886,-25.440569,0.000000
511,-47.161953,-25.507969,0.000000
512,-47.086631,-25.575594,0.000000
513,-47.009823,-25.643446,0.000000
514,-46.931425,-25.711532,0.000000
515,-46.851325,-25.779857,0.000000
516,-46.769396,-25.848426,0.000000
517,-46.685503,-25.917245,0.000000
518,-46.599493,-25.986321,0.000000
519,-46.511199,-26.055661,0.000000
520,-46.420434,-26.125272,0.000000
521,-46.326991,-26.195162,0.000000
522,-46.230636,-26.265340,0.000000
523,-46.131109,-26.335816,0.000000
524,-46.028112,-26.406601,0.000000
525,-45.921309,-26.477705,0.000000
526,-45.810315,-26.549141,0.000000
527,-45.694689,-26.620924,0.000000
528,-45.573918,-26.693068,0.000000
529,-45.447406,-26.765590,0.000000
530,-45.314452,-26.838510,0.000000
531,-45.174225,-26.911849,0.000000
532,-45.025730,-26.985631,0.000000
533,-44.867762,-27.059884,0.000000
534,-44.698843,-27.134638,0.000000
535,-44.517136,-27.209930,0.000000
536,-44.320318,-27.285803,0.000000
537,-44.105396,-27.362307,0.000000
538,-43.868429,-27.439501,0.000000
539,-43.604083,-27.517460,0.000000
540,-43.304910,-27.596274,0.000000
541,-42.960088,-27.676059,0.000000
542,-42.553095,-27.756967,0.000000
543,-42.057012,-27.839204,0.000000
544,-41.423986,-27.923067,0.000000
545,-40.557626,-28.009013,0.000000
546,-39.222657,-28.097818,0.000000
547,-36.616325,-28.191043,0.000000
548,-26.982910,-28.292925,0.000000
549,0.000000,-28.426884,1.000000
550,-58.000000,-28.650742,0.000000
551,-57.907455,-28.681192,0.000000
552,-57.815439,-28.711940,0.000000
553,-57.723950,-28.742985,0.000000
554,-57.632982,-28.774324,0.000000
555,-57.542533,-28.805956,0.000000
556,-57.452599,-28.837879,0.000000
557,-57.363175,-28.870091,0.000000
558,-57.274259,-28.902590,0.000000
559,-57.185846,-28.935375,0.000000
560,-57.097933,-28.968444,0.000000
561,-57.010516,-29.001794,0.000000
562,-56.923592,-29.035425,0.000000
563,-56.837156,-29.069335,0.000000
564,-56.751205,-29.103521,0.000000
565,-56.665736,-29.137983,0.000000
566,-56.580744,-29.172718,0.000000
567,-56.496226,-29.207724,0.000000
568,-56.412179,-29.243001,0.000000
569,-56.328598,-29.278546,0.000000
570,-56.245481,-29.314358,0.000000
571,-56.162822,-29.350435,0.000000
572,-56.080619,-29.386775,0.000000
573,-55.998868,-29.423378,0.000000
574,-55.917566,-29.460240,0.000000
575,-55.836707,-29.497362,0.000000
576,-55.756290,-29.534740,0.000000
577,-55.676310,-29.572374,0.000000
578,-55.596764,-29.610262,0.000000
579,-55.517647,-29.648403,0.000000
580,-55.438957,-29.686795,0.000000
581,-55.360689,-29.725436,0.000000
582,-55.282839,-29.764325,0.000000
583,-55.205405,-29.803461,0.000000
584,-55.128382,-29.842842,0.000000
585,-55.051767,-29.882466,0.000000
586,-54.975555,-29.922333,0.000000
587,-54.899743,-29.962440,0.000000
588,-54.824328,-30.002787,0.000000
589,-54.749305,-30.043372,0.000000
590,-54.674671,-30.084193,0.000000
591,-54.600422,-30.125249,0.000000
592,-54.526554,-30.166539,0.000000
593,-54.453063,-30.208062,0.000000
594,-54.379946,-30.249816,0.000000
595,-54.307198,-30.291799,0.000000
596,-54.234816,-30.334011,0.000000
597,-54.162796,-30.376451,0.000000
598,-54.091134,-30.419116,0.000000
599,-54.019826,-30.462006,0.000000
600,-53.948868,-30.505119,0.000000
601,-53.878256,-30.548454,0.000000
602,-53.807987,-30.592011,0.000000
603,-53.738055,-30.635787,0.000000
604,-53.668458,-30.679781,0.000000
605,-53.599190,-30.723993,0.000000
606,-53.530249,-30.768421,0.000000
607,-53.461629,-30.813064,0.000000
608,-53.393327,-30.857921,0.000000
609,-53.325338,-30.902991,0.000000
610,-53.257659,-30.948272,0.000000
611,-53.190285,-30.993764,0.000000
612,-53.123212,-31.039465,0.000000
613,-53.056436,-31.085374,0.000000
614,-52.989951,-31.131491,0.000000
615,-52.923755,-31.177814,0.000000
616,-52.857842,-31.224342,0.000000
617,-52.792208,-31.271075,0.000000
618,-52.726848,-31.318010,0.000000
619,-52.661759,-31.365148,0.000000
620,-52.596935,-31.412487,0.000000
621,-52.532371,-31.460027,0.000000
622,-52.468064,-31.507765,0.000000
623,-52.404009,-31.555703,0.000000
624,-52.340200,-31.603837,0.000000
625,-52.276632,-31.652169,0.000000
626,-52.213302,-31.700696,0.000000
627,-52.150204,-31.749418,0.000000
628,-52.087333,-31.798334,0.000000
629,-52.024684,-31.847444,0.000000
630,-51.962252,-31.896746,0.000000
631,-51.900031,-31.946239,0.000000
632,-51.838017,-31.995924,0.000000
633,-51.776204,-32.045798,0.000000
634,-51.714587,-32.095862,0.000000
635,-51.653160,-32.146115,0.000000
636,-51.591917,-32.196556,0.000000
637,-51.530853,-32.247184,0.000000
638,-51.469963,-32.297999,0.000000
639,-51.409240,-32.348999,0.000000
640,-51.348679,-32.400186,0.000000
641,-51.288273,-32.451557,0.000000
642,-51.228016,-32.503112,0.000000
643,-51.167902,-32.554851,0.000000
644,-51.107925,-32.606773,0.000000
645,-51.048078,-32.658877,0.000000
646,-50.988355,-32.711164,0.000000
647,-50.928748,-32.763633,0.000000
648,-50.869251,-32.816282,0.000000
649,-50.809858,-32.869113,0.000000
650,-50.750560,-32.922123,0.000000
651,-50.691350,-32.975314,0.000000
652,-50.632221,-33.028685,0.000000
653,-50.573166,-33.082234,0.000000
654,-50.514176,-33.135963,0.000000
655,-50.455243,-33.189870,0.000000
656,-50.396360,-33.243956,0.000000
657,-50.337517,-33.298221,0.000000
658,-50.278706,-33.352663,0.000000
659,-50.219919,-33.407283,0.000000
660,-50.161145,-33.462081,0.000000
661,-50.102376,-33.517056,0.000000
662,-50.043602,-33.572209,0.000000
663,-49.984813,-33.627540,0.000000
664,-49.925999,-33.683048,0.000000
665,-49.867149,-33.738734,0.000000
666,-49.808253,-33.794597,0.000000
667,-49.749298,-33.850638,0.000000
668,-49.690275,-33.906857,0.000000
669,-49.631170,-33.963253,0.000000
670,-49.571971,-34.019828,0.000000
671,-49.512665,-34.076582,0.000000
672,-49.453240,-34.133514,0.000000
673,-49.393681,-34.190626,0.000000
674,-49.333974,-34.247916,0.000000
675,-49.274104,-34.305387,0.000000
676,-49.214056,-34.363038,0.000000
677,-49.153814,-34.420870,0.000000
678,-49.093361,-34.478884,0.000000
679,-49.032679,-34.537080,0.000000
680,-48.971750,-34.595459,0.000000
681,-48.910556,-34.654021,0.000000
682,-48.849076,-34.712768,0.000000
683,-48.787289,-34.771700,0.000000
684,-48.725175,-34.830818,0.000000
685,-48.662710,-34.890124,0.000000
686,-48.599869,-34.949619,0.000000
687,-48.536629,-35.009302,0.000000
688,-48.472961,-35.069177,0.000000
689,-48.408839,-35.129244,0.000000
690,-48.344233,-35.189505,0.000000
691,-48.279111,-35.249961,0.000000
692,-48.213441,-35.310614,0.000000
693,-48.147187,-35.371466,0.000000
694,-48.080313,-35.432518,0.000000
695,-48.012780,-35.493773,0.000000
696,-47.944545,-35.555232,0.000000
697,-47.875563,-35.616899,0.000000
698,-47.805788,-35.678775,0.000000
699,-47.735168,-35.740862,0.000000
700,-47.663649,-35.803165,0.000000
701,-47.591172,-35.865685,0.000000
702,-47.517674,-35.928426,0.000000
703,-47.443089,-35.991391,0.000000
704,-47.367341,-36.054583,0.000000
705,-47.290353,-36.118007,0.000000
706,-47.212039,-36.181667,0.000000
707,-47.132306,-36.245566,0.000000
708,-47.051052,-36.309710,0.000000
709,-46.968166,-36.374103,0.000000
710,-46.883527,-36.438751,0.000000
711,-46.797001,-36.503660,0.000000
712,-46.708441,-36.568835,0.000000
713,-46.617686,-36.634284,0.000000
714,-46.524553,-36.700014,0.000000
715,-46.428843,-36.766032,0.000000
716,-46.330331,-36.832347,0.000000
717,-46.228764,-36.898969,0.000000
718,-46.123856,-36.965906,0.000000
719,-46.015286,-37.033172,0.000000
720,-45.902684,-37.100776,0.000000
721,-45.785628,-37.168734,0.000000
722,-45.663629,-37.237059,0.000000
723,-45.536120,-37.305768,0.000000
724,-45.402435,-37.374879,0.000000
725,-45.261789,-37.444412,0.000000
726,-45.113242,-37.514391,0.000000
727,-44.955663,-37.584842,0.000000
728,-44.787669,-37.655795,0.000000
729,-44.607551,-37.727285,0.000000
730,-44.413159,-37.799350,0.000000
731,-44.201738,-37.872040,0.000000
732,-43.969691,-37.945410,0.000000
733,-43.712194,-38.019529,0.000000
734,-43.422580,-38.094482,0.000000
735,-43.091298,-38.170375,0.000000
736,-42.704013,-38.247348,0.000000
737,-42.237894,-38.325585,0.000000
738,-41.653601,-38.405350,0.000000
739,-40.875403,-38.487037,0.000000
740,-39.731266,-38.571290,0.000000
741,-37.706510,-38.659328,0.000000
742,-32.124612,-38.754087,0.000000
743,0.000000,-38.867420,1.000000
744,-58.000000,-39.087798,0.000000
745,-57.902236,-39.114768,0.000000
746,-57.805035,-39.142056,0.000000
747,-57.708391,-39.169658,0.000000
748,-57.612302,-39.197574,0.000000
749,-57.516762,-39.225800,0.000000
750,-57.421769,-39.254336,0.000000
751,-57.327318,-39.283179,0.000000
752,-57.233405,-39.312326,0.000000
753,-57.140026,-39.341778,0.000000
754,-57.047177,-39.371530,0.000000
755,-56.954854,-39.401583,0.000000
756,-56.863053,-39.431932,0.000000
757,-56.771771,-39.462578,0.000000
758,-56.681003,-39.493518,0.000000
759,-56.590745,-39.524750,0.000000
760,-56.500994,-39.556273,0.000000
761,-56.411744,-39.588084,0.000000
762,-56.322994,-39.620182,0.000000
763,-56.234737,-39.652566,0.000000
764,-56.146971,-39.685232,0.000000
765,-56.059692,-39.718181,0.000000
766,-55.972895,-39.751409,0.000000
767,-55.886576,-39.784916,0.000000
768,-55.800732,-39.818699,0.000000
769,-55.715358,-39.852757,0.000000
770,-55.630451,-39.887088,0.000000
771,-55.546006,-39.921691,0.000000
772,-55.462019,-39.956563,0.000000
773,-55.378487,-39.991705,0.000000
774,-55.295405,-40.027112,0.000000
775,-55.212769,-40.062785,0.000000
776,-55.130575,-40.098722,0.000000
777,-55.048820,-40.134920,0.000000
778,-54.967498,-40.171379,0.000000
779,-54.886606,-40.208097,0.000000
780,-54.806140,-40.245072,0.000000
781,-54.726096,-40.282304,0.000000
782,-54.646468,-40.319789,0.000000
783,-54.567254,-40.357528,0.000000
784,-54.488449,-40.395518,0.000000
785,-54.410048,-40.433758,0.000000
786,-54.332048,-40.472246,0.000000
787,-54.254444,-40.510982,0.000000
788,-54.177232,-40.549964,0.000000
789,-54.100407,-40.589189,0.000000
790,-54.023966,-40.628658,0.000000
791,-53.947903,-40.668369,0.000000
792,-53.872214,-40.708320,0.000000
793,-53.796896,-40.748510,0.000000
794,-53.721943,-40.788937,0.000000
795,-53.647350,-40.829601,0.000000
796,-53.573114,-40.870500,0.000000
797,-53.499230,-40.911633,0.000000
798,-53.425692,-40.952998,0.000000
799,-53.352498,-40.994595,0.000000
800,-53.279640,-41.036422,0.000000
801,-53.207116,-41.078477,0.000000
802,-53.134920,-41.120761,0.000000
803,-53.063047,-41.163271,0.000000
804,-52.991493,-41.206006,0.000000
805,-52.920252,-41.248966,0.000000
806,-52.849320,-41.292149,0.000000
807,-52.778690,-41.335554,0.000000
808,-52.708360,-41.379179,0.000000
809,-52.638322,-41.423025,0.000000
810,-52.568572,-41.467090,0.000000
811,-52.499105,-41.511372,0.000000
812,-52.429915,-41.555871,0.000000
813,-52.360997,-41.600586,0.000000
814,-52.292345,-41.645516,0.000000
815,-52.223954,-41.690660,0.000000
816,-52.155818,-41.736016,0.000000
817,-52.087932,-41.781585,0.000000
818,-52.020289,-41.827365,0.000000
819,-51.952883,-41.873355,0.000000
820,-51.885709,-41.919554,0.000000
821,-51.818761,-41.965962,0.000000
822,-51.752032,-42.012577,0.000000
823,-51.685517,-42.059400,0.000000
824,-51.619208,-42.106428,0.000000
825,-51.553099,-42.153662,0.000000
826,-51.487183,-42.201100,0.000000
827,-51.421455,-42.248743,0.000000
828,-51.355906,-42.296588,0.000000
829,-51.290531,-42.344636,0.000000
830,-51.225321,-42.392886,0.000000
831,-51.160270,-42.441338,0.000000
832,-51.095370,-42.489990,0.000000
833,-51.030613,-42.538842,0.000000
834,-50.965992,-42.587893,0.000000
835,-50.901499,-42.637144,0.000000
836,-50.837126,-42.686593,0.000000
837,-50.772864,-42.736241,0.000000
838,-50.708705,-42.786086,0.000000
839,-50.644640,-42.836128,0.000000
840,-50.580660,-42.886367,0.000000
841,-50.516757,-42.936803,0.000000
842,-50.452920,-42.987435,0.000000
843,-50.389141,-43.038263,0.000000
844,-50.325409,-43.089286,0.000000
845,-50.261714,-43.140505,0.000000
846,-50.198045,-43.191919,0.000000
847,-50.134392,-43.243528,0.000000
848,-50.070744,-43.295333,0.000000
849,-50.007089,-43.347332,0.000000
850,-49.943415,-43.399526,0.000000
851,-49.879710,-43.451914,0.000000
852,-49.815962,-43.504498,0.000000
853,-49.752158,-43.557277,0.000000
854,-49.688283,-43.610250,0.000000
855,-49.624324,-43.663419,0.000000
856,-49.560267,-43.716784,0.000000
857,-49.496096,-43.770344,0.000000
858,-49.431796,-43.824100,0.000000
859,-49.367350,-43.878053,0.000000
860,-49.302742,-43.932202,0.000000
861,-49.237954,-43.986549,0.000000
862,-49.172968,-44.041094,0.000000
863,-49.107764,-44.095837,0.000000
864,-49.042322,-44.150779,0.000000
865,-48.976623,-44.205921,0.000000
866,-48.910643,-44.261264,0.000000
867,-48.844360,-44.316808,0.000000
868,-48.777749,-44.372554,0.000000
869,-48.710786,-44.428504,0.000000
870,-48.643445,-44.484659,0.000000
871,-48.575696,-44.541019,0.000000
872,-48.507511,-44.597586,0.000000
873,-48.438858,-44.654362,0.000000
874,-48.369705,-44.711348,0.000000
875,-48.300017,-44.768545,0.000000
876,-48.229757,-44.825955,0.000000
877,-48.158886,-44.883581,0.000000
878,-48.087363,-44.941423,0.000000
879,-48.015143,-44.999485,0.000000
880,-47.942179,-45.057768,0.000000
881,-47.868421,-45.116275,0.000000
882,-47.793815,-45.175008,0.000000
883,-47.718302,-45.233970,0.000000
884,-47.641823,-45.293165,0.000000
885,-47.564308,-45.352594,0.000000
886,-47.485687,-45.412262,0.000000
887,-47.405882,-45.472173,0.000000
888,-47.324808,-45.532329,0.000000
889,-47.242375,-45.592736,0.000000
890,-47.158482,-45.653397,0.000000
891,-47.073021,-45.714317,0.000000
892,-46.985874,-45.775502,0.000000
893,-46.896909,-45.836958,0.000000
894,-46.805984,-45.898689,0.000000
895,-46.712940,-45.960703,0.000000
896,-46.617602,-46.023006,0.000000
897,-46.519773,-46.085607,0.000000
898,-46.419235,-46.148512,0.000000
899,-46.315745,-46.211732,0.000000
900,-46.209025,-46.275275,0.000000
901,-46.098764,-46.339154,0.000000
902,-45.984605,-46.403378,0.000000
903,-45.866142,-46.467961,0.000000
904,-45.742905,-46.532918,0.000000
905,-45.614349,-46.598264,0.000000
906,-45.479838,-46.664017,0.000000
907,-45.338621,-46.730196,0.000000
908,-45.189803,-46.796824,0.000000
909,-45.032312,-46.863926,0.000000
910,-44.864839,-46.931530,0.000000
911,-44.685773,-46.999670,0.000000
912,-44.493098,-47.068384,0.000000
913,-44.284245,-47.137718,0.000000
914,-44.055876,-47.207725,0.000000
915,-43.803551,-47.278469,0.000000
916,-43.521188,-47.350031,0.000000
917,-43.200163,-47.422510,0.000000
918,-42.827711,-47.496036,0.000000
919,-42.383861,-47.570778,0.000000
920,-41.835012,-47.646975,0.000000
921,-41.118660,-47.724976,0.000000
922,-40.100105,-47.805339,0.000000
923,-38.411591,-47.889070,0.000000
924,-34.486486,-47.978402,0.000000
925,-6.477836,-48.080787,0.000000
926,0.000000,-48.276501,1.000000
927,-58.000000,-48.493742,0.000000
928,-57.897533,-48.517577,0.000000
929,-57.795658,-48.541746,0.000000
930,-57.694370,-48.566247,0.000000
931,-57.593664,-48.591077,0.000000
932,-57.493538,-48.616234,0.000000
933,-57.393985,-48.641717,0.000000
934,-57.295003,-48.667523,0.000000
935,-57.196586,-48.693651,0.000000
936,-57.098731,-48.720098,0.000000
937,-57.001434,-48.746862,0.000000
938,-56.904690,-48.773941,0.000000
939,-56.808495,-48.801334,0.000000
940,-56.712844,-48.829039,0.000000
941,-56.617734,-48.857053,0.000000
942,-56.523161,-48.885375,0.000000
943,-56.429119,-48.914003,0.000000
944,-56.335605,-48.942934,0.000000
945,-56.242615,-48.972168,0.000000
946,-56.150144,-49.001702,0.000000
947,-56.058188,-49.031534,0.000000
948,-55.966743,-49.061663,0.000000
949,-55.875804,-49.092087,0.000000
950,-55.785368,-49.122803,0.000000
951,-55.695429,-49.153811,0.000000
952,-55.605984,-49.185108,0.000000
953,-55.517028,-49.216693,0.000000
954,-55.428557,-49.248564,0.000000
955,-55.340566,-49.280720,0.000000
956,-55.253051,-49.313158,0.000000
957,-55.166009,-49.345876,0.000000
958,-55.079433,-49.378874,0.000000
959,-54.993320,-49.412150,0.000000
960,-54.907666,-49.445702,0.000000
961,-54.822466,-49.479527,0.000000
962,-54.737715,-49.513626,0.000000
963,-54.653408,-49.547996,0.000000
964,-54.569543,-49.582635,0.000000
965,-54.486112,-49.617542,0.000000
966,-54.403113,-49.652716,0.000000
967,-54.320541,-49.688155,0.000000
968,-54.238390,-49.723857,0.000000
969,-54.156656,-49.759821,0.000000
970,-54.075335,-49.796046,0.000000
971,-53.994421,-49.832529,0.000000
972,-53.913909,-49.869270,0.000000
973,-53.833796,-49.906268,0.000000
974,-53.754075,-49.943519,0.000000
975,-53.674742,-49.981025,0.000000
976,-53.595793,-50.018782,0.000000
977,-53.517221,-50.056790,0.000000
978,-53.439022,-50.095047,0.000000
979,-53.361190,-50.133552,0.000000
980,-53.283721,-50.172303,0.000000
981,-53.206609,-50.211300,0.000000
982,-53.129849,-50.250541,0.000000
983,-53.053435,-50.290024,0.000000
984,-52.977363,-50.329750,0.000000
985,-52.901626,-50.369715,0.000000
986,-52.826219,-50.409920,0.000000
987,-52.751136,-50.450362,0.000000
988,-52.676371,-50.491042,0.000000
989,-52.601920,-50.531957,0.000000
990,-52.527775,-50.573107,0.000000
991,-52.453931,-50.614490,0.000000
992,-52.380382,-50.656105,0.000000
993,-52.307122,-50.697952,0.000000
994,-52.234144,-50.740029,0.000000
995,-52.161442,-50.782335,0.000000
996,-52.089010,-50.824869,0.000000
997,-52.016841,-50.867631,0.000000
998,-51.944929,-50.910619,0.000000
999,-51.873266,-50.953832,0.000000
1000,-51.801846,-50.997270,0.000000
1001,-51.730662,-51.040932,0.000000
1002,-51.659707,-51.084816,0.000000
1003,-51.588973,-51.128922,0.000000
1004,-51.518453,-51.173249,0.000000
1005,-51.448139,-51.217796,0.000000
1006,-51.378024,-51.262563,0.000000
1007,-51.308100,-51.307549,0.000000
1008,-51.238358,-51.352753,0.000000
1009,-51.168791,-51.398174,0.000000
1010,-51.099390,-51.443812,0.000000
1011,-51.030146,-51.489666,0.000000
1012,-50.961051,-51.535736,0.000000
1013,-50.892095,-51.582020,0.000000
1014,-50.823270,-51.628519,0.000000
1015,-50.754565,-51.675232,0.000000
1016,-50.685972,-51.722159,0.000000
1017,-50.617479,-51.769298,0.000000
1018,-50.549077,-51.816650,0.000000
1019,-50.480755,-51.864214,0.000000
1020,-50.412502,-51.911990,0.000000
1021,-50.344308,-51.959978,0.000000
1022,-50.276160,-52.008177,0.000000
1023,-50.208046,-52.056587,0.000000
1024,-50.139955,-52.105208,0.000000
1025,-50.071874,-52.154040,0.000000
1026,-50.003789,-52.203082,0.000000
1027,-49.935688,-52.252335,0.000000
1028,-49.867555,-52.301799,0.000000
1029,-49.799378,-52.351473,0.000000
1030,-49.731139,-52.401358,0.000000
1031,-49.662825,-52.451454,0.000000
1032,-49.594419,-52.501760,0.000000
1033,-49.525904,-52.552278,0.000000
1034,-49.457262,-52.603008,0.000000
1035,-49.388476,-52.653949,0.000000
1036,-49.319526,-52.705103,0.000000
1037,-49.250393,-52.756470,0.000000
1038,-49.181056,-52.808049,0.000000
1039,-49.111494,-52.859843,0.000000
1040,-49.041683,-52.911852,0.000000
1041,-48.971600,-52.964075,0.000000
1042,-48.901221,-53.016515,0.000000
1043,-48.830519,-53.069173,0.000000
1044,-48.759467,-53.122048,0.000000
1045,-48.688036,-53.175142,0.000000
1046,-48.616196,-53.228457,0.000000
1047,-48.543914,-53.281994,0.000000
1048,-48.471158,-53.335753,0.000000
1049,-48.397890,-53.389737,0.000000
1050,-48.324073,-53.443948,0.000000
1051,-48.249667,-53.498386,0.000000
1052,-48.174628,-53.553055,0.000000
1053,-48.098912,-53.607955,0.000000
1054,-48.022469,-53.663089,0.000000
1055,-47.945248,-53.718460,0.000000
1056,-47.867192,-53.774070,0.000000
1057,-47.788243,-53.829921,0.000000
1058,-47.708336,-53.886017,0.000000
1059,-47.627402,-53.942360,0.000000
1060,-47.545368,-53.998955,0.000000
1061,-47.462151,-54.055804,0.000000
1062,-47.377666,-54.112912,0.000000
1063,-47.291818,-54.170282,0.000000
1064,-47.204503,-54.227919,0.000000
1065,-47.115609,-54.285828,0.000000
1066,-47.025012,-54.344014,0.000000
1067,-46.932578,-54.402483,0.000000
1068,-46.838158,-54.461240,0.000000
1069,-46.741585,-54.520292,0.000000
1070,-46.642677,-54.579647,0.000000
1071,-46.541231,-54.639311,0.000000
1072,-46.437018,-54.699294,0.000000
1073,-46.329781,-54.759604,0.000000
1074,-46.219233,-54.820252,0.000000
1075,-46.105045,-54.881248,0.000000
1076,-45.986842,-54.942604,0.000000
1077,-45.864196,-55.004333,0.000000
1078,-45.736610,-55.066451,0.000000
1079,-45.603507,-55.128974,0.000000
1080,-45.464211,-55.191919,0.000000
1081,-45.317921,-55.255308,0.000000
1082,-45.163682,-55.319163,0.000000
1083,-45.000338,-55.383511,0.000000
1084,-44.826479,-55.448382,0.000000
1085,-44.640356,-55.513811,0.000000
1086,-44.439767,-55.579838,0.000000
1087,-44.221888,-55.646513,0.000000
1088,-43.983017,-55.713891,0.000000
1089,-43.718180,-55.782043,0.000000
1090,-43.420482,-55.851055,0.000000
1091,-43.079996,-55.921036,0.000000
1092,-42.681751,-55.992129,0.000000
1093,-42.201737,-56.064526,0.000000
1094,-41.598180,-56.138499,0.000000
1095,-40.789557,-56.214459,0.000000
1096,-39.586650,-56.293089,0.000000
1097,-37.401149,-56.375702,0.000000
1098,-30.887443,-56.465573,0.000000
1099,0.000000,-56.577126,1.000000
1100,-58.000000,-56.791601,0.000000
1101,-57.893384,-56.812670,0.000000
1102,-57.787386,-56.834088,0.000000
1103,-57.682000,-56.855852,0.000000
1104,-57.577223,-56.877960,0.000000
1105,-57.473049,-56.900410,0.000000
1106,-57.369474,-56.923200,0.000000
1107,-57.266494,-56.946327,0.000000
1108,-57.164105,-56.969790,0.000000
1109,-57.062302,-56.993586,0.000000
1110,-56.961080,-57.017714,0.000000
1111,-56.860435,-57.042171,0.000000
1112,-56.760363,-57.066956,0.000000
1113,-56.660859,-57.092066,0.000000
1114,-56.561918,-57.117499,0.000000
1115,-56.463537,-57.143253,0.000000
1116,-56.365710,-57.169327,0.000000
1117,-56.268434,-57.195718,0.000000
1118,-56.171703,-57.222425,0.000000
1119,-56.075513,-57.249445,0.000000
1120,-55.979860,-57.276777,0.000000
1121,-55.884739,-57.304418,0.000000
1122,-55.790145,-57.332368,0.000000
1123,-55.696075,-57.360623,0.000000
1124,-55.602523,-57.389183,0.000000
1125,-55.509484,-57.418044,0.000000
1126,-55.416955,-57.447207,0.000000
1127,-55.324930,-57.476668,0.000000
1128,-55.233404,-57.506426,0.000000
1129,-55.142374,-57.536479,0.000000
1130,-55.051834,-57.566826,0.000000
1131,-54.961780,-57.597464,0.000000
1132,-54.872207,-57.628392,0.000000
1133,-54.783109,-57.659609,0.000000
1134,-54.694483,-57.691112,0.000000
1135,-54.606323,-57.722900,0.000000
1136,-54.518624,-57.754971,0.000000
1137,-54.431382,-57.787324,0.000000
1138,-54.344591,-57.819957,0.000000
1139,-54.258246,-57.852868,0.000000
1140,-54.172343,-57.886057,0.000000
1141,-54.086876,-57.919520,0.000000
1142,-54.001840,-57.953257,0.000000
1143,-53.917230,-57.987267,0.000000
1144,-53.833040,-58.021547,0.000000
1145,-53.749266,-58.056096,0.000000
1146,-53.665901,-58.090913,0.000000
1147,-53.582941,-58.125997,0.000000
1148,-53.500380,-58.161345,0.000000
1149,-53.418212,-58.196957,0.000000
1150,-53.336432,-58.232830,0.000000
1151,-53.255034,-58.268964,0.000000
1152,-53.174012,-58.305358,0.000000
1153,-53.093361,-58.342010,0.000000
1154,-53.013075,-58.378918,0.000000
1155,-52.933147,-58.416081,0.000000
1156,-52.853571,-58.453499,0.000000
1157,-52.774342,-58.491169,0.000000
1158,-52.695453,-58.529091,0.000000
1159,-52.616898,-58.567263,0.000000
1160,-52.538670,-58.605684,0.000000
1161,-52.460763,-58.644353,0.000000
1162,-52.383170,-58.683269,0.000000
1163,-52.305884,-58.722431,0.000000
1164,-52.228899,-58.761837,0.000000
1165,-52.152208,-58.801487,0.000000
1166,-52.075803,-58.841379,0.000000
1167,-51.999677,-58.881513,0.000000
1168,-51.923823,-58.921886,0.000000
1169,-51.848233,-58.962500,0.000000
1170,-51.772900,-59.003351,0.000000
1171,-51.697815,-59.044441,0.000000
1172,-51.622972,-59.085766,0.000000
1173,-51.548361,-59.127328,0.000000
1174,-51.473974,-59.169124,0.000000
1175,-51.399803,-59.211155,0.000000
1176,-51.325839,-59.253418,0.000000
1177,-51.252073,-59.295914,0.000000
1178,-51.178496,-59.338642,0.000000
1179,-51.105099,-59.381601,0.000000
1180,-51.031871,-59.424790,0.000000
1181,-50.958805,-59.468209,0.000000
1182,-50.885888,-59.511857,0.000000
1183,-50.813111,-59.555733,0.000000
1184,-50.740463,-59.599838,0.000000
1185,-50.667933,-59.644170,0.000000
1186,-50.595511,-59.688728,0.000000
1187,-50.523184,-59.733514,0.000000
1188,-50.450940,-59.778525,0.000000
1189,-50.378767,-59.823763,0.000000
1190,-50.306653,-59.869226,0.000000
1191,-50.234584,-59.914914,0.000000
1192,-50.162548,-59.960827,0.000000
1193,-50.090529,-60.006965,0.000000
1194,-50.018513,-60.053327,0.000000
1195,-49.946486,-60.099914,0.000000
1196,-49.874431,-60.146726,0.000000
1197,-49.802334,-60.193762,0.000000
1198,-49.730176,-60.241023,0.000000
1199,-49.657942,-60.288509,0.000000
1200,-49.585611,-60.336220,0.000000
1201,-49.513167,-60.384156,0.000000
1202,-49.440589,-60.432317,0.000000
1203,-49.367856,-60.480704,0.000000
1204,-49.294948,-60.529318,0.000000
1205,-49.221842,-60.578158,0.000000
1206,-49.148514,-60.627226,0.000000
1207,-49.074941,-60.676522,0.000000
1208,-49.001096,-60.726047,0.000000
1209,-48.926952,-60.775801,0.000000
1210,-48.852482,-60.825786,0.000000
1211,-48.777655,-60.876002,0.000000
1212,-48.702440,-60.926452,0.000000
1213,-48.626804,-60.977135,0.000000
1214,-48.550711,-61.028053,0.000000
1215,-48.474125,-61.079208,0.000000
1216,-48.397006,-61.130601,0.000000
1217,-48.319312,-61.182234,0.000000
1218,-48.240999,-61.234109,0.000000
1219,-48.162020,-61.286228,0.000000
1220,-48.082323,-61.338592,0.000000
1221,-48.001856,-61.391205,0.000000
1222,-47.920560,-61.444068,0.000000
1223,-47.838374,-61.497185,0.000000
1224,-47.755230,-61.550558,0.000000
1225,-47.671057,-61.604190,0.000000
1226,-47.585778,-61.658086,0.000000
1227,-47.499309,-61.712247,0.000000
1228,-47.411558,-61.766678,0.000000
1229,-47.322427,-61.821384,0.000000
1230,-47.231809,-61.876369,0.000000
1231,-47.139586,-61.931638,0.000000
1232,-47.045628,-61.987195,0.000000
1233,-46.949793,-62.043047,0.000000
1234,-46.851925,-62.099200,0.000000
1235,-46.751851,-62.155661,0.000000
1236,-46.649377,-62.212436,0.000000
1237,-46.544289,-62.269534,0.000000
1238,-46.436346,-62.326963,0.000000
1239,-46.325276,-62.384733,0.000000
1240,-46.210773,-62.442854,0.000000
1241,-46.092487,-62.501337,0.000000
1242,-45.970020,-62.560195,0.000000
1243,-45.842912,-62.619442,0.000000
1244,-45.710630,-62.679092,0.000000
1245,-45.572555,-62.739164,0.000000
1246,-45.427953,-62.799675,0.000000
1247,-45.275957,-62.860649,0.000000
1248,-45.115522,-62.922109,0.000000
1249,-44.945383,-62.984083,0.000000
1250,-44.763982,-63.046604,0.000000
1251,-44.569373,-63.109708,0.000000
1252,-44.359090,-63.173441,0.000000
1253,-44.129935,-63.237852,0.000000
1254,-43.877671,-63.303007,0.000000
1255,-43.596525,-63.368980,0.000000
1256,-43.278359,-63.435869,0.000000
1257,-42.911217,-63.503796,0.000000
1258,-42.476575,-63.572924,0.000000
1259,-41.943664,-63.643477,0.000000
1260,-41.256285,-63.715784,0.000000
1261,-40.296602,-63.790358,0.000000
1262,-38.757437,-63.868106,0.000000
1263,-35.448039,-63.950958,0.000000
1264,-18.131370,-64.044814,0.000000
1265,0.000000,-64.196361,1.000000
1266,-58.000000,-64.408296,0.000000
1267,-57.889576,-64.426827,0.000000
1268,-57.779793,-64.445719,0.000000
1269,-57.670646,-64.464971,0.000000
1270,-57.562130,-64.484581,0.000000
1271,-57.454242,-64.504545,0.000000
1272,-57.346975,-64.524863,0.000000
1273,-57.240326,-64.545532,0.000000
1274,-57.134290,-64.566549,0.000000
1275,-57.028862,-64.587912,0.000000
1276,-56.924038,-64.609620,0.000000
1277,-56.819813,-64.631670,0.000000
1278,-56.716181,-64.654060,0.000000
1279,-56.613140,-64.676788,0.000000
1280,-56.510683,-64.699852,0.000000
1281,-56.408806,-64.723250,0.000000
1282,-56.307505,-64.746979,0.000000
1283,-56.206774,-64.771039,0.000000
1284,-56.106609,-64.795426,0.000000
1285,-56.007005,-64.820139,0.000000
1286,-55.907958,-64.845175,0.000000
1287,-55.809462,-64.870534,0.000000
1288,-55.711512,-64.896212,0.000000
1289,-55.614105,-64.922208,0.000000
1290,-55.517235,-64.948520,0.000000
1291,-55.420897,-64.975147,0.000000
1292,-55.325086,-65.002085,0.000000
1293,-55.229797,-65.029334,0.000000
1294,-55.135025,-65.056892,0.000000
1295,-55.040766,-65.084756,0.000000
1296,-54.947014,-65.112925,0.000000
1297,-54.853764,-65.141398,0.000000
1298,-54.761011,-65.170171,0.000000
1299,-54.668749,-65.199245,0.000000
1300,-54.576975,-65.228616,0.000000
1301,-54.485682,-65.258283,0.000000
1302,-54.394865,-65.288245,0.000000
1303,-54.304518,-65.318499,0.000000
1304,-54.214637,-65.349044,0.000000
1305,-54.125216,-65.379879,0.000000
1306,-54.036249,-65.411002,0.000000
1307,-53.947732,-65.442411,0.000000
1308,-53.859657,-65.474104,0.000000
1309,-53.772020,-65.506081,0.000000
1310,-53.684815,-65.538338,0.000000
1311,-53.598035,-65.570876,0.000000
1312,-53.511676,-65.603693,0.000000
1313,-53.425731,-65.636786,0.000000
1314,-53.340194,-65.670154,0.000000
1315,-53.255059,-65.703797,0.000000
1316,-53.170320,-65.737712,0.000000
1317,-53.085970,-65.771899,0.000000
1318,-53.002003,-65.806355,0.000000
1319,-52.918413,-65.841079,0.000000
1320,-52.835193,-65.876071,0.000000
1321,-52.752337,-65.911328,0.000000
1322,-52.669836,-65.946850,0.000000
1323,-52.587686,-65.982635,0.000000
1324,-52.505878,-66.018682,0.000000
1325,-52.424405,-66.054989,0.000000
1326,-52.343261,-66.091556,0.000000
1327,-52.262437,-66.128382,0.000000
1328,-52.181927,-66.165464,0.000000
1329,-52.101722,-66.202802,0.000000
1330,-52.021814,-66.240396,0.000000
1331,-51.942196,-66.278243,0.000000
1332,-51.862860,-66.316343,0.000000
1333,-51.783797,-66.354694,0.000000
1334,-51.704998,-66.393297,0.000000
1335,-51.626456,-66.432149,0.000000
1336,-51.548160,-66.471250,0.000000
1337,-51.470101,-66.510599,0.000000
1338,-51.392272,-66.550195,0.000000
1339,-51.314661,-66.590038,0.000000
1340,-51.237259,-66.630126,0.000000
1341,-51.160056,-66.670458,0.000000
1342,-51.083042,-66.711034,0.000000
1343,-51.006206,-66.751854,0.000000
1344,-50.929537,-66.792916,0.000000
1345,-50.853024,-66.834220,0.000000
1346,-50.776655,-66.875765,0.000000
1347,-50.700419,-66.917551,0.000000
1348,-50.624304,-66.959577,0.000000
1349,-50.548296,-67.001843,0.000000
1350,-50.472382,-67.044348,0.000000
1351,-50.396550,-67.087092,0.000000
1352,-50.320786,-67.130074,0.000000
1353,-50.245074,-67.173295,0.000000
1354,-50.169401,-67.216754,0.000000
1355,-50.093751,-67.260450,0.000000
1356,-50.018108,-67.304384,0.000000
1357,-49.942455,-67.348555,0.000000
1358,-49.866776,-67.392964,0.000000
1359,-49.791052,-67.437611,0.000000
1360,-49.715265,-67.482495,0.000000
1361,-49.639396,-67.527616,0.000000
1362,-49.563425,-67.572976,0.000000
1363,-49.487331,-67.618574,0.000000
1364,-49.411091,-67.664410,0.000000
1365,-49.334684,-67.710484,0.000000
1366,-49.258085,-67.756799,0.000000
1367,-49.181268,-67.803353,0.000000
1368,-49.104209,-67.850147,0.000000
1369,-49.026878,-67.897183,0.000000
1370,-48.949248,-67.944461,0.000000
1371,-48.871287,-67.991982,0.000000
1372,-48.792963,-68.039747,0.000000
1373,-48.714243,-68.087758,0.000000
1374,-48.635090,-68.136014,0.000000
1375,-48.555467,-68.184519,0.000000
1376,-48.475333,-68.233272,0.000000
1377,-48.394645,-68.282277,0.000000
1378,-48.313358,-68.331534,0.000000
1379,-48.231423,-68.381045,0.000000
1380,-48.148789,-68.430814,0.000000
1381,-48.065400,-68.480841,0.000000
1382,-47.981197,-68.531129,0.000000
1383,-47.896117,-68.581681,0.000000
1384,-47.810091,-68.632500,0.000000
1385,-47.723046,-68.683589,0.000000
1386,-47.634901,-68.734951,0.000000
1387,-47.545572,-68.786590,0.000000
1388,-47.454965,-68.838509,0.000000
1389,-47.362978,-68.890713,0.000000
1390,-47.269501,-68.943206,0.000000
1391,-47.174412,-68.995994,0.000000
1392,-47.077578,-69.049080,0.000000
1393,-46.978854,-69.102472,0.000000
1394,-46.878078,-69.156175,0.000000
1395,-46.775070,-69.210196,0.000000
1396,-46.669633,-69.264542,0.000000
1397,-46.561543,-69.319222,0.000000
1398,-46.450552,-69.374244,0.000000
1399,-46.336377,-69.429617,0.000000
1400,-46.218702,-69.485353,0.000000
1401,-46.097163,-69.541462,0.000000
1402,-45.971346,-69.597958,0.000000
1403,-45.840770,-69.654854,0.000000
1404,-45.704882,-69.712166,0.000000
1405,-45.563029,-69.769913,0.000000
1406,-45.414445,-69.828113,0.000000
1407,-45.258216,-69.886788,0.000000
1408,-45.093240,-69.945965,0.000000
1409,-44.918176,-70.005673,0.000000
1410,-44.731370,-70.065943,0.000000
1411,-44.530743,-70.126817,0.000000
1412,-44.313647,-70.188339,0.000000
1413,-44.076628,-70.250564,0.000000
1414,-43.815077,-70.313558,0.000000
1415,-43.522655,-70.377404,0.000000
1416,-43.190332,-70.442202,0.000000
1417,-42.804657,-70.508087,0.000000
1418,-42.344418,-70.575235,0.000000
1419,-41.773533,-70.643896,0.000000
1420,-41.023841,-70.714436,0.000000
1421,-39.944935,-70.787452,0.000000
1422,-38.109198,-70.864039,0.000000
1423,-33.531201,-70.946721,0.000000
1424,0.000000,-71.044634,1.000000
1425,-58.000000,-71.254286,0.000000
1426,-57.886153,-71.270535,0.000000
1427,-57.772968,-71.287157,0.000000
1428,-57.660441,-71.304152,0.000000
1429,-57.548565,-71.321516,0.000000
1430,-57.437338,-71.339247,0.000000
1431,-57.326753,-71.357342,0.000000
1432,-57.216806,-71.375801,0.000000
1433,-57.107492,-71.394619,0.000000
1434,-56.998807,-71.413796,0.000000
1435,-56.890744,-71.433329,0.000000
1436,-56.783300,-71.453215,0.000000
1437,-56.676470,-71.473453,0.000000
1438,-56.570249,-71.494041,0.000000
1439,-56.464631,-71.514975,0.000000
1440,-56.359612,-71.536255,0.000000
1441,-56.255187,-71.557877,0.000000
1442,-56.151351,-71.579841,0.000000
1443,-56.048099,-71.602143,0.000000
1444,-55.945426,-71.624782,0.000000
1445,-55.843327,-71.647755,0.000000
1446,-55.741797,-71.671062,0.000000
1447,-55.640831,-71.694699,0.000000
1448,-55.540424,-71.718664,0.000000
1449,-55.440570,-71.742957,0.000000
1450,-55.341265,-71.767574,0.000000
1451,-55.242503,-71.792514,0.000000
1452,-55.144279,-71.817775,0.000000
1453,-55.046588,-71.843354,0.000000
1454,-54.949425,-71.869251,0.000000
1455,-54.852783,-71.895464,0.000000
1456,-54.756659,-71.921989,0.000000
1457,-54.661045,-71.948826,0.000000
1458,-54.565938,-71.975973,0.000000
1459,-54.471330,-72.003428,0.000000
1460,-54.377218,-72.031189,0.000000
1461,-54.283594,-72.059255,0.000000
1462,-54.190453,-72.087623,0.000000
1463,-54.097790,-72.116292,0.000000
1464,-54.005599,-72.145261,0.000000
1465,-53.913873,-72.174527,0.000000
1466,-53.822607,-72.204089,0.000000
1467,-53.731795,-72.233946,0.000000
1468,-53.641430,-72.264095,0.000000
1469,-53.551506,-72.294536,0.000000
1470,-53.462018,-72.325266,0.000000
1471,-53.372958,-72.356284,0.000000
1472,-53.284320,-72.387589,0.000000
1473,-53.196097,-72.419179,0.000000
1474,-53.108284,-72.451052,0.000000
1475,-53.020872,-72.483207,0.000000
1476,-52.933856,-72.515643,0.000000
1477,-52.847227,-72.548359,0.000000
1478,-52.760979,-72.581352,0.000000
1479,-52.675105,-72.614621,0.000000
1480,-52.589598,-72.648166,0.000000
1481,-52.504448,-72.681985,0.000000
1482,-52.419650,-72.716076,0.000000
1483,-52.335195,-72.750438,0.000000
1484,-52.251076,-72.785071,0.000000
1485,-52.167283,-72.819972,0.000000
1486,-52.083809,-72.855141,0.000000
1487,-52.000645,-72.890577,0.000000
1488,-51.917783,-72.926278,0.000000
1489,-51.835213,-72.962243,0.000000
1490,-51.752927,-72.998472,0.000000
1491,-51.670915,-73.034963,0.000000
1492,-51.589168,-73.071715,0.000000
1493,-51.507676,-73.108727,0.000000
1494,-51.426429,-73.145998,0.000000
1495,-51.345417,-73.183528,0.000000
1496,-51.264628,-73.221316,0.000000
1497,-51.184054,-73.259360,0.000000
1498,-51.103681,-73.297660,0.000000
1499,-51.023500,-73.336215,0.000000
1500,-50.943497,-73.375024,0.000000
1501,-50.863662,-73.414088,0.000000
1502,-50.783981,-73.453404,0.000000
1503,-50.704442,-73.492973,0.000000
1504,-50.625031,-73.532794,0.000000
1505,-50.545735,-73.572866,0.000000
1506,-50.466540,-73.613190,0.000000
1507,-50.387431,-73.653763,0.000000
1508,-50.308393,-73.694587,0.000000
1509,-50.229410,-73.735661,0.000000
1510,-50.150466,-73.776985,0.000000
1511,-50.071544,-73.818557,0.000000
1512,-49.992628,-73.860379,0.000000
1513,-49.913697,-73.902451,0.000000
1514,-49.834735,-73.944771,0.000000
1515,-49.755720,-73.987340,0.000000
1516,-49.676633,-74.030159,0.000000
1517,-49.597453,-74.073226,0.000000
1518,-49.518156,-74.116544,0.000000
1519,-49.438720,-74.160111,0.000000
1520,-49.359119,-74.203929,0.000000
1521,-49.279330,-74.247997,0.000000
1522,-49.199324,-74.292316,0.000000
1523,-49.119074,-74.336888,0.000000
1524,-49.038550,-74.381712,0.000000
1525,-48.957721,-74.426790,0.000000
1526,-48.876554,-74.472122,0.000000
1527,-48.795014,-74.517709,0.000000
1528,-48.713065,-74.563553,0.000000
1529,-48.630668,-74.609655,0.000000
1530,-48.547782,-74.656016,0.000000
1531,-48.464363,-74.702638,0.000000
1532,-48.380365,-74.749523,0.000000
1533,-48.295738,-74.796672,0.000000
1534,-48.210430,-74.844087,0.000000
1535,-48.124383,-74.891771,0.000000
1536,-48.037539,-74.939726,0.000000
1537,-47.949831,-74.987954,0.000000
1538,-47.861190,-75.036459,0.000000
1539,-47.771541,-75.085243,0.000000
1540,-47.680802,-75.134309,0.000000
1541,-47.588886,-75.183662,0.000000
1542,-47.495698,-75.233304,0.000000
1543,-47.401133,-75.283241,0.000000
1544,-47.305078,-75.333476,0.000000
1545,-47.207409,-75.384014,0.000000
1546,-47.107990,-75.434862,0.000000
1547,-47.006671,-75.486023,0.000000
1548,-46.903287,-75.537506,0.000000
1549,-46.797653,-75.589316,0.000000
1550,-46.689567,-75.641460,0.000000
1551,-46.578798,-75.693948,0.000000
1552,-46.465091,-75.746787,0.000000
1553,-46.348156,-75.799988,0.000000
1554,-46.227665,-75.853561,0.000000
1555,-46.103243,-75.907518,0.000000
1556,-45.974462,-75.961871,0.000000
1557,-45.840827,-76.016636,0.000000
1558,-45.701759,-76.071827,0.000000
1559,-45.556585,-76.127464,0.000000
1560,-45.404505,-76.183566,0.000000
1561,-45.244565,-76.240157,0.000000
1562,-45.075615,-76.297261,0.000000
1563,-44.896246,-76.354910,0.000000
1564,-44.704718,-76.413138,0.000000
1565,-44.498834,-76.471984,0.000000
1566,-44.275784,-76.531498,0.000000
1567,-44.031883,-76.591735,0.000000
1568,-43.762182,-76.652764,0.000000
1569,-43.459822,-76.714673,0.000000
1570,-43.114942,-76.777569,0.000000
1571,-42.712672,-76.841593,0.000000
1572,-42.229195,-76.906937,0.000000
1573,-41.623128,-76.973870,0.000000
1574,-40.813867,-77.042802,0.000000
1575,-39.614899,-77.114408,0.000000
1576,-37.449531,-77.189987,0.000000
1577,-31.081227,-77.272759,0.000000
1578,0.000000,-77.376730,1.000000
1579,-58.000000,-77.584271,0.000000
1580,-57.882988,-77.598410,0.000000
1581,-57.766658,-77.612934,0.000000
1582,-57.651005,-77.627841,0.000000
1583,-57.536023,-77.643128,0.000000
1584,-57.421708,-77.658794,0.000000
1585,-57.308055,-77.674835,0.000000
1586,-57.195058,-77.691250,0.000000
1587,-57.082714,-77.708036,0.000000
1588,-56.971016,-77.725191,0.000000
1589,-56.859959,-77.742712,0.000000
1590,-56.749540,-77.760598,0.000000
1591,-56.639751,-77.778846,0.000000
1592,-56.530590,-77.797454,0.000000
1593,-56.422049,-77.816420,0.000000
1594,-56.314125,-77.835741,0.000000
1595,-56.206812,-77.855415,0.000000
1596,-56.100104,-77.875441,0.000000
1597,-55.993998,-77.895815,0.000000
1598,-55.888487,-77.916537,0.000000
1599,-55.783566,-77.937603,0.000000
1600,-55.679230,-77.959012,0.000000
1601,-55.575473,-77.980761,0.000000
1602,-55.472292,-78.002849,0.000000
1603,-55.369679,-78.025274,0.000000
1604,-55.267629,-78.048033,0.000000
1605,-55.166138,-78.071125,0.000000
1606,-55.065199,-78.094548,0.000000
1607,-54.964807,-78.118299,0.000000
1608,-54.864956,-78.142377,0.000000
1609,-54.765642,-78.166780,0.000000
1610,-54.666857,-78.191505,0.000000
1611,-54.568596,-78.216552,0.000000
1612,-54.470854,-78.241918,0.000000
1613,-54.373625,-78.267601,0.000000
1614,-54.276902,-78.293600,0.000000
1615,-54.180680,-78.319912,0.000000
1616,-54.084952,-78.346536,0.000000
1617,-53.989713,-78.373471,0.000000
1618,-53.894955,-78.400714,0.000000
1619,-53.800674,-78.428264,0.000000
1620,-53.706861,-78.456119,0.000000
1621,-53.613512,-78.484278,0.000000
1622,-53.520618,-78.512738,0.000000
1623,-53.428174,-78.541498,0.000000
1624,-53.336173,-78.570557,0.000000
1625,-53.244607,-78.599913,0.000000
1626,-53.153470,-78.629564,0.000000
1627,-53.062755,-78.659510,0.000000
1628,-52.972454,-78.689747,0.000000
1629,-52.882559,-78.720276,0.000000
1630,-52.793064,-78.751094,0.000000
1631,-52.703961,-78.782200,0.000000
1632,-52.615241,-78.813593,0.000000
1633,-52.526898,-78.845271,0.000000
1634,-52.438922,-78.877233,0.000000
1635,-52.351305,-78.909477,0.000000
1636,-52.264039,-78.942003,0.000000
1637,-52.177115,-78.974809,0.000000
1638,-52.090524,-79.007893,0.000000
1639,-52.004258,-79.041256,0.000000
1640,-51.918307,-79.074894,0.000000
1641,-51.832661,-79.108808,0.000000
1642,-51.747311,-79.142997,0.000000
1643,-51.662246,-79.177458,0.000000
1644,-51.577457,-79.212191,0.000000
1645,-51.492933,-79.247196,0.000000
1646,-51.408664,-79.282470,0.000000
1647,-51.324637,-79.318014,0.000000
1648,-51.240843,-79.353826,0.000000
1649,-51.157268,-79.389905,0.000000
1650,-51.073901,-79.426251,0.000000
1651,-50.990731,-79.462862,0.000000
1652,-50.907743,-79.499739,0.000000
1653,-50.824924,-79.536880,0.000000
1654,-50.742262,-79.574285,0.000000
1655,-50.659742,-79.611952,0.000000
1656,-50.577349,-79.649882,0.000000
1657,-50.495069,-79.688075,0.000000
1658,-50.412886,-79.726528,0.000000
1659,-50.330784,-79.765243,0.000000
1660,-50.248746,-79.804219,0.000000
1661,-50.166755,-79.843455,0.000000
1662,-50.084792,-79.882951,0.000000
1663,-50.002840,-79.922708,0.000000
1664,-49.920879,-79.962724,0.000000
1665,-49.838888,-80.003000,0.000000
1666,-49.756846,-80.043536,0.000000
1667,-49.674732,-80.084332,0.000000
1668,-49.592522,-80.125388,0.000000
1669,-49.510193,-80.166705,0.000000
1670,-49.427718,-80.208282,0.000000
1671,-49.345073,-80.250120,0.000000
1672,-49.262228,-80.292220,0.000000
1673,-49.179155,-80.334582,0.000000
1674,-49.095823,-80.377206,0.000000
1675,-49.012200,-80.420094,0.000000
1676,-48.928253,-80.463247,0.000000
1677,-48.843944,-80.506665,0.000000
1678,-48.759237,-80.550350,0.000000
1679,-48.674091,-80.594302,0.000000
1680,-48.588463,-80.638524,0.000000
1681,-48.502308,-80.683016,0.000000
1682,-48.415578,-80.727781,0.000000
1683,-48.328222,-80.772820,0.000000
1684,-48.240183,-80.818135,0.000000
1685,-48.151405,-80.863728,0.000000
1686,-48.061824,-80.909602,0.000000
1687,-47.971371,-80.955759,0.000000
1688,-47.879976,-81.002203,0.000000
1689,-47.787558,-81.048936,0.000000
1690,-47.694033,-81.095961,0.000000
1691,-47.599309,-81.143282,0.000000
1692,-47.503287,-81.190903,0.000000
1693,-47.405856,-81.238829,0.000000
1694,-47.306899,-81.287063,0.000000
1695,-47.206284,-81.335611,0.000000
1696,-47.103869,-81.384478,0.000000
1697,-46.999495,-81.433670,0.000000
1698,-46.892987,-81.483194,0.000000
1699,-46.784152,-81.533056,0.000000
1700,-46.672771,-81.583265,0.000000
1701,-46.558602,-81.633828,0.000000
1702,-46.441373,-81.684754,0.000000
1703,-46.320773,-81.736055,0.000000
1704,-46.196451,-81.787740,0.000000
1705,-46.068005,-81.839823,0.000000
1706,-45.934972,-81.892316,0.000000
1707,-45.796817,-81.945236,0.000000
1708,-45.652914,-81.998598,0.000000
1709,-45.502525,-82.052422,0.000000
1710,-45.344774,-82.106729,0.000000
1711,-45.178611,-82.161545,0.000000
1712,-45.002758,-82.216895,0.000000
1713,-44.815644,-82.272814,0.000000
1714,-44.615308,-82.329337,0.000000
1715,-44.399256,-82.386510,0.000000
1716,-44.164258,-82.444384,0.000000
1717,-43.906028,-82.503021,0.000000
1718,-43.618719,-82.562500,0.000000
1719,-43.294078,-82.622917,0.000000
1720,-42.919955,-82.684396,0.000000
1721,-42.477481,-82.747101,0.000000
1722,-41.935211,-82.811260,0.000000
1723,-41.235445,-82.877206,0.000000
1724,-40.256353,-82.945462,0.000000
1725,-38.676637,-83.016959,0.000000
1726,-35.221485,-83.093698,0.000000
1727,-15.816566,-83.181928,0.000000
1728,0.000000,-83.334813,1.000000
1729,-58.000000,-83.540368,0.000000
1730,-57.880010,-83.552521,0.000000
1731,-57.760720,-83.565070,0.000000
1732,-57.642126,-83.578013,0.000000
1733,-57.524221,-83.591346,0.000000
1734,-57.407001,-83.605068,0.000000
1735,-57.290461,-83.619177,0.000000
1736,-57.174595,-83.633669,0.000000
1737,-57.059399,-83.648542,0.000000
1738,-56.944866,-83.663795,0.000000
1739,-56.830993,-83.679424,0.000000
1740,-56.717773,-83.695427,0.000000
1741,-56.605201,-83.711803,0.000000
1742,-56.493273,-83.728548,0.000000
1743,-56.381982,-83.745661,0.000000
1744,-56.271324,-83.763139,0.000000
1745,-56.161292,-83.780981,0.000000
1746,-56.051883,-83.799183,0.000000
1747,-55.943090,-83.817743,0.000000
1748,-55.834908,-83.836660,0.000000
1749,-55.727331,-83.855932,0.000000
1750,-55.620355,-83.875556,0.000000
1751,-55.513972,-83.895529,0.000000
1752,-55.408179,-83.915851,0.000000
1753,-55.302969,-83.936518,0.000000
1754,-55.198336,-83.957529,0.000000
1755,-55.094275,-83.978882,0.000000
1756,-54.990781,-84.000575,0.000000
1757,-54.887846,-84.022606,0.000000
1758,-54.785466,-84.044972,0.000000
1759,-54.683634,-84.067672,0.000000
1760,-54.582345,-84.090704,0.000000
1761,-54.481591,-84.114066,0.000000
1762,-54.381368,-84.137756,0.000000
1763,-54.281669,-84.161772,0.000000
1764,-54.182488,-84.186113,0.000000
1765,-54.083817,-84.210776,0.000000
1766,-53.985652,-84.235760,0.000000
1767,-53.887984,-84.261062,0.000000
1768,-53.790808,-84.286682,0.000000
1769,-53.694117,-84.312617,0.000000
1770,-53.597903,-84.338866,0.000000
1771,-53.502161,-84.365426,0.000000
1772,-53.406882,-84.392297,0.000000
1773,-53.312060,-84.419477,0.000000
1774,-53.217687,-84.446964,0.000000
1775,-53.123756,-84.474756,0.000000
1776,-53.030259,-84.502852,0.000000
1777,-52.937189,-84.531250,0.000000
1778,-52.844537,-84.559949,0.000000
1779,-52.752296,-84.588947,0.000000
1780,-52.660457,-84.618243,0.000000
1781,-52.569012,-84.647835,0.000000
1782,-52.477953,-84.677723,0.000000
1783,-52.387270,-84.707904,0.000000
1784,-52.296955,-84.738377,0.000000
1785,-52.206999,-84.769141,0.000000
1786,-52.117392,-84.800194,0.000000
1787,-52.028124,-84.831536,0.000000
1788,-51.939187,-84.863165,0.000000
1789,-51.850569,-84.895080,0.000000
1790,-51.762261,-84.927280,0.000000
1791,-51.674252,-84.959764,0.000000
1792,-51.586532,-84.992529,0.000000
1793,-51.499088,-85.025577,0.000000
1794,-51.411909,-85.058905,0.000000
1795,-51.324985,-85.092512,0.000000
1796,-51.238302,-85.126398,0.000000
1797,-51.151848,-85.160561,0.000000
1798,-51.065611,-85.195002,0.000000
1799,-50.979576,-85.229718,0.000000
1800,-50.893731,-85.264710,0.000000
1801,-50.808060,-85.299976,0.000000
1802,-50.722550,-85.335515,0.000000
1803,-50.637186,-85.371328,0.000000
1804,-50.551951,-85.407414,0.000000
1805,-50.466830,-85.443772,0.000000
1806,-50.381805,-85.480401,0.000000
1807,-50.296859,-85.517301,0.000000
1808,-50.211975,-85.554473,0.000000
1809,-50.127132,-85.591915,0.000000
1810,-50.042313,-85.629627,0.000000
1811,-49.957495,-85.667609,0.000000
1812,-49.872659,-85.705862,0.000000
1813,-49.787781,-85.744384,0.000000
1814,-49.702839,-85.783177,0.000000
1815,-49.617808,-85.822240,0.000000
1816,-49.532663,-85.861573,0.000000
1817,-49.447378,-85.901177,0.000000
1818,-49.361924,-85.941052,0.000000
1819,-49.276272,-85.981199,0.000000
1820,-49.190392,-86.021617,0.000000
1821,-49.104250,-86.062309,0.000000
1822,-49.017814,-86.103274,0.000000
1823,-48.931046,-86.144513,0.000000
1824,-48.843909,-86.186028,0.000000
1825,-48.756362,-86.227820,0.000000
1826,-48.668362,-86.269890,0.000000
1827,-48.579864,-86.312238,0.000000
1828,-48.490819,-86.354868,0.000000
1829,-48.401176,-86.397780,0.000000
1830,-48.310879,-86.440977,0.000000
1831,-48.219870,-86.484461,0.000000
1832,-48.128085,-86.528233,0.000000
1833,-48.035457,-86.572297,0.000000
1834,-47.941911,-86.616654,0.000000
1835,-47.847371,-86.661309,0.000000
1836,-47.751750,-86.706264,0.000000
1837,-47.654956,-86.751523,0.000000
1838,-47.556889,-86.797089,0.000000
1839,-47.457440,-86.842967,0.000000
1840,-47.356488,-86.889161,0.000000
1841,-47.253905,-86.935677,0.000000
1842,-47.149545,-86.982518,0.000000
1843,-47.043251,-87.029692,0.000000
1844,-46.934847,-87.077205,0.000000
1845,-46.824138,-87.125063,0.000000
1846,-46.710908,-87.173274,0.000000
1847,-46.594912,-87.221847,0.000000
1848,-46.475877,-87.270790,0.000000
1849,-46.353493,-87.320113,0.000000
1850,-46.227408,-87.369828,0.000000
1851,-46.097220,-87.419947,0.000000
1852,-45.962465,-87.470483,0.000000
1853,-45.822606,-87.521451,0.000000
1854,-45.677017,-87.572869,0.000000
1855,-45.524960,-87.624754,0.000000
1856,-45.365557,-87.677130,0.000000
1857,-45.197756,-87.730019,0.000000
1858,-45.020278,-87.783449,0.000000
1859,-44.831549,-87.837454,0.000000
1860,-44.629605,-87.892070,0.000000
1861,-44.411948,-87.947340,0.000000
1862,-44.175342,-88.003318,0.000000
1863,-43.915493,-88.060066,0.000000
1864,-43.626542,-88.117661,0.000000
1865,-43.300214,-88.176200,0.000000
1866,-42.924329,-88.235807,0.000000
1867,-42.479956,-88.296647,0.000000
1868,-41.935535,-88.358949,0.000000
1869,-41.233103,-88.423044,0.000000
1870,-40.250127,-88.489459,0.000000
1871,-38.662791,-88.559129,0.000000
1872,-35.180974,-88.634067,0.000000
1873,-15.376105,-88.720585,0.000000
1874,0.000000,-88.873091,1.000000
1875,-58.000000,-89.076800,0.000000
1876,-57.877242,-89.087108,0.000000
1877,-57.755201,-89.097822,0.000000
1878,-57.633873,-89.108938,0.000000
1879,-57.513251,-89.120456,0.000000
1880,-57.393331,-89.132371,0.000000
1881,-57.274107,-89.144683,0.000000
1882,-57.155574,-89.157388,0.000000
1883,-57.037727,-89.170483,0.000000
1884,-56.920559,-89.183967,0.000000
1885,-56.804067,-89.197837,0.000000
1886,-56.688244,-89.212091,0.000000
1887,-56.573085,-89.226726,0.000000
1888,-56.458585,-89.241741,0.000000
1889,-56.344737,-89.257131,0.000000
1890,-56.231537,-89.272897,0.000000
1891,-56.118980,-89.289034,0.000000
1892,-56.007058,-89.305541,0.000000
1893,-55.895768,-89.322416,0.000000
1894,-55.785103,-89.339655,0.000000
1895,-55.675057,-89.357259,0.000000
1896,-55.565625,-89.375223,0.000000
1897,-55.456801,-89.393545,0.000000
1898,-55.348580,-89.412225,0.000000
1899,-55.240955,-89.431259,0.000000
1900,-55.133920,-89.450645,0.000000
1901,-55.027470,-89.470382,0.000000
1902,-54.921599,-89.490467,0.000000
1903,-54.816299,-89.510898,0.000000
1904,-54.711566,-89.531674,0.000000
1905,-54.607393,-89.552791,0.000000
1906,-54.503774,-89.574249,0.000000
1907,-54.400702,-89.596045,0.000000
1908,-54.298170,-89.618177,0.000000
1909,-54.196173,-89.640644,0.000000
1910,-54.094703,-89.663443,0.000000
1911,-53.993755,-89.686573,0.000000
1912,-53.893320,-89.710032,0.000000
1913,-53.793392,-89.733817,0.000000
1914,-53.693964,-89.757928,0.000000
1915,-53.595028,-89.782362,0.000000
1916,-53.496579,-89.807118,0.000000
1917,-53.398607,-89.832194,0.000000
1918,-53.301105,-89.857587,0.000000
1919,-53.204066,-89.883298,0.000000
1920,-53.107483,-89.909323,0.000000
1921,-53.011346,-89.935662,0.000000
1922,-52.915647,-89.962312,0.000000
1923,-52.820379,-89.989273,0.000000
1924,-52.725533,-90.016542,0.000000
1925,-52.631100,-90.044118,0.000000
1926,-52.537072,-90.071999,0.000000
1927,-52.443438,-90.100185,0.000000
1928,-52.350191,-90.128673,0.000000
1929,-52.257320,-90.157463,0.000000
1930,-52.164816,-90.186553,0.000000
1931,-52.072668,-90.215942,0.000000
1932,-51.980867,-90.245627,0.000000
1933,-51.889402,-90.275609,0.000000
1934,-51.798262,-90.305886,0.000000
1935,-51.707437,-90.336456,0.000000
1936,-51.616914,-90.367320,0.000000
1937,-51.526682,-90.398474,0.000000
1938,-51.436730,-90.429919,0.000000
1939,-51.347044,-90.461653,0.000000
1940,-51.257612,-90.493676,0.000000
1941,-51.168421,-90.525986,0.000000
1942,-51.079457,-90.558583,0.000000
1943,-50.990706,-90.591465,0.000000
1944,-50.902153,-90.624632,0.000000
1945,-50.813785,-90.658083,0.000000
1946,-50.725585,-90.691818,0.000000
1947,-50.637536,-90.725835,0.000000
1948,-50.549624,-90.760135,0.000000
1949,-50.461829,-90.794716,0.000000
1950,-50.374135,-90.829579,0.000000
1951,-50.286523,-90.864722,0.000000
1952,-50.198973,-90.900145,0.000000
1953,-50.111466,-90.935848,0.000000
1954,-50.023979,-90.971831,0.000000
1955,-49.936493,-91.008094,0.000000
1956,-49.848982,-91.044637,0.000000
1957,-49.761425,-91.081458,0.000000
1958,-49.673795,-91.118560,0.000000
1959,-49.586068,-91.155941,0.000000
1960,-49.498214,-91.193602,0.000000
1961,-49.410206,-91.231544,0.000000
1962,-49.322013,-91.269766,0.000000
1963,-49.233603,-91.308269,0.000000
1964,-49.144944,-91.347054,0.000000
1965,-49.055999,-91.386122,0.000000
1966,-48.966732,-91.425473,0.000000
1967,-48.877102,-91.465109,0.000000
1968,-48.787069,-91.505030,0.000000
1969,-48.696586,-91.545239,0.000000
1970,-48.605608,-91.585735,0.000000
1971,-48.514085,-91.626521,0.000000
1972,-48.421961,-91.667598,0.000000
1973,-48.329181,-91.708969,0.000000
1974,-48.235682,-91.750636,0.000000
1975,-48.141399,-91.792600,0.000000
1976,-48.046262,-91.834864,0.000000
1977,-47.950193,-91.877432,0.000000
1978,-47.853111,-91.920305,0.000000
1979,-47.754927,-91.963488,0.000000
1980,-47.655544,-92.006984,0.000000
1981,-47.554858,-92.050797,0.000000
1982,-47.452752,-92.094930,0.000000
1983,-47.349103,-92.139389,0.000000
1984,-47.243772,-92.184179,0.000000
1985,-47.136608,-92.229305,0.000000
1986,-47.027444,-92.274773,0.000000
1987,-46.916095,-92.320590,0.000000
1988,-46.802354,-92.366763,0.000000
1989,-46.685990,-92.413300,0.000000
1990,-46.566744,-92.460209,0.000000
1991,-46.444325,-92.507499,0.000000
1992,-46.318401,-92.555183,0.000000
1993,-46.188594,-92.603269,0.000000
1994,-46.054471,-92.651773,0.000000
1995,-45.915532,-92.700708,0.000000
1996,-45.771195,-92.750089,0.000000
1997,-45.620777,-92.799935,0.000000
1998,-45.463471,-92.850266,0.000000
1999,-45.298314,-92.901104,0.000000
