0,-70.000000,0.000000,0.000000
1,-69.750000,0.000000,0.000000
2,-69.501249,0.001667,0.000000
3,-69.253743,0.004986,0.000000
4,-69.007477,0.009945,0.000000
5,-68.762444,0.016528,0.000000
6,-68.518639,0.024723,0.000000
7,-68.276058,0.034517,0.000000
8,-68.034694,0.045895,0.000000
9,-67.794542,0.058844,0.000000
10,-67.555597,0.073351,0.000000
11,-67.317855,0.089402,0.000000
12,-67.081308,0.106985,0.000000
13,-66.845953,0.126086,0.000000
14,-66.611785,0.146693,0.000000
15,-66.378797,0.168792,0.000000
16,-66.146985,0.192371,0.000000
17,-65.916343,0.217416,0.000000
18,-65.686866,0.243916,0.000000
19,-65.458549,0.271857,0.000000
20,-65.231388,0.301227,0.000000
21,-65.005376,0.332014,0.000000
22,-64.780510,0.364205,0.000000
23,-64.556784,0.397787,0.000000
24,-64.334192,0.432750,0.000000
25,-64.112730,0.469079,0.000000
26,-63.892392,0.506764,0.000000
27,-63.673172,0.545792,0.000000
28,-63.455067,0.586152,0.000000
29,-63.238072,0.627831,0.000000
30,-63.022182,0.670817,0.000000
31,-62.807391,0.715100,0.000000
32,-62.593695,0.760667,0.000000
33,-62.381089,0.807507,0.000000
34,-62.169567,0.855608,0.000000
35,-61.959124,0.904959,0.000000
36,-61.749749,0.955548,0.000000
37,-61.541445,1.007365,0.000000
38,-61.334207,1.060397,0.000000
39,-61.128030,1.114635,0.000000
40,-60.922908,1.170066,0.000000
41,-60.718836,1.226679,0.000000
42,-60.515808,1.284465,0.000000
43,-60.313819,1.343411,0.000000
44,-60.112864,1.403508,0.000000
45,-59.912938,1.464743,0.000000
46,-59.714018,1.527108,0.000000
47,-59.516121,1.590591,0.000000
48,-59.319243,1.655181,0.000000
49,-59.123375,1.720869,0.000000
50,-58.928511,1.787644,0.000000
51,-58.734646,1.855495,0.000000
52,-58.541774,1.924412,0.000000
53,-58.349887,1.994386,0.000000
54,-58.158981,2.065405,0.000000
55,-57.969050,2.137461,0.000000
56,-57.780033,2.210542,0.000000
57,-57.591996,2.284640,0.000000
58,-57.404929,2.359745,0.000000
59,-57.218821,2.435846,0.000000
60,-57.033665,2.512934,0.000000
61,-56.849451,2.591000,0.000000
62,-56.666171,2.670034,0.000000
63,-56.483817,2.750026,0.000000
64,-56.302382,2.830967,0.000000
65,-56.121858,2.912848,0.000000
66,-55.942236,2.995659,0.000000
67,-55.763369,3.079392,0.000000
68,-55.585433,3.164038,0.000000
69,-55.408408,3.249589,0.000000
70,-55.232277,3.336034,0.000000
71,-55.057026,3.423365,0.000000
72,-54.882639,3.511574,0.000000
73,-54.709103,3.600651,0.000000
74,-54.536404,3.690588,0.000000
75,-54.364531,3.781377,0.000000
76,-54.193471,3.873009,0.000000
77,-54.023212,3.965476,0.000000
78,-53.853741,4.058769,0.000000
79,-53.684721,4.152882,0.000000
80,-53.516562,4.247807,0.000000
81,-53.349223,4.343537,0.000000
82,-53.182673,4.440064,0.000000
83,-53.016879,4.537379,0.000000
84,-52.851813,4.635476,0.000000
85,-52.687449,4.734345,0.000000
86,-52.523760,4.833981,0.000000
87,-52.360723,4.934376,0.000000
88,-52.198314,5.035523,0.000000
89,-52.036509,5.137416,0.000000
90,-51.875283,5.240048,0.000000
91,-51.713692,5.343413,0.000000
92,-51.552890,5.447510,0.000000
93,-51.392787,5.552332,0.000000
94,-51.233303,5.657873,0.000000
95,-51.074366,5.764124,0.000000
96,-50.915908,5.871081,0.000000
97,-50.757867,5.978738,0.000000
98,-50.600184,6.087090,0.000000
99,-50.442802,6.196132,0.000000
100,-50.285666,6.305860,0.000000
101,-50.128721,6.416269,0.000000
102,-49.971909,6.527356,0.000000
103,-49.815171,6.639119,0.000000
104,-49.658447,6.751554,0.000000
105,-49.501670,6.864659,0.000000
106,-49.344769,6.978433,0.000000
107,-49.187665,7.092873,0.000000
108,-49.030273,7.207979,0.000000
109,-48.872499,7.323750,0.000000
110,-48.714237,7.440188,0.000000
111,-48.555372,7.557292,0.000000
112,-48.395773,7.675066,0.000000
113,-48.235296,7.793510,0.000000
114,-48.073779,7.912630,0.000000
115,-47.911039,8.032429,0.000000
116,-47.747081,8.152914,0.000000
117,-47.581577,8.274091,0.000000
118,-47.414305,8.395966,0.000000
119,-47.245016,8.518551,0.000000
120,-47.073426,8.641856,0.000000
121,-46.899212,8.765893,0.000000
122,-46.721998,8.890679,0.000000
123,-46.541349,9.016230,0.000000
124,-46.356753,9.142567,0.000000
125,-46.167610,9.269713,0.000000
126,-45.973202,9.397697,0.000000
127,-45.773148,9.526550,0.000000
128,-45.566284,9.656307,0.000000
129,-45.351517,9.787011,0.000000
130,-45.127516,9.918711,0.000000
131,-44.892622,10.051465,0.000000
132,-44.644728,10.185342,0.000000
133,-44.381093,10.320426,0.000000
134,-44.098071,10.456818,0.000000
135,-43.790688,10.594641,0.000000
136,-43.454025,10.734054,0.000000
137,-43.078319,10.875247,0.000000
138,-42.650172,11.018474,0.000000
139,-42.147992,11.164078,0.000000
140,-41.533783,11.312545,0.000000
141,-40.742641,11.464611,0.000000
142,-39.621249,11.621445,0.000000
143,-37.735685,11.785232,0.000000
144,-33.048923,11.961043,0.000000
145,0.000000,12.167513,1.000000
146,-58.000000,12.593621,0.000000
147,-57.816114,12.631643,0.000000
148,-57.633108,12.670763,0.000000
149,-57.451030,12.710973,0.000000
150,-57.269872,12.752263,0.000000
151,-57.089623,12.794623,0.000000
152,-56.910278,12.838043,0.000000
153,-56.731826,12.882515,0.000000
154,-56.554261,12.928028,0.000000
155,-56.377576,12.974572,0.000000
156,-56.201763,13.022140,0.000000
157,-56.026816,13.070721,0.000000
158,-55.852726,13.120307,0.000000
159,-55.679367,13.170887,0.000000
160,-55.506889,13.222455,0.000000
161,-55.335273,13.275001,0.000000
162,-55.164503,13.328516,0.000000
163,-54.994567,13.382991,0.000000
164,-54.825450,13.438417,0.000000
165,-54.657139,13.494786,0.000000
166,-54.489624,13.552089,0.000000
167,-54.322891,13.610318,0.000000
168,-54.156930,13.669464,0.000000
169,-53.991729,13.729520,0.000000
170,-53.826854,13.790477,0.000000
171,-53.662832,13.852329,0.000000
172,-53.499625,13.915069,0.000000
173,-53.337197,13.978688,0.000000
174,-53.175516,14.043178,0.000000
175,-53.014553,14.108531,0.000000
176,-52.854282,14.174739,0.000000
177,-52.694678,14.241794,0.000000
178,-52.535716,14.309690,0.000000
179,-52.377374,14.378420,0.000000
180,-52.219629,14.447976,0.000000
181,-52.062458,14.518352,0.000000
182,-51.905839,14.589541,0.000000
183,-51.748774,14.661537,0.000000
184,-51.592478,14.734340,0.000000
185,-51.436867,14.807942,0.000000
186,-51.281862,14.882337,0.000000
187,-51.127394,14.957516,0.000000
188,-50.973398,15.033475,0.000000
189,-50.819813,15.110208,0.000000
190,-50.666583,15.187708,0.000000
191,-50.513655,15.265972,0.000000
192,-50.360974,15.344995,0.000000
193,-50.208490,15.424771,0.000000
194,-50.056150,15.505299,0.000000
195,-49.903899,15.586574,0.000000
196,-49.751680,15.668592,0.000000
197,-49.599435,15.751352,0.000000
198,-49.447098,15.834852,0.000000
199,-49.294601,15.919088,0.000000
200,-49.141867,16.004060,0.000000
201,-48.988813,16.089768,0.000000
202,-48.835347,16.176210,0.000000
203,-48.681367,16.263387,0.000000
204,-48.526760,16.351300,0.000000
205,-48.371401,16.439950,0.000000
206,-48.215150,16.529341,0.000000
207,-48.057851,16.619476,0.000000
208,-47.899328,16.710358,0.000000
209,-47.739601,16.801995,0.000000
210,-47.578343,16.894391,0.000000
211,-47.415343,16.987554,0.000000
212,-47.250363,17.081493,0.000000
213,-47.083134,17.176219,0.000000
214,-46.913347,17.271744,0.000000
215,-46.740648,17.368083,0.000000
216,-46.564625,17.465251,0.000000
217,-46.384798,17.563270,0.000000
218,-46.200601,17.662160,0.000000
219,-46.011366,17.761949,0.000000
220,-45.816295,17.862667,0.000000
221,-45.615148,17.964349,0.000000
222,-45.406501,18.067034,0.000000
223,-45.189127,18.170767,0.000000
224,-44.961511,18.275603,0.000000
225,-44.721743,18.381608,0.000000
226,-44.467357,18.488858,0.000000
227,-44.195111,18.597446,0.000000
228,-43.900625,18.707487,0.000000
229,-43.579389,18.819124,0.000000
230,-43.223087,18.932531,0.000000
231,-42.820433,19.047936,0.000000
232,-42.353797,19.165640,0.000000
233,-41.793307,19.286062,0.000000
234,-41.088580,19.409820,0.000000
235,-40.132325,19.537863,0.000000
236,-38.646541,19.671855,0.000000
237,-35.643280,19.815305,0.000000
238,-22.469272,19.978299,0.000000
239,0.000000,20.228576,1.000000
240,-58.000000,20.627814,0.000000
241,-57.820131,20.639055,0.000000
242,-57.641109,20.651457,0.000000
243,-57.462982,20.665011,0.000000
244,-57.285741,20.679708,0.000000
245,-57.109379,20.695537,0.000000
246,-56.933887,20.712490,0.000000
247,-56.759258,20.730556,0.000000
248,-56.585485,20.749725,0.000000
249,-56.412560,20.769990,0.000000
250,-56.240477,20.791339,0.000000
251,-56.069229,20.813765,0.000000
252,-55.898809,20.837258,0.000000
253,-55.729080,20.861808,0.000000
254,-55.560203,20.887408,0.000000
255,-55.392162,20.914049,0.000000
256,-55.224941,20.941721,0.000000
257,-55.058527,20.970415,0.000000
258,-54.892907,21.000124,0.000000
259,-54.728068,21.030837,0.000000
260,-54.563998,21.062547,0.000000
261,-54.400687,21.095246,0.000000
262,-54.238123,21.128924,0.000000
263,-54.076295,21.163573,0.000000
264,-53.915193,21.199186,0.000000
265,-53.754440,21.235754,0.000000
266,-53.594490,21.273272,0.000000
267,-53.435310,21.311731,0.000000
268,-53.276867,21.351123,0.000000
269,-53.119131,21.391440,0.000000
270,-52.962076,21.432674,0.000000
271,-52.805677,21.474818,0.000000
272,-52.649910,21.517864,0.000000
273,-52.494754,21.561806,0.000000
274,-52.340185,21.606634,0.000000
275,-52.186183,21.652344,0.000000
276,-52.032727,21.698929,0.000000
277,-51.879794,21.746381,0.000000
278,-51.726434,21.794694,0.000000
279,-51.573803,21.843869,0.000000
280,-51.421818,21.893897,0.000000
281,-51.270408,21.944772,0.000000
282,-51.119506,21.996487,0.000000
283,-50.969049,22.049035,0.000000
284,-50.818982,22.102412,0.000000
285,-50.669250,22.156610,0.000000
286,-50.519802,22.211627,0.000000
287,-50.370587,22.267456,0.000000
288,-50.221556,22.324094,0.000000
289,-50.072658,22.381536,0.000000
290,-49.923842,22.439780,0.000000
291,-49.775055,22.498822,0.000000
292,-49.626239,22.558659,0.000000
293,-49.477335,22.619288,0.000000
294,-49.328275,22.680708,0.000000
295,-49.178991,22.742918,0.000000
296,-49.029402,22.805915,0.000000
297,-48.879424,22.869699,0.000000
298,-48.728962,22.934270,0.000000
299,-48.577910,22.999630,0.000000
300,-48.426153,23.065778,0.000000
301,-48.273562,23.132718,0.000000
302,-48.119991,23.200452,0.000000
303,-47.965281,23.268984,0.000000
304,-47.809431,23.338318,0.000000
305,-47.652153,23.408461,0.000000
306,-47.493254,23.479419,0.000000
307,-47.332518,23.551199,0.000000
308,-47.169699,23.623811,0.000000
309,-47.004521,23.697267,0.000000
310,-46.836666,23.771580,0.000000
311,-46.665766,23.846763,0.000000
312,-46.491398,23.922836,0.000000
313,-46.313062,23.999817,0.000000
314,-46.130172,24.077730,0.000000
315,-45.942036,24.156603,0.000000
316,-45.748341,24.236468,0.000000
317,-45.547924,24.317357,0.000000
318,-45.339736,24.399313,0.000000
319,-45.122498,24.482384,0.000000
320,-44.894625,24.566626,0.000000
321,-44.654107,24.652106,0.000000
322,-44.398345,24.738905,0.000000
323,-44.123897,24.827120,0.000000
324,-43.826096,24.916870,0.000000
325,-43.500327,25.008307,0.000000
326,-43.137548,25.101610,0.000000
327,-42.725494,25.197021,0.000000
328,-42.244712,25.294861,0.000000
329,-41.661639,25.395580,0.000000
330,-40.919486,25.499851,0.000000
331,-39.891158,25.608721,0.000000
332,-38.237379,25.724084,0.000000
333,-34.565657,25.850088,0.000000
334,-12.031574,26.000150,0.000000
335,0.000000,26.299939,1.000000
336,-58.000000,26.678939,0.000000
337,-57.823156,26.670010,0.000000
338,-57.647134,26.662288,0.000000
339,-57.471983,26.655767,0.000000
340,-57.297694,26.650434,0.000000
341,-57.124258,26.646281,0.000000
342,-56.951669,26.643299,0.000000
343,-56.779919,26.641477,0.000000
344,-56.609001,26.640806,0.000000
345,-56.438909,26.641276,0.000000
346,-56.269635,26.642879,0.000000
347,-56.101173,26.645605,0.000000
348,-55.933517,26.649446,0.000000
349,-55.766520,26.654391,0.000000
350,-55.600356,26.660433,0.000000
351,-55.435007,26.667562,0.000000
352,-55.270458,26.675770,0.000000
353,-55.106696,26.685048,0.000000
354,-54.943709,26.695386,0.000000
355,-54.781483,26.706777,0.000000
356,-54.620008,26.719211,0.000000
357,-54.459272,26.732680,0.000000
358,-54.299266,26.747176,0.000000
359,-54.139978,26.762691,0.000000
360,-53.981397,26.779215,0.000000
361,-53.823100,26.796742,0.000000
362,-53.665600,26.815265,0.000000
363,-53.508861,26.834777,0.000000
364,-53.352851,26.855269,0.000000
365,-53.197540,26.876732,0.000000
366,-53.042903,26.899159,0.000000
367,-52.888913,26.922543,0.000000
368,-52.735547,26.946875,0.000000
369,-52.582784,26.972148,0.000000
370,-52.430602,26.998356,0.000000
371,-52.278980,27.025491,0.000000
372,-52.127897,27.053546,0.000000
373,-51.977334,27.082515,0.000000
374,-51.826151,27.112391,0.000000
375,-51.675730,27.143175,0.000000
376,-51.525988,27.174860,0.000000
377,-51.376849,27.207437,0.000000
378,-51.228245,27.240900,0.000000
379,-51.080114,27.275242,0.000000
380,-50.932397,27.310457,0.000000
381,-50.785041,27.346539,0.000000
382,-50.637994,27.383484,0.000000
383,-50.491206,27.421286,0.000000
384,-50.344630,27.459940,0.000000
385,-50.198217,27.499443,0.000000
386,-50.051918,27.539790,0.000000
387,-49.905685,27.580978,0.000000
388,-49.759464,27.623003,0.000000
389,-49.613201,27.665864,0.000000
390,-49.466837,27.709556,0.000000
391,-49.320307,27.754079,0.000000
392,-49.173543,27.799430,0.000000
393,-49.026469,27.845608,0.000000
394,-48.879002,27.892613,0.000000
395,-48.731049,27.940444,0.000000
396,-48.582510,27.989102,0.000000
397,-48.433272,28.038588,0.000000
398,-48.283211,28.088905,0.000000
399,-48.132187,28.140053,0.000000
400,-47.980046,28.192039,0.000000
401,-47.826786,28.244865,0.000000
402,-47.672134,28.298537,0.000000
403,-47.515901,28.353061,0.000000
404,-47.357881,28.408445,0.000000
405,-47.197841,28.464697,0.000000
406,-47.035516,28.521829,0.000000
407,-46.870606,28.579853,0.000000
408,-46.702761,28.638783,0.000000
409,-46.531582,28.698635,0.000000
410,-46.356597,28.759429,0.000000
411,-46.177258,28.821187,0.000000
412,-45.992913,28.883935,0.000000
413,-45.803238,28.947702,0.000000
414,-45.607169,29.012522,0.000000
415,-45.403728,29.078432,0.000000
416,-45.191736,29.145479,0.000000
417,-44.969739,29.213716,0.000000
418,-44.735908,29.283205,0.000000
419,-44.487897,29.354022,0.000000
420,-44.222628,29.426256,0.000000
421,-43.935971,29.500017,0.000000
422,-43.623652,29.575444,0.000000
423,-43.277920,29.652702,0.000000
424,-42.888339,29.732006,0.000000
425,-42.438832,29.813644,0.000000
426,-41.902616,29.898006,0.000000
427,-41.234830,29.985662,0.000000
428,-40.343725,30.077478,0.000000
429,-39.004848,30.174928,0.000000
430,-36.485788,30.280979,0.000000
431,-27.809757,30.403471,0.000000
432,0.000000,30.583394,1.000000
433,-58.000000,30.948116,0.000000
434,-57.825291,30.924956,0.000000
435,-57.651386,30.903037,0.000000
436,-57.478334,30.882351,0.000000
437,-57.306126,30.862888,0.000000
438,-57.134756,30.844637,0.000000
439,-56.964215,30.827590,0.000000
440,-56.794496,30.811737,0.000000
441,-56.625593,30.797068,0.000000
442,-56.457498,30.783574,0.000000
443,-56.290206,30.771245,0.000000
444,-56.123710,30.760073,0.000000
445,-55.958004,30.750048,0.000000
446,-55.792935,30.741161,0.000000
447,-55.628683,30.733404,0.000000
448,-55.465233,30.726768,0.000000
449,-55.302569,30.721244,0.000000
450,-55.140678,30.716823,0.000000
451,-54.979547,30.713496,0.000000
452,-54.819165,30.711254,0.000000
453,-54.659520,30.710088,0.000000
454,-54.500601,30.709991,0.000000
455,-54.342398,30.710954,0.000000
456,-54.184901,30.712968,0.000000
457,-54.028099,30.716026,0.000000
458,-53.871982,30.720118,0.000000
459,-53.716204,30.725238,0.000000
460,-53.561182,30.731379,0.000000
461,-53.406883,30.738533,0.000000
462,-53.253278,30.746692,0.000000
463,-53.100341,30.755848,0.000000
464,-52.948045,30.765993,0.000000
465,-52.796368,30.777119,0.000000
466,-52.645289,30.789220,0.000000
467,-52.494785,30.802287,0.000000
468,-52.344836,30.816314,0.000000
469,-52.195423,30.831294,0.000000
470,-52.046525,30.847221,0.000000
471,-51.898122,30.864086,0.000000
472,-51.749232,30.881885,0.000000
473,-51.601045,30.900617,0.000000
474,-51.453483,30.920275,0.000000
475,-51.306477,30.940851,0.000000
476,-51.159963,30.962338,0.000000
477,-51.013883,30.984731,0.000000
478,-50.868181,31.008022,0.000000
479,-50.722806,31.032208,0.000000
480,-50.577710,31.057282,0.000000
481,-50.432844,31.083239,0.000000
482,-50.288162,31.110076,0.000000
483,-50.143616,31.137788,0.000000
484,-49.999160,31.166372,0.000000
485,-49.854743,31.195823,0.000000
486,-49.710314,31.226138,0.000000
487,-49.565818,31.257316,0.000000
488,-49.421196,31.289352,0.000000
489,-49.276384,31.322247,0.000000
490,-49.131313,31.355997,0.000000
491,-48.985907,31.390601,0.000000
492,-48.840081,31.426060,0.000000
493,-48.693745,31.462372,0.000000
494,-48.546796,31.499539,0.000000
495,-48.399122,31.537562,0.000000
496,-48.250597,31.576443,0.000000
497,-48.101083,31.616184,0.000000
498,-47.950425,31.656790,0.000000
499,-47.798637,31.698264,0.000000
500,-47.645432,31.740612,0.000000
501,-47.490624,31.783841,0.000000
502,-47.334007,31.827957,0.000000
503,-47.175347,31.872971,0.000000
504,-47.014381,31.918892,0.000000
505,-46.850807,31.965733,0.000000
506,-46.684278,32.013508,0.000000
507,-46.514392,32.062235,0.000000
508,-46.340680,32.111931,0.000000
509,-46.162593,32.162620,0.000000
510,-45.979481,32.214328,0.000000
511,-45.791039,32.267083,0.000000
512,-45.596192,32.320920,0.000000
513,-45.393967,32.375875,0.000000
514,-45.183187,32.431996,0.000000
515,-44.962403,32.489335,0.000000
516,-44.729792,32.547954,0.000000
517,-44.483015,32.607929,0.000000
518,-44.219008,32.669349,0.000000
519,-43.933656,32.732324,0.000000
520,-43.622725,32.796992,0.000000
521,-43.278496,32.863518,0.000000
522,-42.890601,32.932116,0.000000
523,-42.443078,33.003071,0.000000
524,-41.909380,33.076774,0.000000
525,-41.245085,33.153789,0.000000
526,-40.359595,33.234976,0.000000
527,-39.032286,33.321795,0.000000
528,-36.547904,33.417174,0.000000
529,-28.139555,33.528797,0.000000
530,0.000000,33.696104,1.000000
531,-58.000000,34.050450,0.000000
532,-57.826842,34.016949,0.000000
533,-57.654475,33.984714,0.000000
534,-57.482949,33.953735,0.000000
535,-57.312254,33.924003,0.000000
536,-57.142384,33.895508,0.000000
537,-56.973331,33.868240,0.000000
538,-56.805089,33.842190,0.000000
539,-56.637649,33.817349,0.000000
540,-56.471007,33.793707,0.000000
541,-56.305155,33.771255,0.000000
542,-56.140087,33.749983,0.000000
543,-55.975798,33.729882,0.000000
544,-55.812129,33.710944,0.000000
545,-55.649268,33.693160,0.000000
546,-55.487197,33.676521,0.000000
547,-55.325903,33.661018,0.000000
548,-55.165371,33.646642,0.000000
549,-55.005589,33.633384,0.000000
550,-54.846546,33.621235,0.000000
551,-54.688231,33.610188,0.000000
552,-54.530632,33.600232,0.000000
553,-54.373739,33.591360,0.000000
554,-54.217543,33.583564,0.000000
555,-54.062033,33.576835,0.000000
556,-53.907200,33.571166,0.000000
557,-53.752672,33.566547,0.000000
558,-53.598897,33.562974,0.000000
559,-53.445841,33.560438,0.000000
560,-53.293476,33.558931,0.000000
561,-53.141773,33.558445,0.000000
562,-52.990708,33.558972,0.000000
563,-52.840258,33.560504,0.000000
564,-52.690401,33.563034,0.000000
565,-52.541115,33.566554,0.000000
566,-52.392382,33.571058,0.000000
567,-52.244181,33.576539,0.000000
568,-52.096492,33.582989,0.000000
569,-51.949296,33.590403,0.000000
570,-51.801512,33.598773,0.000000
571,-51.654448,33.608100,0.000000
572,-51.508026,33.618377,0.000000
573,-51.362175,33.629595,0.000000
574,-51.216830,33.641749,0.000000
575,-51.071932,33.654831,0.000000
576,-50.927425,33.668835,0.000000
577,-50.783259,33.683756,0.000000
578,-50.639383,33.699589,0.000000
579,-50.495751,33.716327,0.000000
580,-50.352317,33.733968,0.000000
581,-50.209035,33.752506,0.000000
582,-50.065858,33.771937,0.000000
583,-49.922739,33.792258,0.000000
584,-49.779628,33.813466,0.000000
585,-49.636472,33.835557,0.000000
586,-49.493216,33.858529,0.000000
587,-49.349799,33.882379,0.000000
588,-49.206157,33.907105,0.000000
589,-49.062218,33.932707,0.000000
590,-48.917903,33.959184,0.000000
591,-48.773127,33.986534,0.000000
592,-48.627796,34.014758,0.000000
593,-48.481804,34.043856,0.000000
594,-48.335034,34.073832,0.000000
595,-48.187360,34.104685,0.000000
596,-48.038637,34.136421,0.000000
597,-47.888706,34.169042,0.000000
598,-47.737609,34.202553,0.000000
599,-47.585030,34.236961,0.000000
600,-47.430780,34.272271,0.000000
601,-47.274644,34.308491,0.000000
602,-47.116383,34.345632,0.000000
603,-46.955722,34.383704,0.000000
604,-46.792349,34.422720,0.000000
605,-46.625904,34.462695,0.000000
606,-46.455967,34.503647,0.000000
607,-46.282051,34.545595,0.000000
608,-46.103581,34.588563,0.000000
609,-45.919879,34.632577,0.000000
610,-45.730686,34.677669,0.000000
611,-45.534836,34.723872,0.000000
612,-45.331309,34.771227,0.000000
613,-45.118866,34.819781,0.000000
614,-44.895973,34.869589,0.000000
615,-44.660687,34.920718,0.000000
616,-44.410505,34.973244,0.000000
617,-44.142128,35.027263,0.000000
618,-43.851099,35.082891,0.000000
619,-43.533008,35.140274,0.000000
620,-43.179299,35.199587,0.000000
621,-42.778457,35.261059,0.000000
622,-42.312423,35.325000,0.000000
623,-41.750467,35.391833,0.000000
624,-41.040913,35.462191,0.000000
625,-40.072175,35.537044,0.000000
626,-38.551006,35.618106,0.000000
627,-35.411902,35.709039,0.000000
628,-20.643817,35.820596,0.000000
629,0.000000,36.030235,1.000000
630,-58.000000,36.376801,0.000000
631,-57.828005,36.335545,0.000000
632,-57.656792,36.295573,0.000000
633,-57.486409,36.256876,0.000000
634,-57.316850,36.219444,0.000000
635,-57.148105,36.183267,0.000000
636,-56.980168,36.148335,0.000000
637,-56.813032,36.114640,0.000000
638,-56.646690,36.082171,0.000000
639,-56.481136,36.050919,0.000000
640,-56.316364,36.020875,0.000000
641,-56.152368,35.992029,0.000000
642,-55.989141,35.964374,0.000000
643,-55.826523,35.937898,0.000000
644,-55.664703,35.912595,0.000000
645,-55.503667,35.888455,0.000000
646,-55.343399,35.865469,0.000000
647,-55.183886,35.843628,0.000000
648,-55.025117,35.822923,0.000000
649,-54.867078,35.803346,0.000000
650,-54.709759,35.784888,0.000000
651,-54.553150,35.767540,0.000000
652,-54.397240,35.751294,0.000000
653,-54.242019,35.736141,0.000000
654,-54.087478,35.722074,0.000000
655,-53.933606,35.709084,0.000000
656,-53.780015,35.697163,0.000000
657,-53.627174,35.686306,0.000000
658,-53.475050,35.676503,0.000000
659,-53.323612,35.667748,0.000000
660,-53.172834,35.660031,0.000000
661,-53.022691,35.653346,0.000000
662,-52.873160,35.647683,0.000000
663,-52.724219,35.643037,0.000000
664,-52.575846,35.639398,0.000000
665,-52.428023,35.636761,0.000000
666,-52.280729,35.635119,0.000000
667,-52.133946,35.634464,0.000000
668,-51.987653,35.634789,0.000000
669,-51.840692,35.636089,0.000000
670,-51.694464,35.638364,0.000000
671,-51.548891,35.641606,0.000000
672,-51.403901,35.645808,0.000000
673,-51.259427,35.650963,0.000000
674,-51.115410,35.657063,0.000000
675,-50.971794,35.664104,0.000000
676,-50.828528,35.672078,0.000000
677,-50.685563,35.680981,0.000000
678,-50.542852,35.690807,0.000000
679,-50.400348,35.701552,0.000000
680,-50.258007,35.713211,0.000000
681,-50.115782,35.725781,0.000000
682,-49.973629,35.739256,0.000000
683,-49.831498,35.753635,0.000000
684,-49.689338,35.768912,0.000000
685,-49.547097,35.785087,0.000000
686,-49.404716,35.802156,0.000000
687,-49.262133,35.820118,0.000000
688,-49.119279,35.838970,0.000000
689,-48.976081,35.858711,0.000000
690,-48.832457,35.879342,0.000000
691,-48.688317,35.900861,0.000000
692,-48.543562,35.923269,0.000000
693,-48.398082,35.946568,0.000000
694,-48.251756,35.970759,0.000000
695,-48.104447,35.995844,0.000000
696,-47.956007,36.021829,0.000000
697,-47.806451,36.048716,0.000000
698,-47.655499,36.076510,0.000000
699,-47.502971,36.105219,0.000000
700,-47.348668,36.134848,0.000000
701,-47.192365,36.165408,0.000000
702,-47.033807,36.196907,0.000000
703,-46.872705,36.229359,0.000000
704,-46.708725,36.262776,0.000000
705,-46.541483,36.297175,0.000000
706,-46.370532,36.332575,0.000000
707,-46.195346,36.368996,0.000000
708,-46.015311,36.406464,0.000000
709,-45.829692,36.445007,0.000000
710,-45.638310,36.484659,0.000000
711,-45.439836,36.525455,0.000000
712,-45.233163,36.567437,0.000000
713,-45.016933,36.610658,0.000000
714,-44.789448,36.655176,0.000000
715,-44.548546,36.701063,0.000000
716,-44.291409,36.748402,0.000000
717,-44.014284,36.797298,0.000000
718,-43.712046,36.847879,0.000000
719,-43.379969,36.900305,0.000000
720,-43.007793,36.954771,0.000000
721,-42.581618,37.011537,0.000000
722,-42.078893,37.070954,0.000000
723,-41.459633,37.133525,0.000000
724,-40.655813,37.200016,0.000000
725,-39.501986,37.271644,0.000000
726,-37.519923,37.350725,0.000000
727,-32.323667,37.442756,0.000000
728,0.000000,37.569123,1.000000
729,-58.000000,37.910559,0.000000
730,-57.828772,37.864190,0.000000
731,-57.658319,37.819118,0.000000
732,-57.488691,37.775332,0.000000
733,-57.319879,37.732823,0.000000
734,-57.151876,37.691581,0.000000
735,-56.984675,37.651597,0.000000
736,-56.818268,37.612860,0.000000
737,-56.652651,37.575362,0.000000
738,-56.487815,37.539093,0.000000
739,-56.323755,37.504044,0.000000
740,-56.160465,37.470206,0.000000
741,-55.997938,37.437569,0.000000
742,-55.836012,37.406124,0.000000
743,-55.674879,37.375863,0.000000
744,-55.514525,37.346778,0.000000
745,-55.354934,37.318858,0.000000
746,-55.196094,37.292096,0.000000
747,-55.037990,37.266482,0.000000
748,-54.880614,37.242007,0.000000
749,-54.723952,37.218663,0.000000
750,-54.567995,37.196441,0.000000
751,-54.412733,37.175333,0.000000
752,-54.258155,37.155330,0.000000
753,-54.104252,37.136425,0.000000
754,-53.951015,37.118608,0.000000
755,-53.798041,37.101873,0.000000
756,-53.645815,37.086213,0.000000
757,-53.494304,37.071620,0.000000
758,-53.343478,37.058086,0.000000
759,-53.193309,37.045603,0.000000
760,-53.043774,37.034162,0.000000
761,-52.894848,37.023756,0.000000
762,-52.746510,37.014378,0.000000
763,-52.598739,37.006020,0.000000
764,-52.451515,36.998675,0.000000
765,-52.304819,36.992336,0.000000
766,-52.158632,36.986996,0.000000
767,-52.012934,36.982649,0.000000
768,-51.867705,36.979287,0.000000
769,-51.722021,36.976905,0.000000
770,-51.577000,36.975501,0.000000
771,-51.432569,36.975070,0.000000
772,-51.288663,36.975602,0.000000
773,-51.145221,36.977093,0.000000
774,-51.002187,36.979534,0.000000
775,-50.859510,36.982921,0.000000
776,-50.717140,36.987248,0.000000
777,-50.575030,36.992510,0.000000
778,-50.433135,36.998701,0.000000
779,-50.291411,37.005818,0.000000
780,-50.149811,37.013856,0.000000
781,-50.008290,37.022811,0.000000
782,-49.866802,37.032679,0.000000
783,-49.725296,37.043458,0.000000
784,-49.583719,37.055145,0.000000
785,-49.442017,37.067736,0.000000
786,-49.300128,37.081230,0.000000
787,-49.157987,37.095625,0.000000
788,-49.015521,37.110920,0.000000
789,-48.872652,37.127114,0.000000
790,-48.729292,37.144206,0.000000
791,-48.585347,37.162196,0.000000
792,-48.440711,37.181087,0.000000
793,-48.295266,37.200878,0.000000
794,-48.148882,37.221574,0.000000
795,-48.001416,37.243176,0.000000
796,-47.852707,37.265689,0.000000
797,-47.702816,37.289119,0.000000
798,-47.551412,37.313469,0.000000
799,-47.398303,37.338748,0.000000
800,-47.243273,37.364964,0.000000
801,-47.086081,37.392126,0.000000
802,-46.926450,37.420245,0.000000
803,-46.764066,37.449334,0.000000
804,-46.598564,37.479409,0.000000
805,-46.429521,37.510487,0.000000
806,-46.256445,37.542589,0.000000
807,-46.078756,37.575737,0.000000
808,-45.895769,37.609960,0.000000
809,-45.707253,37.645288,0.000000
810,-45.512009,37.681756,0.000000
811,-45.309008,37.719403,0.000000
812,-45.096997,37.758278,0.000000
813,-44.874422,37.798437,0.000000
814,-44.639315,37.839946,0.000000
815,-44.389136,37.882884,0.000000
816,-44.120533,37.927347,0.000000
817,-43.828973,37.973453,0.000000
818,-43.510032,38.021348,0.000000
819,-43.154956,38.071210,0.000000
820,-42.751973,38.123273,0.000000
821,-42.282546,38.177849,0.000000
822,-41.714986,38.235372,0.000000
823,-40.995975,38.296488,0.000000
824,-40.008848,38.362193,0.000000
825,-38.441844,38.434260,0.000000
826,-35.130537,38.516533,0.000000
827,-18.148672,38.620608,0.000000
828,0.000000,38.837548,1.000000
829,-58.000000,39.174756,0.000000
830,-57.829404,39.124174,0.000000
831,-57.659578,39.074897,0.000000
832,-57.490572,39.026917,0.000000
833,-57.322376,38.980224,0.000000
834,-57.154985,38.934807,0.000000
835,-56.988390,38.890658,0.000000
836,-56.822585,38.847766,0.000000
837,-56.657564,38.806123,0.000000
838,-56.493319,38.765719,0.000000
839,-56.329846,38.726544,0.000000
840,-56.167138,38.688590,0.000000
841,-56.005189,38.651847,0.000000
842,-55.843993,38.616307,0.000000
843,-55.683426,38.581959,0.000000
844,-55.523633,38.548796,0.000000
845,-55.364599,38.516810,0.000000
846,-55.206311,38.485990,0.000000
847,-55.048757,38.456327,0.000000
848,-54.891925,38.427815,0.000000
849,-54.735804,38.400442,0.000000
850,-54.580384,38.374202,0.000000
851,-54.425655,38.349086,0.000000
852,-54.271607,38.325084,0.000000
853,-54.118229,38.302190,0.000000
854,-53.965514,38.280395,0.000000
855,-53.813048,38.259690,0.000000
856,-53.661328,38.240071,0.000000
857,-53.510321,38.221528,0.000000
858,-53.359998,38.204054,0.000000
859,-53.210331,38.187641,0.000000
860,-53.061295,38.172280,0.000000
861,-52.912867,38.157964,0.000000
862,-52.765025,38.144685,0.000000
863,-52.617749,38.132435,0.000000
864,-52.471018,38.121209,0.000000
865,-52.324814,38.110998,0.000000
866,-52.179118,38.101796,0.000000
867,-52.033909,38.093596,0.000000
868,-51.889170,38.086391,0.000000
869,-51.743935,38.080176,0.000000
870,-51.599370,38.074949,0.000000
871,-51.455402,38.070703,0.000000
872,-51.311964,38.067431,0.000000
873,-51.168997,38.065127,0.000000
874,-51.026444,38.063783,0.000000
875,-50.884252,38.063394,0.000000
876,-50.742372,38.063955,0.000000
877,-50.600759,38.065459,0.000000
878,-50.459365,38.067902,0.000000
879,-50.318148,38.071280,0.000000
880,-50.177061,38.075588,0.000000
881,-50.036061,38.080823,0.000000
882,-49.895100,38.086979,0.000000
883,-49.754129,38.094056,0.000000
884,-49.613098,38.102048,0.000000
885,-49.471952,38.110954,0.000000
886,-49.330631,38.120771,0.000000
887,-49.189070,38.131497,0.000000
888,-49.047201,38.143132,0.000000
889,-48.904947,38.155673,0.000000
890,-48.762222,38.169122,0.000000
891,-48.618935,38.183476,0.000000
892,-48.474982,38.198738,0.000000
893,-48.330251,38.214909,0.000000
894,-48.184615,38.231991,0.000000
895,-48.037934,38.249987,0.000000
896,-47.890054,38.268901,0.000000
897,-47.741019,38.288738,0.000000
898,-47.590520,38.309502,0.000000
899,-47.438370,38.331200,0.000000
900,-47.284362,38.353840,0.000000
901,-47.128263,38.377432,0.000000
902,-46.969809,38.401985,0.000000
903,-46.808697,38.427513,0.000000
904,-46.644578,38.454030,0.000000
905,-46.477050,38.481553,0.000000
906,-46.305643,38.510101,0.000000
907,-46.129806,38.539696,0.000000
908,-45.948890,38.570365,0.000000
909,-45.762628,38.602138,0.000000
910,-45.569918,38.635047,0.000000
911,-45.369789,38.669130,0.000000
912,-45.161063,38.704435,0.000000
913,-44.942293,38.741013,0.000000
914,-44.711653,38.778927,0.000000
915,-44.466804,38.818253,0.000000
916,-44.204680,38.859080,0.000000
917,-43.921169,38.901519,0.000000
918,-43.612084,38.945706,0.000000
919,-43.269692,38.991806,0.000000
920,-42.883637,39.040036,0.000000
921,-42.437981,39.090678,0.000000
922,-41.906219,39.144123,0.000000
923,-41.244069,39.200934,0.000000
924,-40.361204,39.261970,0.000000
925,-39.037916,39.328689,0.000000
926,-36.563274,39.404007,0.000000
927,-28.222408,39.495572,0.000000
928,0.000000,39.642438,1.000000
929,-58.000000,39.976963,0.000000
930,-57.829805,39.923706,0.000000
931,-57.660377,39.871762,0.000000
932,-57.491765,39.821120,0.000000
933,-57.323961,39.771771,0.000000
934,-57.156957,39.723706,0.000000
935,-56.990747,39.676914,0.000000
936,-56.825324,39.631386,0.000000
937,-56.660681,39.587112,0.000000
938,-56.496812,39.544084,0.000000
939,-56.333712,39.502292,0.000000
940,-56.171373,39.461726,0.000000
941,-56.009790,39.422378,0.000000
942,-55.848957,39.384238,0.000000
943,-55.688750,39.347297,0.000000
944,-55.529313,39.311548,0.000000
945,-55.370633,39.276981,0.000000
946,-55.212697,39.243587,0.000000
947,-55.055491,39.211357,0.000000
948,-54.899006,39.180282,0.000000
949,-54.743228,39.150355,0.000000
950,-54.588150,39.121565,0.000000
951,-54.433759,39.093906,0.000000
952,-54.280047,39.067368,0.000000
953,-54.127004,39.041943,0.000000
954,-53.974620,39.017623,0.000000
955,-53.822476,38.994400,0.000000
956,-53.671078,38.972269,0.000000
957,-53.520392,38.951221,0.000000
958,-53.370388,38.931247,0.000000
959,-53.221039,38.912341,0.000000
960,-53.072321,38.894493,0.000000
961,-52.924209,38.877695,0.000000
962,-52.776682,38.861942,0.000000
963,-52.629720,38.847224,0.000000
964,-52.483303,38.833535,0.000000
965,-52.337411,38.820868,0.000000
966,-52.192026,38.809216,0.000000
967,-52.047128,38.798572,0.000000
968,-51.902699,38.788929,0.000000
969,-51.757749,38.780281,0.000000
970,-51.613473,38.772628,0.000000
971,-51.469798,38.765963,0.000000
972,-51.326658,38.760278,0.000000
973,-51.183991,38.755566,0.000000
974,-51.041742,38.751821,0.000000
975,-50.899857,38.749037,0.000000
976,-50.758289,38.747207,0.000000
977,-50.616989,38.746328,0.000000
978,-50.475914,38.746394,0.000000
979,-50.335017,38.747400,0.000000
980,-50.194256,38.749342,0.000000
981,-50.053584,38.752215,0.000000
982,-49.912957,38.756017,0.000000
983,-49.772325,38.760744,0.000000
984,-49.631639,38.766393,0.000000
985,-49.490844,38.772961,0.000000
986,-49.349881,38.780445,0.000000
987,-49.208688,38.788845,0.000000
988,-49.067196,38.798157,0.000000
989,-48.925329,38.808382,0.000000
990,-48.783004,38.819519,0.000000
991,-48.640131,38.831567,0.000000
992,-48.496609,38.844527,0.000000
993,-48.352326,38.858402,0.000000
994,-48.207159,38.873191,0.000000
995,-48.060971,38.888900,0.000000
996,-47.913610,38.905530,0.000000
997,-47.765112,38.923088,0.000000
998,-47.615180,38.941577,0.000000
999,-47.463630,38.961003,0.000000
1000,-47.310261,38.981376,0.000000
1001,-47.154846,39.002703,0.000000
1002,-46.997125,39.024995,0.000000
1003,-46.836805,39.048264,0.000000
1004,-46.673547,39.072525,0.000000
1005,-46.506959,39.097792,0.000000
1006,-46.336587,39.124087,0.000000
1007,-46.161896,39.151429,0.000000
1008,-45.982258,39.179845,0.000000
1009,-45.797388,39.209364,0.000000
1010,-45.606240,39.240017,0.000000
1011,-45.407876,39.271842,0.000000
1012,-45.201166,39.304883,0.000000
1013,-44.984721,39.339192,0.000000
1014,-44.756801,39.374830,0.000000
1015,-44.515184,39.411869,0.000000
1016,-44.256969,39.450395,0.000000
1017,-43.978284,39.490514,0.000000
1018,-43.675090,39.532357,0.000000
1019,-43.340222,39.576082,0.000000
1020,-42.964103,39.621893,0.000000
1021,-42.532195,39.670059,0.000000
1022,-42.020716,39.720945,0.000000
1023,-41.387078,39.775070,0.000000
1024,-40.558597,39.833239,0.000000
1025,-39.352798,39.896738,0.000000
1026,-37.225812,39.968063,0.000000
1027,-31.222326,40.053331,0.000000
1028,0.000000,40.178338,1.000000
1029,-58.000000,40.511077,0.000000
1030,-57.830073,40.456040,0.000000
1031,-57.660909,40.402319,0.000000
1032,-57.492559,40.349905,0.000000
1033,-57.325016,40.298789,0.000000
1034,-57.158271,40.248959,0.000000
1035,-56.992317,40.200407,0.000000
1036,-56.827148,40.153124,0.000000
1037,-56.662757,40.107099,0.000000
1038,-56.499138,40.062324,0.000000
1039,-56.336285,40.018789,0.000000
1040,-56.174193,39.976484,0.000000
1041,-56.012854,39.935401,0.000000
1042,-55.852262,39.895531,0.000000
1043,-55.692294,39.856864,0.000000
1044,-55.533095,39.819392,0.000000
1045,-55.374651,39.783107,0.000000
1046,-55.216949,39.747999,0.000000
1047,-55.059975,39.714060,0.000000
1048,-54.903720,39.681280,0.000000
1049,-54.748172,39.649650,0.000000
1050,-54.593320,39.619164,0.000000
1051,-54.439155,39.589811,0.000000
1052,-54.285667,39.561584,0.000000
1053,-54.132846,39.534474,0.000000
1054,-53.980683,39.508474,0.000000
1055,-53.828753,39.483574,0.000000
1056,-53.677569,39.459771,0.000000
1057,-53.527096,39.437054,0.000000
1058,-53.377305,39.415417,0.000000
1059,-53.228168,39.394850,0.000000
1060,-53.079661,39.375346,0.000000
1061,-52.931760,39.356897,0.000000
1062,-52.784443,39.339496,0.000000
1063,-52.637690,39.323135,0.000000
1064,-52.491481,39.307806,0.000000
1065,-52.345797,39.293504,0.000000
1066,-52.200619,39.280220,0.000000
1067,-52.055929,39.267949,0.000000
1068,-51.911706,39.256683,0.000000
1069,-51.766945,39.246416,0.000000
1070,-51.622861,39.237148,0.000000
1071,-51.479381,39.228872,0.000000
1072,-51.336438,39.221580,0.000000
1073,-51.193972,39.215265,0.000000
1074,-51.051924,39.209921,0.000000
1075,-50.910244,39.205541,0.000000
1076,-50.768883,39.202121,0.000000
1077,-50.627792,39.199655,0.000000
1078,-50.486927,39.198138,0.000000
1079,-50.346244,39.197564,0.000000
1080,-50.205699,39.197931,0.000000
1081,-50.065246,39.199233,0.000000
1082,-49.924841,39.201467,0.000000
1083,-49.784434,39.204630,0.000000
1084,-49.643977,39.208718,0.000000
1085,-49.503415,39.213730,0.000000
1086,-49.362690,39.219661,0.000000
1087,-49.221741,39.226511,0.000000
1088,-49.080498,39.234278,0.000000
1089,-48.938888,39.242960,0.000000
1090,-48.796829,39.252557,0.000000
1091,-48.654231,39.263070,0.000000
1092,-48.510993,39.274498,0.000000
1093,-48.367007,39.286843,0.000000
1094,-48.222151,39.300107,0.000000
1095,-48.076289,39.314292,0.000000
1096,-47.929272,39.329403,0.000000
1097,-47.781130,39.345443,0.000000
1098,-47.631572,39.362417,0.000000
1099,-47.480419,39.380332,0.000000
1100,-47.327472,39.399195,0.000000
1101,-47.172507,39.419014,0.000000
1102,-47.015270,39.439801,0.000000
1103,-46.855472,39.461567,0.000000
1104,-46.692780,39.484325,0.000000
1105,-46.526811,39.508092,0.000000
1106,-46.357118,39.532886,0.000000
1107,-46.183179,39.558729,0.000000
1108,-46.004379,39.585645,0.000000
1109,-45.819989,39.613664,0.000000
1110,-45.629849,39.642819,0.000000
1111,-45.432622,39.673144,0.000000
1112,-45.227206,39.704682,0.000000
1113,-45.012252,39.737485,0.000000
1114,-44.786072,39.771612,0.000000
1115,-44.546515,39.807133,0.000000
1116,-44.290784,39.844132,0.000000
1117,-44.015155,39.882713,0.000000
1118,-43.714544,39.923003,0.000000
1119,-43.384282,39.965163,0.000000
1120,-43.014205,40.009384,0.000000
1121,-42.590581,40.055924,0.000000
1122,-42.091178,40.105134,0.000000
1123,-41.476686,40.157509,0.000000
1124,-40.680347,40.213806,0.000000
1125,-39.541042,40.275225,0.000000
1126,-37.596998,40.344034,0.000000
1127,-32.595232,40.425573,0.000000
1128,0.000000,40.540187,1.000000
1129,-58.000000,40.871719,0.000000
1130,-57.830253,40.815480,0.000000
1131,-57.661268,40.760560,0.000000
1132,-57.493096,40.706950,0.000000
1133,-57.325728,40.654639,0.000000
1134,-57.159157,40.603619,0.000000
1135,-56.993377,40.553879,0.000000
1136,-56.828379,40.505411,0.000000
1137,-56.664158,40.458203,0.000000
1138,-56.500708,40.412248,0.000000
1139,-56.338023,40.367536,0.000000
1140,-56.176096,40.324058,0.000000
1141,-56.014922,40.281803,0.000000
1142,-55.854494,40.240765,0.000000
1143,-55.694688,40.200932,0.000000
1144,-55.535649,40.162298,0.000000
1145,-55.377364,40.124852,0.000000
1146,-55.219819,40.088587,0.000000
1147,-55.063003,40.053493,0.000000
1148,-54.906903,40.019561,0.000000
1149,-54.751509,39.986784,0.000000
1150,-54.596811,39.955151,0.000000
1151,-54.442798,39.924655,0.000000
1152,-54.289461,39.895287,0.000000
1153,-54.136790,39.867040,0.000000
1154,-53.984776,39.839905,0.000000
1155,-53.832992,39.813873,0.000000
1156,-53.681952,39.788940,0.000000
1157,-53.531623,39.765098,0.000000
1158,-53.381976,39.742336,0.000000
1159,-53.232982,39.720649,0.000000
1160,-53.084617,39.700027,0.000000
1161,-52.936858,39.680463,0.000000
1162,-52.789683,39.661949,0.000000
1163,-52.643071,39.644478,0.000000
1164,-52.497003,39.628042,0.000000
1165,-52.351459,39.612635,0.000000
1166,-52.206421,39.598250,0.000000
1167,-52.061870,39.584880,0.000000
1168,-51.917787,39.572518,0.000000
1169,-51.773153,39.561158,0.000000
1170,-51.629199,39.550799,0.000000
1171,-51.485851,39.541435,0.000000
1172,-51.343041,39.533058,0.000000
1173,-51.200709,39.525661,0.000000
1174,-51.058799,39.519237,0.000000
1175,-50.917257,39.513781,0.000000
1176,-50.776034,39.509287,0.000000
1177,-50.635084,39.505749,0.000000
1178,-50.494362,39.503163,0.000000
1179,-50.353823,39.501523,0.000000
1180,-50.213423,39.500826,0.000000
1181,-50.073118,39.501067,0.000000
1182,-49.932862,39.502243,0.000000
1183,-49.792608,39.504349,0.000000
1184,-49.652305,39.507384,0.000000
1185,-49.511900,39.511344,0.000000
1186,-49.371336,39.516227,0.000000
1187,-49.230550,39.522031,0.000000
1188,-49.089476,39.528754,0.000000
1189,-48.948040,39.536395,0.000000
1190,-48.806159,39.544953,0.000000
1191,-48.663745,39.554429,0.000000
1192,-48.520700,39.564822,0.000000
1193,-48.376914,39.576135,0.000000
1194,-48.232266,39.588368,0.000000
1195,-48.086624,39.601525,0.000000
1196,-47.939838,39.615610,0.000000
1197,-47.791934,39.630625,0.000000
1198,-47.642628,39.646577,0.000000
1199,-47.491741,39.663471,0.000000
1200,-47.339078,39.681314,0.000000
1201,-47.184415,39.700116,0.000000
1202,-47.027503,39.719886,0.000000
1203,-46.868055,39.740637,0.000000
1204,-46.705742,39.762381,0.000000
1205,-46.540187,39.785135,0.000000
1206,-46.370949,39.808916,0.000000
1207,-46.197513,39.833747,0.000000
1208,-46.019273,39.859651,0.000000
1209,-45.835512,39.886657,0.000000
1210,-45.646054,39.914798,0.000000
1211,-45.449598,39.944108,0.000000
1212,-45.245060,39.974631,0.000000
1213,-45.031116,40.006415,0.000000
1214,-44.806111,40.039519,0.000000
1215,-44.567946,40.074013,0.000000
1216,-44.313888,40.109980,0.000000
1217,-44.040314,40.147521,0.000000
1218,-43.742285,40.186761,0.000000
1219,-43.415203,40.227856,0.000000
1220,-43.049282,40.270995,0.000000
1221,-42.631325,40.316430,0.000000
1222,-42.140122,40.364500,0.000000
1223,-41.538497,40.415684,0.000000
1224,-40.763502,40.470708,0.000000
1225,-39.667188,40.530716,0.000000
1226,-37.836491,40.597832,0.000000
1227,-33.389726,40.676930,0.000000
1228,0.000000,40.785408,1.000000
1229,-58.000000,41.116124,0.000000
1230,-57.830375,41.059070,0.000000
1231,-57.661512,41.003337,0.000000
1232,-57.493460,40.948916,0.000000
1233,-57.326211,40.895797,0.000000
1234,-57.159758,40.843969,0.000000
1235,-56.994095,40.793424,0.000000
1236,-56.829214,40.744152,0.000000
1237,-56.665108,40.696144,0.000000
1238,-56.501773,40.649389,0.000000
1239,-56.339201,40.603879,0.000000
1240,-56.177386,40.559605,0.000000
1241,-56.016324,40.516557,0.000000
1242,-55.856007,40.474726,0.000000
1243,-55.696310,40.434104,0.000000
1244,-55.537379,40.394682,0.000000
1245,-55.379202,40.356450,0.000000
1246,-55.221765,40.319401,0.000000
1247,-55.065055,40.283524,0.000000
1248,-54.909060,40.248812,0.000000
1249,-54.753771,40.215256,0.000000
1250,-54.599177,40.182846,0.000000
1251,-54.445267,40.151576,0.000000
1252,-54.292032,40.121435,0.000000
1253,-54.139463,40.092417,0.000000
1254,-53.987550,40.064513,0.000000
1255,-53.835864,40.037714,0.000000
1256,-53.684922,40.012016,0.000000
1257,-53.534691,39.987409,0.000000
1258,-53.385141,39.963887,0.000000
1259,-53.236244,39.941440,0.000000
1260,-53.087976,39.920060,0.000000
1261,-52.940313,39.899740,0.000000
1262,-52.793234,39.880472,0.000000
1263,-52.646717,39.862249,0.000000
1264,-52.500745,39.845063,0.000000
1265,-52.355296,39.828908,0.000000
1266,-52.210353,39.813776,0.000000
1267,-52.065897,39.799661,0.000000
1268,-51.921908,39.786557,0.000000
1269,-51.777360,39.774455,0.000000
1270,-51.633494,39.763358,0.000000
1271,-51.490235,39.753257,0.000000
1272,-51.347516,39.744145,0.000000
1273,-51.205275,39.736014,0.000000
1274,-51.063456,39.728859,0.000000
1275,-50.922008,39.722673,0.000000
1276,-50.780880,39.717451,0.000000
1277,-50.640025,39.713187,0.000000
1278,-50.499399,39.709876,0.000000
1279,-50.358958,39.707514,0.000000
1280,-50.218657,39.706095,0.000000
1281,-50.078452,39.705617,0.000000
1282,-49.938297,39.706076,0.000000
1283,-49.798145,39.707467,0.000000
1284,-49.657947,39.709788,0.000000
1285,-49.517648,39.713035,0.000000
1286,-49.377193,39.717208,0.000000
1287,-49.236519,39.722302,0.000000
1288,-49.095559,39.728318,0.000000
1289,-48.954239,39.735253,0.000000
1290,-48.812479,39.743107,0.000000
1291,-48.670191,39.751880,0.000000
1292,-48.527275,39.761573,0.000000
1293,-48.383624,39.772186,0.000000
1294,-48.239118,39.783721,0.000000
1295,-48.093624,39.796181,0.000000
1296,-47.946994,39.809570,0.000000
1297,-47.799251,39.823891,0.000000
1298,-47.650115,39.839150,0.000000
1299,-47.499409,39.855352,0.000000
1300,-47.346936,39.872505,0.000000
1301,-47.192478,39.890617,0.000000
1302,-47.035784,39.909698,0.000000
1303,-46.876572,39.929760,0.000000
1304,-46.714516,39.950817,0.000000
1305,-46.549240,39.972885,0.000000
1306,-46.380308,39.995980,0.000000
1307,-46.207211,40.020125,0.000000
1308,-46.029347,40.045343,0.000000
1309,-45.846008,40.071663,0.000000
1310,-45.657011,40.099117,0.000000
1311,-45.461073,40.127740,0.000000
1312,-45.257124,40.157574,0.000000
1313,-45.043857,40.188668,0.000000
1314,-44.819641,40.221080,0.000000
1315,-44.582407,40.254879,0.000000
1316,-44.329469,40.290146,0.000000
1317,-44.057266,40.326983,0.000000
1318,-43.760958,40.365511,0.000000
1319,-43.435992,40.405886,0.000000
1320,-43.072830,40.448293,0.000000
1321,-42.658622,40.492980,0.000000
1322,-42.172814,40.540279,0.000000
1323,-41.579594,40.590660,0.000000
1324,-40.818431,40.644827,0.000000
1325,-39.749495,40.703888,0.000000
1326,-37.989032,40.769878,0.000000
1327,-33.863003,40.847385,0.000000
1328,-1.891434,40.952140,0.000000
1329,0.000000,41.269690,1.000000
1330,-58.000000,41.598791,0.000000
1331,-57.830616,41.540129,0.000000
1332,-57.661992,41.482791,0.000000
1333,-57.494178,41.426768,0.000000
1334,-57.327164,41.372051,0.000000
1335,-57.160945,41.318630,0.000000
1336,-56.995513,41.266495,0.000000
1337,-56.830862,41.215636,0.000000
1338,-56.666984,41.166045,0.000000
1339,-56.503874,41.117712,0.000000
1340,-56.341526,41.070627,0.000000
1341,-56.179934,41.024781,0.000000
1342,-56.019092,40.980166,0.000000
1343,-55.858994,40.936771,0.000000
1344,-55.699513,40.894589,0.000000
1345,-55.540797,40.853610,0.000000
1346,-55.382833,40.813826,0.000000
1347,-55.225607,40.775228,0.000000
1348,-55.069107,40.737806,0.000000
1349,-54.913320,40.701553,0.000000
1350,-54.758238,40.666459,0.000000
1351,-54.603849,40.632516,0.000000
1352,-54.450143,40.599715,0.000000
1353,-54.297111,40.568049,0.000000
1354,-54.144743,40.537508,0.000000
1355,-53.993029,40.508084,0.000000
1356,-53.841537,40.479771,0.000000
1357,-53.690788,40.452561,0.000000
1358,-53.540749,40.426447,0.000000
1359,-53.391391,40.401421,0.000000
1360,-53.242686,40.377473,0.000000
1361,-53.094608,40.354597,0.000000
1362,-52.947136,40.332785,0.000000
1363,-52.800246,40.312028,0.000000
1364,-52.653919,40.292319,0.000000
1365,-52.508134,40.273652,0.000000
1366,-52.362873,40.256019,0.000000
1367,-52.218118,40.239413,0.000000
1368,-52.073848,40.223828,0.000000
1369,-51.930045,40.209256,0.000000
1370,-51.785668,40.195692,0.000000
1371,-51.641975,40.183135,0.000000
1372,-51.498892,40.171578,0.000000
1373,-51.356350,40.161013,0.000000
1374,-51.214290,40.151434,0.000000
1375,-51.072654,40.142834,0.000000
1376,-50.931389,40.135207,0.000000
1377,-50.790448,40.128547,0.000000
1378,-50.649781,40.122849,0.000000
1379,-50.509346,40.118108,0.000000
1380,-50.369097,40.114318,0.000000
1381,-50.228990,40.111477,0.000000
1382,-50.088982,40.109578,0.000000
1383,-49.949027,40.108620,0.000000
1384,-49.809079,40.108598,0.000000
1385,-49.669086,40.109509,0.000000
1386,-49.528998,40.111350,0.000000
1387,-49.388757,40.114118,0.000000
1388,-49.248301,40.117813,0.000000
1389,-49.107566,40.122432,0.000000
1390,-48.966477,40.127973,0.000000
1391,-48.824956,40.134437,0.000000
1392,-48.682913,40.141822,0.000000
1393,-48.540253,40.150130,0.000000
1394,-48.396868,40.159361,0.000000
1395,-48.252640,40.169517,0.000000
1396,-48.107438,40.180602,0.000000
1397,-47.961115,40.192617,0.000000
1398,-47.813689,40.205567,0.000000
1399,-47.664888,40.219457,0.000000
1400,-47.514536,40.234293,0.000000
1401,-47.362440,40.250082,0.000000
1402,-47.208382,40.266832,0.000000
1403,-47.052119,40.284553,0.000000
1404,-46.893370,40.303257,0.000000
1405,-46.731816,40.322957,0.000000
1406,-46.567088,40.343669,0.000000
1407,-46.398757,40.365409,0.000000
1408,-46.226323,40.388200,0.000000
1409,-46.049197,40.412063,0.000000
1410,-45.866685,40.437029,0.000000
1411,-45.678587,40.463127,0.000000
1412,-45.483663,40.490393,0.000000
1413,-45.280866,40.518867,0.000000
1414,-45.068921,40.548598,0.000000
1415,-44.846243,40.579644,0.000000
1416,-44.610822,40.612070,0.000000
1417,-44.360059,40.645957,0.000000
1418,-44.090518,40.681404,0.000000
1419,-43.797539,40.718529,0.000000
1420,-43.476666,40.757484,0.000000
1421,-43.118820,40.798448,0.000000
1422,-42.711805,40.841661,0.000000
1423,-42.236287,40.887443,0.000000
1424,-41.658966,40.936243,0.000000
1425,-40.923732,40.988729,0.000000
1426,-39.905118,41.045942,0.000000
1427,-38.269885,41.109755,0.000000
1428,-34.664803,41.184256,0.000000
1429,-13.234746,41.282543,0.000000
1430,0.000000,41.523370,1.000000
1431,-58.000000,41.851625,0.000000
1432,-57.830743,41.792120,0.000000
1433,-57.662244,41.733941,0.000000
1434,-57.494554,41.677080,0.000000
1435,-57.327664,41.621526,0.000000
1436,-57.161567,41.567270,0.000000
1437,-56.996256,41.514302,0.000000
1438,-56.831725,41.462612,0.000000
1439,-56.667967,41.412192,0.000000
1440,-56.504975,41.363032,0.000000
1441,-56.342745,41.315122,0.000000
1442,-56.181269,41.268453,0.000000
1443,-56.020542,41.223016,0.000000
1444,-55.860559,41.178803,0.000000
1445,-55.701191,41.135803,0.000000
1446,-55.542588,41.094009,0.000000
1447,-55.384735,41.053412,0.000000
1448,-55.227619,41.014002,0.000000
1449,-55.071229,40.975771,0.000000
1450,-54.915552,40.938711,0.000000
1451,-54.760578,40.902811,0.000000
1452,-54.606296,40.868065,0.000000
1453,-54.452697,40.834462,0.000000
1454,-54.299771,40.801996,0.000000
1455,-54.147508,40.770658,0.000000
1456,-53.995899,40.740439,0.000000
1457,-53.844508,40.711331,0.000000
1458,-53.693860,40.683330,0.000000
1459,-53.543923,40.656427,0.000000
1460,-53.394665,40.630613,0.000000
1461,-53.246060,40.605879,0.000000
1462,-53.098083,40.582219,0.000000
1463,-52.950709,40.559625,0.000000
1464,-52.803919,40.538088,0.000000
1465,-52.657691,40.517602,0.000000
1466,-52.512005,40.498158,0.000000
1467,-52.366842,40.479751,0.000000
1468,-52.222185,40.462373,0.000000
1469,-52.078013,40.446017,0.000000
1470,-51.934308,40.430677,0.000000
1471,-51.790020,40.416346,0.000000
1472,-51.646418,40.403025,0.000000
1473,-51.503426,40.390705,0.000000
1474,-51.360978,40.379380,0.000000
1475,-51.219011,40.369042,0.000000
1476,-51.077471,40.359685,0.000000
1477,-50.936303,40.351303,0.000000
1478,-50.795458,40.343890,0.000000
1479,-50.654891,40.337441,0.000000
1480,-50.514555,40.331950,0.000000
1481,-50.374406,40.327413,0.000000
1482,-50.234402,40.323826,0.000000
1483,-50.094497,40.321184,0.000000
1484,-49.954647,40.319483,0.000000
1485,-49.814804,40.318721,0.000000
1486,-49.674920,40.318893,0.000000
1487,-49.534941,40.319997,0.000000
1488,-49.394812,40.322031,0.000000
1489,-49.254471,40.324992,0.000000
1490,-49.113853,40.328879,0.000000
1491,-48.972885,40.333690,0.000000
1492,-48.831488,40.339425,0.000000
1493,-48.689574,40.346084,0.000000
1494,-48.547048,40.353667,0.000000
1495,-48.403802,40.362174,0.000000
1496,-48.259719,40.371608,0.000000
1497,-48.114669,40.381971,0.000000
1498,-47.968506,40.393267,0.000000
1499,-47.821246,40.405499,0.000000
1500,-47.672619,40.418673,0.000000
1501,-47.522452,40.432793,0.000000
1502,-47.370552,40.447867,0.000000
1503,-47.216704,40.463904,0.000000
1504,-47.060665,40.480913,0.000000
1505,-46.902158,40.498906,0.000000
1506,-46.740865,40.517895,0.000000
1507,-46.576422,40.537896,0.000000
1508,-46.408403,40.558927,0.000000
1509,-46.236314,40.581008,0.000000
1510,-46.059571,40.604162,0.000000
1511,-45.877488,40.628418,0.000000
1512,-45.689858,40.653807,0.000000
1513,-45.495459,40.680362,0.000000
1514,-45.293259,40.708124,0.000000
1515,-45.081999,40.737142,0.000000
1516,-44.860115,40.767471,0.000000
1517,-44.625631,40.799179,0.000000
1518,-44.375990,40.832344,0.000000
1519,-44.107817,40.867063,0.000000
1520,-43.816548,40.903454,0.000000
1521,-43.497773,40.941666,0.000000
1522,-43.142644,40.981875,0.000000
1523,-42.739290,41.024318,0.000000
1524,-42.268979,41.069308,0.000000
1525,-41.699634,41.117284,0.000000
1526,-40.977297,41.168895,0.000000
1527,-39.983236,41.225150,0.000000
1528,-38.407310,41.287845,0.000000
1529,-35.040344,41.360837,0.000000
1530,-17.280121,41.456032,0.000000
1531,0.000000,41.669311,1.000000
1532,-58.000000,41.997080,0.000000
1533,-57.830816,41.937089,0.000000
1534,-57.662389,41.878427,0.000000
1535,-57.494770,41.821083,0.000000
1536,-57.327951,41.765047,0.000000
1537,-57.161924,41.710311,0.000000
1538,-56.996684,41.656864,0.000000
1539,-56.832221,41.604696,0.000000
1540,-56.668532,41.553799,0.000000
1541,-56.505609,41.504163,0.000000
1542,-56.343446,41.455778,0.000000
1543,-56.182037,41.408636,0.000000
1544,-56.021377,41.362727,0.000000
1545,-55.861459,41.318042,0.000000
1546,-55.702156,41.274572,0.000000
1547,-55.543617,41.232309,0.000000
1548,-55.385829,41.191244,0.000000
1549,-55.228777,41.151368,0.000000
1550,-55.072450,41.112672,0.000000
1551,-54.916836,41.075146,0.000000
1552,-54.761924,41.038784,0.000000
1553,-54.607704,41.003575,0.000000
1554,-54.454166,40.969512,0.000000
1555,-54.301301,40.936585,0.000000
1556,-54.149099,40.904788,0.000000
1557,-53.997550,40.874112,0.000000
1558,-53.846217,40.844548,0.000000
1559,-53.695628,40.816091,0.000000
1560,-53.545748,40.788733,0.000000
1561,-53.396548,40.762466,0.000000
1562,-53.248001,40.737280,0.000000
1563,-53.100081,40.713170,0.000000
1564,-52.952765,40.690125,0.000000
1565,-52.806032,40.668140,0.000000
1566,-52.659861,40.647206,0.000000
1567,-52.514231,40.627316,0.000000
1568,-52.369126,40.608463,0.000000
1569,-52.224524,40.590641,0.000000
1570,-52.080409,40.573842,0.000000
1571,-51.936760,40.558060,0.000000
1572,-51.792523,40.543288,0.000000
1573,-51.648973,40.529527,0.000000
1574,-51.506034,40.516768,0.000000
1575,-51.363639,40.505006,0.000000
1576,-51.221728,40.494231,0.000000
1577,-51.080242,40.484439,0.000000
1578,-50.939129,40.475623,0.000000
1579,-50.798341,40.467776,0.000000
1580,-50.657830,40.460895,0.000000
1581,-50.517551,40.454973,0.000000
1582,-50.377461,40.450006,0.000000
1583,-50.237515,40.445990,0.000000
1584,-50.097669,40.442920,0.000000
1585,-49.957879,40.440792,0.000000
1586,-49.818097,40.439604,0.000000
1587,-49.678275,40.439351,0.000000
1588,-49.538359,40.440031,0.000000
1589,-49.398295,40.441642,0.000000
1590,-49.258020,40.444181,0.000000
1591,-49.117469,40.447647,0.000000
1592,-48.976571,40.452039,0.000000
1593,-48.835245,40.457355,0.000000
1594,-48.693406,40.463595,0.000000
1595,-48.550956,40.470761,0.000000
1596,-48.407790,40.478852,0.000000
1597,-48.263790,40.487870,0.000000
1598,-48.118827,40.497819,0.000000
1599,-47.972757,40.508700,0.000000
1600,-47.825592,40.520520,0.000000
1601,-47.677065,40.533281,0.000000
1602,-47.527004,40.546989,0.000000
1603,-47.375217,40.561653,0.000000
1604,-47.221489,40.577279,0.000000
1605,-47.065578,40.593878,0.000000
1606,-46.907209,40.611461,0.000000
1607,-46.746067,40.630042,0.000000
1608,-46.581787,40.649635,0.000000
1609,-46.413947,40.670257,0.000000
1610,-46.242055,40.691930,0.000000
1611,-46.065532,40.714677,0.000000
1612,-45.883695,40.738524,0.000000
1613,-45.696331,40.763504,0.000000
1614,-45.502234,40.789650,0.000000
1615,-45.300375,40.817003,0.000000
1616,-45.089506,40.845611,0.000000
1617,-44.868077,40.875529,0.000000
1618,-44.634127,40.906823,0.000000
1619,-44.385126,40.939573,0.000000
1620,-44.117733,40.973873,0.000000
1621,-43.827437,41.009842,0.000000
1622,-43.509855,41.047627,0.000000
1623,-43.156270,41.087402,0.000000
1624,-42.754989,41.129402,0.000000
1625,-42.287618,41.173938,0.000000
1626,-41.722758,41.221440,0.000000
1627,-41.007639,41.272551,0.000000
1628,-40.027186,41.328258,0.000000
1629,-38.475517,41.390316,0.000000
1630,-35.220331,41.462511,0.000000
1631,-18.981393,41.556167,0.000000
1632,0.000000,41.757771,1.000000
1633,-58.000000,42.085245,0.000000
1634,-57.830860,42.024961,0.000000
1635,-57.662477,41.966005,0.000000
1636,-57.494901,41.908369,0.000000
1637,-57.328125,41.852041,0.000000
1638,-57.162141,41.797014,0.000000
1639,-56.996943,41.743276,0.000000
1640,-56.832522,41.690819,0.000000
1641,-56.668874,41.639633,0.000000
1642,-56.505992,41.589708,0.000000
1643,-56.343870,41.541036,0.000000
1644,-56.182502,41.493607,0.000000
1645,-56.021882,41.447411,0.000000
1646,-55.862004,41.402441,0.000000
1647,-55.702741,41.358686,0.000000
1648,-55.544242,41.316139,0.000000
1649,-55.386492,41.274790,0.000000
1650,-55.229479,41.234631,0.000000
1651,-55.073190,41.195652,0.000000
1652,-54.917614,41.157845,0.000000
1653,-54.762740,41.121202,0.000000
1654,-54.608558,41.085713,0.000000
1655,-54.455057,41.051370,0.000000
1656,-54.302229,41.018165,0.000000
1657,-54.150063,40.986090,0.000000
1658,-53.998550,40.955136,0.000000
1659,-53.847253,40.925295,0.000000
1660,-53.696699,40.896562,0.000000
1661,-53.546855,40.868929,0.000000
1662,-53.397690,40.842387,0.000000
1663,-53.249178,40.816928,0.000000
1664,-53.101293,40.792543,0.000000
1665,-52.954012,40.769226,0.000000
1666,-52.807313,40.746969,0.000000
1667,-52.661176,40.725763,0.000000
1668,-52.515581,40.705603,0.000000
1669,-52.370510,40.686480,0.000000
1670,-52.225942,40.668389,0.000000
1671,-52.081861,40.651321,0.000000
1672,-51.938246,40.635271,0.000000
1673,-51.794041,40.620232,0.000000
1674,-51.650522,40.606204,0.000000
1675,-51.507615,40.593180,0.000000
1676,-51.365253,40.581152,0.000000
1677,-51.223374,40.570113,0.000000
1678,-51.081921,40.560057,0.000000
1679,-50.940842,40.550977,0.000000
1680,-50.800088,40.542868,0.000000
1681,-50.659611,40.535725,0.000000
1682,-50.519367,40.529542,0.000000
1683,-50.379312,40.524314,0.000000
1684,-50.239402,40.520038,0.000000
1685,-50.099592,40.516708,0.000000
1686,-49.959838,40.514322,0.000000
1687,-49.820093,40.512875,0.000000
1688,-49.680308,40.512365,0.000000
1689,-49.540431,40.512789,0.000000
1690,-49.400405,40.514143,0.000000
1691,-49.260171,40.516426,0.000000
1692,-49.119661,40.519637,0.000000
1693,-48.978805,40.523774,0.000000
1694,-48.837522,40.528836,0.000000
1695,-48.695727,40.534823,0.000000
1696,-48.553324,40.541736,0.000000
1697,-48.410206,40.549574,0.000000
1698,-48.266258,40.558341,0.000000
1699,-48.121348,40.568038,0.000000
1700,-47.975333,40.578669,0.000000
1701,-47.828225,40.590238,0.000000
1702,-47.679759,40.602749,0.000000
1703,-47.529762,40.616208,0.000000
1704,-47.378043,40.630622,0.000000
1705,-47.224388,40.646000,0.000000
1706,-47.068555,40.662351,0.000000
1707,-46.910270,40.679686,0.000000
1708,-46.749218,40.698018,0.000000
1709,-46.585037,40.717363,0.000000
1710,-46.417305,40.737739,0.000000
1711,-46.245533,40.759164,0.000000
1712,-46.069143,40.781663,0.000000
1713,-45.887454,40.805264,0.000000
1714,-45.700252,40.829996,0.000000
1715,-45.506336,40.855895,0.000000
1716,-45.304684,40.882999,0.000000
1717,-45.094051,40.911358,0.000000
1718,-44.872896,40.941027,0.000000
1719,-44.639269,40.972071,0.000000
1720,-44.390653,41.004569,0.000000
1721,-44.123731,41.038616,0.000000
1722,-43.834021,41.074329,0.000000
1723,-43.517157,41.111854,0.000000
1724,-43.164500,41.151367,0.000000
1725,-42.764465,41.193099,0.000000
1726,-42.298857,41.237359,0.000000
1727,-41.736679,41.284575,0.000000
1728,-41.025867,41.335382,0.000000
1729,-40.053486,41.390758,0.000000
1730,-38.521470,41.452433,0.000000
1731,-35.339310,41.524115,0.000000
1732,-20.032319,41.616772,0.000000
1733,0.000000,41.811168,1.000000
1734,-58.000000,42.138464,0.000000
1735,-57.830886,42.078002,0.000000
1736,-57.662530,42.018870,0.000000
1737,-57.494980,41.961056,0.000000
1738,-57.328230,41.904553,0.000000
1739,-57.162272,41.849350,0.000000
1740,-56.997099,41.795437,0.000000
1741,-56.832704,41.742805,0.000000
1742,-56.669081,41.691444,0.000000
1743,-56.506224,41.641345,0.000000
1744,-56.344127,41.592499,0.000000
1745,-56.182783,41.544897,0.000000
1746,-56.022188,41.498529,0.000000
1747,-55.862334,41.453386,0.000000
1748,-55.703094,41.409459,0.000000
1749,-55.544619,41.366740,0.000000
1750,-55.386893,41.325220,0.000000
1751,-55.229903,41.284890,0.000000
1752,-55.073637,41.245741,0.000000
1753,-54.918084,41.207764,0.000000
1754,-54.763232,41.170951,0.000000
1755,-54.609073,41.135293,0.000000
1756,-54.455595,41.100782,0.000000
1757,-54.302789,41.067408,0.000000
1758,-54.150645,41.035165,0.000000
1759,-53.999154,41.004044,0.000000
1760,-53.847879,40.974036,0.000000
1761,-53.697346,40.945137,0.000000
1762,-53.547523,40.917337,0.000000
1763,-53.398379,40.890629,0.000000
1764,-53.249888,40.865005,0.000000
1765,-53.102024,40.840455,0.000000
1766,-52.954764,40.816974,0.000000
1767,-52.808086,40.794552,0.000000
1768,-52.661970,40.773183,0.000000
1769,-52.516396,40.752859,0.000000
1770,-52.371345,40.733574,0.000000
1771,-52.226798,40.715319,0.000000
1772,-52.082737,40.698090,0.000000
1773,-51.939143,40.681878,0.000000
1774,-51.794957,40.666677,0.000000
1775,-51.651457,40.652489,0.000000
1776,-51.508569,40.639304,0.000000
1777,-51.366227,40.627116,0.000000
1778,-51.224367,40.615917,0.000000
1779,-51.082935,40.605702,0.000000
1780,-50.941876,40.596463,0.000000
1781,-50.801143,40.588196,0.000000
1782,-50.660687,40.580894,0.000000
1783,-50.520464,40.574553,0.000000
1784,-50.380429,40.569168,0.000000
1785,-50.240540,40.564735,0.000000
1786,-50.100752,40.561249,0.000000
1787,-49.961021,40.558706,0.000000
1788,-49.821298,40.557104,0.000000
1789,-49.681536,40.556438,0.000000
1790,-49.541682,40.556707,0.000000
1791,-49.401680,40.557906,0.000000
1792,-49.261469,40.560035,0.000000
1793,-49.120984,40.563092,0.000000
1794,-48.980153,40.567075,0.000000
1795,-48.838897,40.571984,0.000000
1796,-48.697129,40.577818,0.000000
1797,-48.554753,40.584578,0.000000
1798,-48.411665,40.592264,0.000000
1799,-48.267747,40.600879,0.000000
1800,-48.122869,40.610424,0.000000
1801,-47.976887,40.620904,0.000000
1802,-47.829814,40.632322,0.000000
1803,-47.681385,40.644682,0.000000
1804,-47.531427,40.657990,0.000000
1805,-47.379749,40.672254,0.000000
1806,-47.226137,40.687482,0.000000
1807,-47.070351,40.703682,0.000000
1808,-46.912117,40.720868,0.000000
1809,-46.751120,40.739051,0.000000
1810,-46.586998,40.758246,0.000000
1811,-46.419332,40.778472,0.000000
1812,-46.247631,40.799748,0.000000
1813,-46.071321,40.822098,0.000000
1814,-45.889722,40.845549,0.000000
1815,-45.702617,40.870133,0.000000
1816,-45.508811,40.895881,0.000000
1817,-45.307283,40.922836,0.000000
1818,-45.096792,40.951045,0.000000
1819,-44.875803,40.980563,0.000000
1820,-44.642369,41.011456,0.000000
1821,-44.393986,41.043802,0.000000
1822,-44.127347,41.077696,0.000000
1823,-43.837989,41.113255,0.000000
1824,-43.521557,41.150624,0.000000
1825,-43.169458,41.189978,0.000000
1826,-42.770171,41.231548,0.000000
1827,-42.305619,41.275642,0.000000
1828,-41.745048,41.322686,0.000000
1829,-41.036810,41.373310,0.000000
1830,-40.069239,41.428487,0.000000
1831,-38.548862,41.489930,0.000000
1832,-35.409381,41.561305,0.000000
1833,-20.625735,41.653371,0.000000
1834,0.000000,41.843688,1.000000
1835,-58.000000,42.170876,0.000000
1836,-57.830902,42.110306,0.000000
1837,-57.662562,42.051066,0.000000
1838,-57.495029,41.993145,0.000000
1839,-57.328294,41.936535,0.000000
1840,-57.162352,41.881224,0.000000
1841,-56.997194,41.827204,0.000000
1842,-56.832815,41.774466,0.000000
1843,-56.669207,41.722999,0.000000
1844,-56.506365,41.672794,0.000000
1845,-56.344283,41.623842,0.000000
1846,-56.182954,41.576134,0.000000
1847,-56.022373,41.529661,0.000000
1848,-55.862534,41.484413,0.000000
1849,-55.703309,41.440381,0.000000
1850,-55.544848,41.397558,0.000000
1851,-55.387136,41.355934,0.000000
1852,-55.230161,41.315500,0.000000
1853,-55.073909,41.276247,0.000000
1854,-54.918370,41.238167,0.000000
1855,-54.763532,41.201251,0.000000
1856,-54.609386,41.165489,0.000000
1857,-54.455922,41.130875,0.000000
1858,-54.303130,41.097400,0.000000
1859,-54.151000,41.065054,0.000000
1860,-53.999522,41.033831,0.000000
1861,-53.848260,41.003721,0.000000
1862,-53.697740,40.974720,0.000000
1863,-53.547930,40.946819,0.000000
1864,-53.398799,40.920011,0.000000
1865,-53.250321,40.894285,0.000000
1866,-53.102469,40.869635,0.000000
1867,-52.955222,40.846054,0.000000
1868,-52.808557,40.823532,0.000000
1869,-52.662453,40.802063,0.000000
1870,-52.516892,40.781640,0.000000
1871,-52.371854,40.762255,0.000000
1872,-52.227320,40.743902,0.000000
1873,-52.083271,40.726573,0.000000
1874,-51.939690,40.710263,0.000000
1875,-51.795514,40.694964,0.000000
1876,-51.652026,40.680678,0.000000
1877,-51.509150,40.667395,0.000000
1878,-51.366820,40.655110,0.000000
1879,-51.224973,40.643814,0.000000
1880,-51.083552,40.633501,0.000000
1881,-50.942506,40.624166,0.000000
1882,-50.801785,40.615802,0.000000
1883,-50.661341,40.608404,0.000000
1884,-50.521131,40.601967,0.000000
1885,-50.381110,40.596486,0.000000
1886,-50.241234,40.591957,0.000000
1887,-50.101459,40.588376,0.000000
1888,-49.961741,40.585738,0.000000
1889,-49.822032,40.584041,0.000000
1890,-49.682283,40.583280,0.000000
1891,-49.542443,40.583454,0.000000
1892,-49.402456,40.584560,0.000000
1893,-49.262260,40.586595,0.000000
1894,-49.121790,40.589558,0.000000
1895,-48.980974,40.593447,0.000000
1896,-48.839734,40.598263,0.000000
1897,-48.697982,40.604004,0.000000
1898,-48.555624,40.610670,0.000000
1899,-48.412553,40.618264,0.000000
1900,-48.268653,40.626786,0.000000
1901,-48.123795,40.636239,0.000000
1902,-47.977834,40.646626,0.000000
1903,-47.830782,40.657952,0.000000
1904,-47.682375,40.670220,0.000000
1905,-47.532441,40.683437,0.000000
1906,-47.380787,40.697609,0.000000
1907,-47.227203,40.712745,0.000000
1908,-47.071445,40.728855,0.000000
1909,-46.913242,40.745949,0.000000
1910,-46.752278,40.764041,0.000000
1911,-46.588192,40.783146,0.000000
1912,-46.420566,40.803281,0.000000
1913,-46.248909,40.824466,0.000000
1914,-46.072647,40.846725,0.000000
1915,-45.891103,40.870085,0.000000
1916,-45.704057,40.894577,0.000000
1917,-45.510318,40.920235,0.000000
1918,-45.308865,40.947099,0.000000
1919,-45.098461,40.975216,0.000000
1920,-44.877572,41.004642,0.000000
1921,-44.644257,41.035443,0.000000
1922,-44.396014,41.067696,0.000000
1923,-44.129547,41.101497,0.000000
1924,-43.840404,41.136962,0.000000
1925,-43.524234,41.174236,0.000000
1926,-43.172473,41.213494,0.000000
1927,-42.773640,41.254965,0.000000
1928,-42.309730,41.298958,0.000000
1929,-41.750133,41.345897,0.000000
1930,-41.043454,41.396409,0.000000
1931,-40.078789,41.451465,0.000000
1932,-38.565419,41.512768,0.000000
1933,-35.451433,41.583956,0.000000
1934,-20.973180,41.675667,0.000000
1935,0.000000,41.863593,1.000000
1936,-58.000000,42.190715,0.000000
1937,-57.830912,42.130079,0.000000
1938,-57.662582,42.070772,0.000000
1939,-57.495058,42.012786,0.000000
1940,-57.328333,41.956110,0.000000
1941,-57.162401,41.900734,0.000000
1942,-56.997253,41.846649,0.000000
1943,-56.832883,41.793845,0.000000
1944,-56.669284,41.742313,0.000000
1945,-56.506452,41.692043,0.000000
1946,-56.344379,41.643027,0.000000
1947,-56.183059,41.595254,0.000000
1948,-56.022487,41.548716,0.000000
1949,-55.862657,41.503404,0.000000
1950,-55.703441,41.459308,0.000000
1951,-55.544989,41.416421,0.000000
1952,-55.387286,41.374733,0.000000
1953,-55.230319,41.334235,0.000000
1954,-55.074076,41.294919,0.000000
1955,-54.918545,41.256775,0.000000
1956,-54.763716,41.219796,0.000000
1957,-54.609578,41.183972,0.000000
1958,-54.456122,41.149295,0.000000
1959,-54.303338,41.115756,0.000000
1960,-54.151216,41.083348,0.000000
1961,-53.999747,41.052062,0.000000
1962,-53.848493,41.021890,0.000000
1963,-53.697981,40.992828,0.000000
1964,-53.548179,40.964865,0.000000
1965,-53.399056,40.937994,0.000000
1966,-53.250585,40.912207,0.000000
1967,-53.102742,40.887496,0.000000
1968,-52.955502,40.863853,0.000000
1969,-52.808845,40.841270,0.000000
1970,-52.662749,40.819740,0.000000
1971,-52.517196,40.799256,0.000000
1972,-52.372165,40.779810,0.000000
1973,-52.227639,40.761397,0.000000
1974,-52.083598,40.744008,0.000000
1975,-51.940024,40.727637,0.000000
1976,-51.795856,40.712278,0.000000
1977,-51.652375,40.697931,0.000000
1978,-51.509506,40.684589,0.000000
1979,-51.367183,40.672244,0.000000
1980,-51.225343,40.660888,0.000000
1981,-51.083930,40.650516,0.000000
1982,-50.942892,40.641122,0.000000
1983,-50.802178,40.632699,0.000000
1984,-50.661742,40.625242,0.000000
1985,-50.521540,40.618746,0.000000
1986,-50.381526,40.613207,0.000000
1987,-50.241658,40.608619,0.000000
1988,-50.101892,40.604980,0.000000
1989,-49.962182,40.602284,0.000000
1990,-49.822481,40.600528,0.000000
1991,-49.682741,40.599710,0.000000
1992,-49.542909,40.599826,0.000000
1993,-49.402930,40.600874,0.000000
1994,-49.262743,40.602851,0.000000
1995,-49.122283,40.605757,0.000000
1996,-48.981477,40.609589,0.000000
1997,-48.840246,40.614347,0.000000
1998,-48.698505,40.620031,0.000000
1999,-48.556157,40.626641,0.000000
