0,-58.000000,0.000000,0.000000
1,-57.894817,0.000000,0.000000
2,-57.790149,0.000175,0.000000
3,-57.685994,0.000525,0.000000
4,-57.582350,0.001048,0.000000
5,-57.479213,0.001743,0.000000
6,-57.376580,0.002610,0.000000
7,-57.274448,0.003646,0.000000
8,-57.172814,0.004853,0.000000
9,-57.071675,0.006227,0.000000
10,-56.971028,0.007769,0.000000
11,-56.870871,0.009478,0.000000
12,-56.771199,0.011352,0.000000
13,-56.672010,0.013390,0.000000
14,-56.573300,0.015592,0.000000
15,-56.475067,0.017957,0.000000
16,-56.377307,0.020484,0.000000
17,-56.280019,0.023171,0.000000
18,-56.183197,0.026019,0.000000
19,-56.086839,0.029025,0.000000
20,-55.990942,0.032189,0.000000
21,-55.895502,0.035511,0.000000
22,-55.800517,0.038989,0.000000
23,-55.705983,0.042622,0.000000
24,-55.611896,0.046410,0.000000
25,-55.518255,0.050351,0.000000
26,-55.425055,0.054446,0.000000
27,-55.332292,0.058692,0.000000
28,-55.239964,0.063089,0.000000
29,-55.148067,0.067637,0.000000
30,-55.056598,0.072334,0.000000
31,-54.965553,0.077179,0.000000
32,-54.874928,0.082172,0.000000
33,-54.784720,0.087312,0.000000
34,-54.694926,0.092598,0.000000
35,-54.605541,0.098029,0.000000
36,-54.516561,0.103605,0.000000
37,-54.427983,0.109324,0.000000
38,-54.339803,0.115187,0.000000
39,-54.252018,0.121191,0.000000
40,-54.164624,0.127337,0.000000
41,-54.077617,0.133623,0.000000
42,-53.990993,0.140049,0.000000
43,-53.904745,0.146614,0.000000
44,-53.818874,0.153317,0.000000
45,-53.733372,0.160158,0.000000
46,-53.648235,0.167135,0.000000
47,-53.563461,0.174249,0.000000
48,-53.479045,0.181498,0.000000
49,-53.394982,0.188882,0.000000
50,-53.311268,0.196399,0.000000
51,-53.227898,0.204050,0.000000
52,-53.144867,0.211834,0.000000
53,-53.062173,0.219749,0.000000
54,-52.979807,0.227796,0.000000
55,-52.897767,0.235973,0.000000
56,-52.816046,0.244280,0.000000
57,-52.734641,0.252716,0.000000
58,-52.653544,0.261281,0.000000
59,-52.572751,0.269974,0.000000
60,-52.492256,0.278795,0.000000
61,-52.412052,0.287742,0.000000
62,-52.332138,0.296815,0.000000
63,-52.252506,0.306014,0.000000
64,-52.173151,0.315339,0.000000
65,-52.094066,0.324787,0.000000
66,-52.015246,0.334360,0.000000
67,-51.936683,0.344056,0.000000
68,-51.858368,0.353875,0.000000
69,-51.780294,0.363816,0.000000
70,-51.702462,0.373879,0.000000
71,-51.624858,0.384063,0.000000
72,-51.547484,0.394368,0.000000
73,-51.470323,0.404794,0.000000
74,-51.393374,0.415339,0.000000
75,-51.316629,0.426004,0.000000
76,-51.240074,0.436788,0.000000
77,-51.163707,0.447691,0.000000
78,-51.087519,0.458711,0.000000
79,-51.011501,0.469850,0.000000
80,-50.935643,0.481106,0.000000
81,-50.859937,0.492479,0.000000
82,-50.784373,0.503969,0.000000
83,-50.708942,0.515575,0.000000
84,-50.633632,0.527297,0.000000
85,-50.558434,0.539135,0.000000
86,-50.483340,0.551088,0.000000
87,-50.408328,0.563157,0.000000
88,-50.333401,0.575340,0.000000
89,-50.258545,0.587638,0.000000
90,-50.183748,0.600051,0.000000
91,-50.108995,0.612578,0.000000
92,-50.034279,0.625219,0.000000
93,-49.959580,0.637974,0.000000
94,-49.884876,0.650843,0.000000
95,-49.810167,0.663826,0.000000
96,-49.735432,0.676923,0.000000
97,-49.660663,0.690133,0.000000
98,-49.585844,0.703457,0.000000
99,-49.510942,0.716894,0.000000
100,-49.435953,0.730445,0.000000
101,-49.360867,0.744110,0.000000
102,-49.285655,0.757888,0.000000
103,-49.210304,0.771781,0.000000
104,-49.134785,0.785787,0.000000
105,-49.059084,0.799908,0.000000
106,-48.983172,0.814142,0.000000
107,-48.907033,0.828492,0.000000
108,-48.830636,0.842957,0.000000
109,-48.753955,0.857536,0.000000
110,-48.676952,0.872232,0.000000
111,-48.599609,0.887043,0.000000
112,-48.521888,0.901971,0.000000
113,-48.443752,0.917017,0.000000
114,-48.365175,0.932180,0.000000
115,-48.286143,0.947461,0.000000
116,-48.206607,0.962861,0.000000
117,-48.126529,0.978381,0.000000
118,-48.045841,0.994021,0.000000
119,-47.964522,1.009783,0.000000
120,-47.882477,1.025668,0.000000
121,-47.799696,1.041675,0.000000
122,-47.716115,1.057808,0.000000
123,-47.631686,1.074066,0.000000
124,-47.546333,1.090452,0.000000
125,-47.459982,1.106966,0.000000
126,-47.372598,1.123610,0.000000
127,-47.284066,1.140386,0.000000
128,-47.194313,1.157296,0.000000
129,-47.103238,1.174341,0.000000
130,-47.010729,1.191523,0.000000
131,-46.916674,1.208846,0.000000
132,-46.820961,1.226311,0.000000
133,-46.723426,1.243920,0.000000
134,-46.623945,1.261678,0.000000
135,-46.522316,1.279587,0.000000
136,-46.418349,1.297650,0.000000
137,-46.311882,1.315871,0.000000
138,-46.202682,1.334255,0.000000
139,-46.090505,1.352805,0.000000
140,-45.975061,1.371527,0.000000
141,-45.855898,1.390426,0.000000
142,-45.732722,1.409507,0.000000
143,-45.605156,1.428778,0.000000
144,-45.472681,1.448245,0.000000
145,-45.334745,1.467917,0.000000
146,-45.190618,1.487803,0.000000
147,-45.039608,1.507912,0.000000
148,-44.880704,1.528256,0.000000
149,-44.712683,1.548848,0.000000
150,-44.534147,1.569703,0.000000
151,-44.343233,1.590838,0.000000
152,-44.137985,1.612273,0.000000
153,-43.915515,1.634033,0.000000
154,-43.671678,1.656146,0.000000
155,-43.402003,1.678646,0.000000
156,-43.099557,1.701577,0.000000
157,-42.754502,1.724993,0.000000
158,-42.351947,1.748965,0.000000
159,-41.867757,1.773588,0.000000
160,-41.259927,1.798997,0.000000
161,-40.448273,1.825398,0.000000
162,-39.243467,1.853129,0.000000
163,-37.065658,1.882846,0.000000
164,-30.624753,1.916167,0.000000
165,0.000000,1.960196,1.000000
166,-46.000000,102.055229,0.000000
167,-45.931992,101.990183,0.000000
168,-45.861694,101.925305,0.000000
169,-45.788972,101.860597,0.000000
170,-45.713696,101.796065,0.000000
171,-45.635588,101.731712,0.000000
172,-45.554448,101.667543,0.000000
173,-45.470037,101.603563,0.000000
174,-45.382048,101.539777,0.000000
175,-45.290137,101.476190,0.000000
176,-45.193963,101.412810,0.000000
177,-45.093043,101.349643,0.000000
178,-44.986860,101.286696,0.000000
179,-44.874898,101.223979,0.000000
180,-44.756394,101.161501,0.000000
181,-44.630513,101.099272,0.000000
182,-44.496210,101.037305,0.000000
183,-44.352180,100.975614,0.000000
184,-44.197305,100.914214,0.000000
185,-44.029574,100.853123,0.000000
186,-43.846739,100.792363,0.000000
187,-43.645665,100.731958,0.000000
188,-43.422519,100.671939,0.000000
189,-43.172410,100.612341,0.000000
190,-42.887823,100.553210,0.000000
191,-42.558141,100.494603,0.000000
192,-42.166908,100.436594,0.000000
193,-41.688464,100.379285,0.000000
194,-41.075917,100.322822,0.000000
195,-40.238199,100.267426,0.000000
196,-38.953568,100.213473,0.000000
197,-36.488694,100.161706,0.000000
198,-27.934934,100.114090,0.000000
199,0.000000,100.080770,1.000000
200,-46.000000,200.094036,0.000000
201,-45.981011,199.947291,0.000000
202,-45.961323,199.800700,0.000000
203,-45.940973,199.654264,0.000000
204,-45.919859,199.507984,0.000000
205,-45.897947,199.361861,0.000000
206,-45.875206,199.215896,0.000000
207,-45.851640,199.070091,0.000000
208,-45.827180,198.924446,0.000000
209,-45.801760,198.778964,0.000000
210,-45.775384,198.633645,0.000000
211,-45.748021,198.488492,0.000000
212,-45.719531,198.343504,0.000000
213,-45.689885,198.198686,0.000000
214,-45.659088,198.054037,0.000000
215,-45.627110,197.909560,0.000000
216,-45.593740,197.765257,0.000000
217,-45.558949,197.621130,0.000000
218,-45.522709,197.477181,0.000000
219,-45.484919,197.333412,0.000000
220,-45.445405,197.189826,0.000000
221,-45.404141,197.046425,0.000000
222,-45.360992,196.903213,0.000000
223,-45.315821,196.760192,0.000000
224,-45.268496,196.617366,0.000000
225,-45.218811,196.474737,0.000000
226,-45.166633,196.332310,0.000000
227,-45.111794,196.190089,0.000000
228,-45.054056,196.048077,0.000000
229,-44.993180,195.906280,0.000000
230,-44.928893,195.764703,0.000000
231,-44.860852,195.623351,0.000000
232,-44.788679,195.482230,0.000000
233,-44.711998,195.341347,0.000000
234,-44.630362,195.200710,0.000000
235,-44.543111,195.060325,0.000000
236,-44.449583,194.920203,0.000000
237,-44.349024,194.780354,0.000000
238,-44.240816,194.640788,0.000000
239,-44.123627,194.501520,0.000000
240,-43.996269,194.362562,0.000000
241,-43.856827,194.223933,0.000000
242,-43.703497,194.085652,0.000000
243,-43.533604,193.947741,0.000000
244,-43.343897,193.810229,0.000000
245,-43.129962,193.673147,0.000000
246,-42.885644,193.536536,0.000000
247,-42.602073,193.400446,0.000000
248,-42.266292,193.264943,0.000000
249,-41.858076,193.130111,0.000000
250,-41.342773,192.996073,0.000000
251,-40.658296,192.863005,0.000000
252,-39.667393,192.731188,0.000000
253,-37.995970,192.601134,0.000000
254,-34.037198,192.473973,0.000000
255,-4.856647,192.353516,0.000000
256,0.000000,192.281793,1.000000
257,-46.000000,292.218225,0.000000
258,-46.027073,291.994710,0.000000
259,-46.054974,291.771336,0.000000
260,-46.083618,291.548102,0.000000
261,-46.113055,291.325006,0.000000
262,-46.143268,291.102046,0.000000
263,-46.174253,290.879223,0.000000
264,-46.206049,290.656533,0.000000
265,-46.238651,290.433976,0.000000
266,-46.272013,290.211550,0.000000
267,-46.306222,289.989253,0.000000
268,-46.341201,289.767085,0.000000
269,-46.377033,289.545044,0.000000
270,-46.413651,289.323128,0.000000
271,-46.451059,289.101336,0.000000
272,-46.489263,288.879667,0.000000
273,-46.528268,288.658118,0.000000
274,-46.568132,288.436689,0.000000
275,-46.608815,288.215379,0.000000
276,-46.650298,287.994184,0.000000
277,-46.692607,287.773105,0.000000
278,-46.735722,287.552140,0.000000
279,-46.779639,287.331287,0.000000
280,-46.824354,287.110545,0.000000
281,-46.869837,286.889912,0.000000
282,-46.916070,286.669388,0.000000
283,-46.963077,286.448970,0.000000
284,-47.010814,286.228657,0.000000
285,-47.059277,286.008449,0.000000
286,-47.108450,285.788343,0.000000
287,-47.158342,285.568339,0.000000
288,-47.208896,285.348434,0.000000
289,-47.260123,285.128629,0.000000
290,-47.311992,284.908922,0.000000
291,-47.364501,284.689311,0.000000
292,-47.417633,284.469796,0.000000
293,-47.471372,284.250375,0.000000
294,-47.525675,284.031048,0.000000
295,-47.580552,283.811812,0.000000
296,-47.635975,283.592668,0.000000
297,-47.691913,283.373614,0.000000
298,-47.748365,283.154650,0.000000
299,-47.805301,282.935774,0.000000
300,-47.862719,282.716985,0.000000
301,-47.920589,282.498283,0.000000
302,-47.978884,282.279667,0.000000
303,-48.037602,282.061136,0.000000
304,-48.096745,281.842689,0.000000
305,-48.156268,281.624325,0.000000
306,-48.216138,281.406045,0.000000
307,-48.276334,281.187846,0.000000
308,-48.336845,280.969729,0.000000
309,-48.397642,280.751693,0.000000
310,-48.458718,280.533737,0.000000
311,-48.520036,280.315861,0.000000
312,-48.581597,280.098065,0.000000
313,-48.643386,279.880347,0.000000
314,-48.705382,279.662708,0.000000
315,-48.767566,279.445146,0.000000
316,-48.829915,279.227663,0.000000
317,-48.892420,279.010257,0.000000
318,-48.955061,278.792927,0.000000
319,-49.017812,278.575675,0.000000
320,-49.080663,278.358499,0.000000
321,-49.143589,278.141399,0.000000
322,-49.206590,277.924375,0.000000
323,-49.269636,277.707427,0.000000
324,-49.332718,277.490555,0.000000
325,-49.395829,277.273758,0.000000
326,-49.458942,277.057037,0.000000
327,-49.522051,276.840392,0.000000
328,-49.585146,276.623821,0.000000
329,-49.648208,276.407326,0.000000
330,-49.711227,276.190906,0.000000
331,-49.774194,275.974562,0.000000
332,-49.837094,275.758293,0.000000
333,-49.899923,275.542099,0.000000
334,-49.962657,275.325981,0.000000
335,-50.025292,275.109938,0.000000
336,-50.087837,274.893971,0.000000
337,-50.150267,274.678080,0.000000
338,-50.212569,274.462264,0.000000
339,-50.274740,274.246525,0.000000
340,-50.336763,274.030861,0.000000
341,-50.398632,273.815274,0.000000
342,-50.460344,273.599764,0.000000
343,-50.521885,273.384330,0.000000
344,-50.583250,273.168974,0.000000
345,-50.644438,272.953694,0.000000
346,-50.705440,272.738492,0.000000
347,-50.766247,272.523368,0.000000
348,-50.826855,272.308321,0.000000
349,-50.887260,272.093353,0.000000
350,-50.947452,271.878463,0.000000
351,-51.007424,271.663652,0.000000
352,-51.067174,271.448920,0.000000
353,-51.126696,271.234267,0.000000
354,-51.185982,271.019694,0.000000
355,-51.245029,270.805201,0.000000
356,-51.303837,270.590788,0.000000
357,-51.362397,270.376456,0.000000
358,-51.420708,270.162205,0.000000
359,-51.478764,269.948035,0.000000
360,-51.536564,269.733948,0.000000
361,-51.594103,269.519942,0.000000
362,-51.651380,269.306018,0.000000
363,-51.708389,269.092178,0.000000
364,-51.765129,268.878420,0.000000
365,-51.821597,268.664746,0.000000
366,-51.877790,268.451156,0.000000
367,-51.933707,268.237651,0.000000
368,-51.989346,268.024230,0.000000
369,-52.044703,267.810894,0.000000
370,-52.099785,267.597644,0.000000
371,-52.154583,267.384480,0.000000
372,-52.209094,267.171402,0.000000
373,-52.263318,266.958410,0.000000
374,-52.317253,266.745506,0.000000
375,-52.370897,266.532690,0.000000
376,-52.424249,266.319961,0.000000
377,-52.477308,266.107320,0.000000
378,-52.530072,265.894769,0.000000
379,-52.582542,265.682306,0.000000
380,-52.634718,265.469934,0.000000
381,-52.686597,265.257651,0.000000
382,-52.738180,265.045459,0.000000
383,-52.789467,264.833357,0.000000
384,-52.840456,264.621347,0.000000
385,-52.891147,264.409428,0.000000
386,-52.941539,264.197602,0.000000
387,-52.991631,263.985868,0.000000
388,-53.041425,263.774227,0.000000
389,-53.090918,263.562680,0.000000
390,-53.140112,263.351226,0.000000
391,-53.189005,263.139866,0.000000
392,-53.237599,262.928601,0.000000
393,-53.285892,262.717432,0.000000
394,-53.333885,262.506357,0.000000
395,-53.381580,262.295379,0.000000
396,-53.428973,262.084497,0.000000
397,-53.476068,261.873711,0.000000
398,-53.522863,261.663023,0.000000
399,-53.569360,261.452433,0.000000
400,-53.615559,261.241940,0.000000
401,-53.661460,261.031546,0.000000
402,-53.707064,260.821251,0.000000
403,-53.752369,260.611054,0.000000
404,-53.797378,260.400958,0.000000
405,-53.842090,260.190962,0.000000
406,-53.886508,259.981066,0.000000
407,-53.930631,259.771271,0.000000
408,-53.974458,259.561577,0.000000
409,-54.017992,259.351985,0.000000
410,-54.061236,259.142495,0.000000
411,-54.104187,258.933107,0.000000
412,-54.146847,258.723823,0.000000
413,-54.189216,258.514642,0.000000
414,-54.231295,258.305564,0.000000
415,-54.273085,258.096591,0.000000
416,-54.314586,257.887722,0.000000
417,-54.355800,257.678958,0.000000
418,-54.396726,257.470299,0.000000
419,-54.437366,257.261746,0.000000
420,-54.477721,257.053299,0.000000
421,-54.517791,256.844958,0.000000
422,-54.557578,256.636724,0.000000
423,-54.597084,256.428598,0.000000
424,-54.636307,256.220579,0.000000
425,-54.675250,256.012668,0.000000
426,-54.713914,255.804865,0.000000
427,-54.752298,255.597171,0.000000
428,-54.790406,255.389587,0.000000
429,-54.828237,255.182111,0.000000
430,-54.865791,254.974746,0.000000
431,-54.903071,254.767491,0.000000
432,-54.940078,254.560346,0.000000
433,-54.976811,254.353312,0.000000
434,-55.013273,254.146390,0.000000
435,-55.049464,253.939579,0.000000
436,-55.085385,253.732880,0.000000
437,-55.121037,253.526294,0.000000
438,-55.156422,253.319820,0.000000
439,-55.191540,253.113460,0.000000
440,-55.226393,252.907213,0.000000
441,-55.260981,252.701079,0.000000
442,-55.295306,252.495060,0.000000
443,-55.329368,252.289156,0.000000
444,-55.363169,252.083366,0.000000
445,-55.396710,251.877691,0.000000
446,-55.429991,251.672132,0.000000
447,-55.463014,251.466688,0.000000
448,-55.495781,251.261361,0.000000
449,-55.528291,251.056150,0.000000
450,-55.560546,250.851056,0.000000
451,-55.592548,250.646080,0.000000
452,-55.624297,250.441220,0.000000
453,-55.655794,250.236479,0.000000
454,-55.687041,250.031855,0.000000
455,-55.718038,249.827351,0.000000
456,-55.748787,249.622964,0.000000
457,-55.779289,249.418697,0.000000
458,-55.809545,249.214550,0.000000
459,-55.839555,249.010522,0.000000
460,-55.869322,248.806614,0.000000
461,-55.898846,248.602826,0.000000
462,-55.928128,248.399159,0.000000
463,-55.957170,248.195613,0.000000
464,-55.985972,247.992188,0.000000
465,-56.014535,247.788884,0.000000
466,-56.042862,247.585703,0.000000
467,-56.070953,247.382643,0.000000
468,-56.098809,247.179706,0.000000
469,-56.126430,246.976892,0.000000
470,-56.153819,246.774200,0.000000
471,-56.180975,246.571632,0.000000
472,-56.207901,246.369187,0.000000
473,-56.234597,246.166867,0.000000
474,-56.261064,245.964670,0.000000
475,-56.287304,245.762598,0.000000
476,-56.313317,245.560650,0.000000
477,-56.339104,245.358827,0.000000
478,-56.364667,245.157130,0.000000
479,-56.390007,244.955558,0.000000
480,-56.415125,244.754111,0.000000
481,-56.440021,244.552791,0.000000
482,-56.464697,244.351597,0.000000
483,-56.489154,244.150530,0.000000
484,-56.513393,243.949589,0.000000
485,-56.537415,243.748775,0.000000
486,-56.561221,243.548089,0.000000
487,-56.584812,243.347530,0.000000
488,-56.608190,243.147099,0.000000
489,-56.631354,242.946797,0.000000
490,-56.654308,242.746622,0.000000
491,-56.677050,242.546576,0.000000
492,-56.699583,242.346659,0.000000
493,-56.721907,242.146871,0.000000
494,-56.744024,241.947212,0.000000
495,-56.765934,241.747682,0.000000
496,-56.787638,241.548283,0.000000
497,-56.809138,241.349013,0.000000
498,-56.830435,241.149874,0.000000
499,-56.851529,240.950865,0.000000
500,-56.872421,240.751987,0.000000
501,-56.893113,240.553239,0.000000
502,-56.913605,240.354623,0.000000
503,-56.933899,240.156138,0.000000
504,-56.953995,239.957785,0.000000
505,-56.973895,239.759564,0.000000
506,-56.993599,239.561474,0.000000
507,-57.013108,239.363517,0.000000
508,-57.032424,239.165692,0.000000
509,-57.051548,238.968000,0.000000
510,-57.070480,238.770441,0.000000
511,-57.089221,238.573015,0.000000
512,-57.107772,238.375722,0.000000
513,-57.126135,238.178562,0.000000
514,-57.144310,237.981537,0.000000
515,-57.162298,237.784645,0.000000
516,-57.180100,237.587887,0.000000
517,-57.197717,237.391264,0.000000
518,-57.215151,237.194775,0.000000
519,-57.232401,236.998421,0.000000
520,-57.249469,236.802202,0.000000
521,-57.266356,236.606117,0.000000
522,-57.283063,236.410168,0.000000
523,-57.299590,236.214355,0.000000
524,-57.315939,236.018677,0.000000
525,-57.332111,235.823135,0.000000
526,-57.348106,235.627729,0.000000
527,-57.363925,235.432459,0.000000
528,-57.379570,235.237325,0.000000
529,-57.395040,235.042328,0.000000
530,-57.410338,234.847468,0.000000
531,-57.425464,234.652744,0.000000
532,-57.440419,234.458158,0.000000
533,-57.455203,234.263709,0.000000
534,-57.469818,234.069397,0.000000
535,-57.484265,233.875223,0.000000
536,-57.498544,233.681186,0.000000
537,-57.512656,233.487288,0.000000
538,-57.526602,233.293527,0.000000
539,-57.540384,233.099905,0.000000
540,-57.554001,232.906421,0.000000
541,-57.567455,232.713076,0.000000
542,-57.580746,232.519869,0.000000
543,-57.593876,232.326802,0.000000
544,-57.606845,232.133873,0.000000
545,-57.619655,231.941083,0.000000
546,-57.632305,231.748433,0.000000
547,-57.644797,231.555922,0.000000
548,-57.657132,231.363551,0.000000
549,-57.669310,231.171319,0.000000
550,-57.681333,230.979228,0.000000
551,-57.693201,230.787276,0.000000
552,-57.704915,230.595465,0.000000
553,-57.716475,230.403794,0.000000
554,-57.727883,230.212263,0.000000
555,-57.739140,230.020873,0.000000
556,-57.750245,229.829624,0.000000
557,-57.761201,229.638515,0.000000
558,-57.772007,229.447548,0.000000
559,-57.782665,229.256722,0.000000
560,-57.793176,229.066037,0.000000
561,-57.803539,228.875493,0.000000
562,-57.813757,228.685091,0.000000
563,-57.823829,228.494831,0.000000
564,-57.833757,228.304712,0.000000
565,-57.843541,228.114735,0.000000
566,-57.853182,227.924900,0.000000
567,-57.862681,227.735207,0.000000
568,-57.872039,227.545657,0.000000
569,-57.881256,227.356249,0.000000
570,-57.890333,227.166983,0.000000
571,-57.899271,226.977860,0.000000
572,-57.908070,226.788880,0.000000
573,-57.916732,226.600042,0.000000
574,-57.925257,226.411348,0.000000
575,-57.933646,226.222796,0.000000
576,-57.941899,226.034388,0.000000
577,-57.950018,225.846123,0.000000
578,-57.958003,225.658001,0.000000
579,-57.965854,225.470023,0.000000
580,-57.973573,225.282188,0.000000
581,-57.981161,225.094497,0.000000
582,-57.988617,224.906950,0.000000
583,-57.995943,224.719546,0.000000
584,-58.003139,224.532287,0.000000
585,-58.010206,224.345171,0.000000
586,-58.017145,224.158200,0.000000
587,-58.023957,223.971373,0.000000
588,-58.030642,223.784690,0.000000
589,-58.037200,223.598152,0.000000
590,-58.043633,223.411758,0.000000
591,-58.049942,223.225509,0.000000
592,-58.056126,223.039404,0.000000
593,-58.062187,222.853445,0.000000
594,-58.068125,222.667630,0.000000
595,-58.073941,222.481960,0.000000
596,-58.079636,222.296435,0.000000
597,-58.085210,222.111055,0.000000
598,-58.090663,221.925821,0.000000
599,-58.095998,221.740732,0.000000
600,-58.101214,221.555788,0.000000
601,-58.106311,221.370989,0.000000
602,-58.111291,221.186336,0.000000
603,-58.116155,221.001829,0.000000
604,-58.120902,220.817467,0.000000
605,-58.125533,220.633251,0.000000
606,-58.130050,220.449181,0.000000
607,-58.134453,220.265256,0.000000
608,-58.138742,220.081478,0.000000
609,-58.142918,219.897846,0.000000
610,-58.146981,219.714359,0.000000
611,-58.150933,219.531019,0.000000
612,-58.154774,219.347825,0.000000
613,-58.158505,219.164777,0.000000
614,-58.162125,218.981876,0.000000
615,-58.165636,218.799121,0.000000
616,-58.169039,218.616512,0.000000
617,-58.172333,218.434050,0.000000
618,-58.175521,218.251734,0.000000
619,-58.178601,218.069565,0.000000
620,-58.181575,217.887543,0.000000
621,-58.184444,217.705667,0.000000
622,-58.187207,217.523939,0.000000
623,-58.189866,217.342357,0.000000
624,-58.192421,217.160922,0.000000
625,-58.194873,216.979634,0.000000
626,-58.197222,216.798492,0.000000
627,-58.199469,216.617498,0.000000
628,-58.201614,216.436651,0.000000
629,-58.203659,216.255951,0.000000
630,-58.205603,216.075399,0.000000
631,-58.207447,215.894993,0.000000
632,-58.209192,215.714735,0.000000
633,-58.210839,215.534624,0.000000
634,-58.212387,215.354661,0.000000
635,-58.213837,215.174844,0.000000
636,-58.215191,214.995176,0.000000
637,-58.216448,214.815654,0.000000
638,-58.217609,214.636281,0.000000
639,-58.218675,214.457054,0.000000
640,-58.219645,214.277976,0.000000
641,-58.220522,214.099045,0.000000
642,-58.221305,213.920261,0.000000
643,-58.221994,213.741626,0.000000
644,-58.222591,213.563138,0.000000
645,-58.223095,213.384797,0.000000
646,-58.223508,213.206605,0.000000
647,-58.223830,213.028560,0.000000
648,-58.224061,212.850663,0.000000
649,-58.224202,212.672914,0.000000
650,-58.224254,212.495313,0.000000
651,-58.224217,212.317860,0.000000
652,-58.224090,212.140555,0.000000
653,-58.223876,211.963398,0.000000
654,-58.223575,211.786388,0.000000
655,-58.223186,211.609527,0.000000
656,-58.222711,211.432814,0.000000
657,-58.222150,211.256249,0.000000
658,-58.221503,211.079832,0.000000
659,-58.220771,210.903563,0.000000
660,-58.219955,210.727442,0.000000
661,-58.219055,210.551469,0.000000
662,-58.218071,210.375644,0.000000
663,-58.217004,210.199968,0.000000
664,-58.215855,210.024440,0.000000
665,-58.214623,209.849060,0.000000
666,-58.213310,209.673828,0.000000
667,-58.211915,209.498744,0.000000
668,-58.210440,209.323808,0.000000
669,-58.208885,209.149021,0.000000
670,-58.207250,208.974382,0.000000
671,-58.205536,208.799892,0.000000
672,-58.203743,208.625549,0.000000
673,-58.201871,208.451355,0.000000
674,-58.199922,208.277309,0.000000
675,-58.197895,208.103411,0.000000
676,-58.195791,207.929662,0.000000
677,-58.193611,207.756061,0.000000
678,-58.191354,207.582608,0.000000
679,-58.189022,207.409304,0.000000
680,-58.186615,207.236148,0.000000
681,-58.184133,207.063140,0.000000
682,-58.181577,206.890281,0.000000
683,-58.178946,206.717569,0.000000
684,-58.176243,206.545007,0.000000
685,-58.173466,206.372592,0.000000
686,-58.170617,206.200326,0.000000
687,-58.167696,206.028208,0.000000
688,-58.164703,205.856238,0.000000
689,-58.161639,205.684417,0.000000
690,-58.158504,205.512744,0.000000
691,-58.155298,205.341219,0.000000
692,-58.152023,205.169842,0.000000
693,-58.148678,204.998614,0.000000
694,-58.145263,204.827534,0.000000
695,-58.141780,204.656603,0.000000
696,-58.138229,204.485819,0.000000
697,-58.134610,204.315184,0.000000
698,-58.130923,204.144697,0.000000
699,-58.127169,203.974358,0.000000
700,-58.123348,203.804168,0.000000
701,-58.119461,203.634125,0.000000
702,-58.115508,203.464231,0.000000
703,-58.111490,203.294485,0.000000
704,-58.107406,203.124887,0.000000
705,-58.103258,202.955437,0.000000
706,-58.099045,202.786136,0.000000
707,-58.094769,202.616982,0.000000
708,-58.090429,202.447977,0.000000
709,-58.086025,202.279120,0.000000
710,-58.081559,202.110410,0.000000
711,-58.077031,201.941849,0.000000
712,-58.072440,201.773436,0.000000
713,-58.067788,201.605171,0.000000
714,-58.063074,201.437053,0.000000
715,-58.058300,201.269084,0.000000
716,-58.053465,201.101263,0.000000
717,-58.048569,200.933589,0.000000
718,-58.043614,200.766064,0.000000
719,-58.038600,200.598686,0.000000
720,-58.033527,200.431456,0.000000
721,-58.028394,200.264374,0.000000
722,-58.023204,200.097440,0.000000
723,-58.017955,199.930653,0.000000
724,-58.012649,199.764014,0.000000
725,-58.007286,199.597523,0.000000
726,-58.001866,199.431180,0.000000
727,-57.996389,199.264984,0.000000
728,-57.990855,199.098936,0.000000
729,-57.985266,198.933035,0.000000
730,-57.979621,198.767283,0.000000
731,-57.973921,198.601677,0.000000
732,-57.968167,198.436219,0.000000
733,-57.962358,198.270909,0.000000
734,-57.956494,198.105746,0.000000
735,-57.950577,197.940730,0.000000
736,-57.944606,197.775862,0.000000
737,-57.938583,197.611141,0.000000
738,-57.932506,197.446568,0.000000
739,-57.926377,197.282141,0.000000
740,-57.920195,197.117862,0.000000
741,-57.913962,196.953730,0.000000
742,-57.907678,196.789746,0.000000
743,-57.901342,196.625908,0.000000
744,-57.894956,196.462218,0.000000
745,-57.888518,196.298674,0.000000
746,-57.882031,196.135278,0.000000
747,-57.875494,195.972028,0.000000
748,-57.868907,195.808926,0.000000
749,-57.862271,195.645970,0.000000
750,-57.855586,195.483161,0.000000
751,-57.848852,195.320500,0.000000
752,-57.842070,195.157984,0.000000
753,-57.835240,194.995616,0.000000
754,-57.828363,194.833394,0.000000
755,-57.821438,194.671319,0.000000
756,-57.814466,194.509391,0.000000
757,-57.807447,194.347609,0.000000
758,-57.800381,194.185973,0.000000
759,-57.793269,194.024484,0.000000
760,-57.786112,193.863142,0.000000
761,-57.778908,193.701946,0.000000
762,-57.771660,193.540896,0.000000
763,-57.764366,193.379993,0.000000
764,-57.757028,193.219235,0.000000
765,-57.749645,193.058624,0.000000
766,-57.742218,192.898159,0.000000
767,-57.734747,192.737841,0.000000
768,-57.727233,192.577668,0.000000
769,-57.719675,192.417641,0.000000
770,-57.712075,192.257760,0.000000
771,-57.704431,192.098025,0.000000
772,-57.696746,191.938436,0.000000
773,-57.689018,191.778993,0.000000
774,-57.681247,191.619696,0.000000
775,-57.673436,191.460544,0.000000
776,-57.665583,191.301538,0.000000
777,-57.657689,191.142677,0.000000
778,-57.649754,190.983962,0.000000
779,-57.641779,190.825392,0.000000
780,-57.633763,190.666968,0.000000
781,-57.625708,190.508690,0.000000
782,-57.617612,190.350556,0.000000
783,-57.609477,190.192568,0.000000
784,-57.601303,190.034725,0.000000
785,-57.593090,189.877027,0.000000
786,-57.584838,189.719475,0.000000
787,-57.576548,189.562067,0.000000
788,-57.568220,189.404805,0.000000
789,-57.559853,189.247687,0.000000
790,-57.551449,189.090714,0.000000
791,-57.543008,188.933886,0.000000
792,-57.534529,188.777203,0.000000
793,-57.526014,188.620664,0.000000
794,-57.517462,188.464270,0.000000
795,-57.508873,188.308021,0.000000
796,-57.500248,188.151916,0.000000
797,-57.491587,187.995956,0.000000
798,-57.482891,187.840140,0.000000
799,-57.474159,187.684468,0.000000
800,-57.465392,187.528941,0.000000
801,-57.456590,187.373558,0.000000
802,-57.447753,187.218319,0.000000
803,-57.438882,187.063224,0.000000
804,-57.429976,186.908273,0.000000
805,-57.421037,186.753467,0.000000
806,-57.412063,186.598804,0.000000
807,-57.403056,186.444285,0.000000
808,-57.394016,186.289909,0.000000
809,-57.384943,186.135678,0.000000
810,-57.375836,185.981590,0.000000
811,-57.366697,185.827645,0.000000
812,-57.357526,185.673845,0.000000
813,-57.348323,185.520187,0.000000
814,-57.339087,185.366673,0.000000
815,-57.329820,185.213302,0.000000
816,-57.320521,185.060075,0.000000
817,-57.311191,184.906991,0.000000
818,-57.301830,184.754050,0.000000
819,-57.292438,184.601252,0.000000
820,-57.283015,184.448596,0.000000
821,-57.273562,184.296084,0.000000
822,-57.264079,184.143715,0.000000
823,-57.254565,183.991488,0.000000
824,-57.245022,183.839405,0.000000
825,-57.235449,183.687463,0.000000
826,-57.225847,183.535665,0.000000
827,-57.216216,183.384009,0.000000
828,-57.206555,183.232495,0.000000
829,-57.196866,183.081124,0.000000
830,-57.187149,182.929895,0.000000
831,-57.177403,182.778808,0.000000
832,-57.167628,182.627863,0.000000
833,-57.157826,182.477061,0.000000
834,-57.147996,182.326400,0.000000
835,-57.138139,182.175881,0.000000
836,-57.128254,182.025505,0.000000
837,-57.118342,181.875270,0.000000
838,-57.108403,181.725176,0.000000
839,-57.098438,181.575225,0.000000
840,-57.088445,181.425415,0.000000
841,-57.078427,181.275746,0.000000
842,-57.068382,181.126219,0.000000
843,-57.058311,180.976833,0.000000
844,-57.048214,180.827589,0.000000
845,-57.038092,180.678485,0.000000
846,-57.027945,180.529523,0.000000
847,-57.017772,180.380702,0.000000
848,-57.007574,180.232022,0.000000
849,-56.997351,180.083482,0.000000
850,-56.987103,179.935084,0.000000
851,-56.976831,179.786826,0.000000
852,-56.966535,179.638709,0.000000
853,-56.956214,179.490733,0.000000
854,-56.945870,179.342897,0.000000
855,-56.935502,179.195201,0.000000
856,-56.925110,179.047646,0.000000
857,-56.914694,178.900231,0.000000
858,-56.904256,178.752957,0.000000
859,-56.893794,178.605822,0.000000
860,-56.883309,178.458828,0.000000
861,-56.872802,178.311973,0.000000
862,-56.862272,178.165258,0.000000
863,-56.851720,178.018684,0.000000
864,-56.841145,177.872249,0.000000
865,-56.830548,177.725953,0.000000
866,-56.819930,177.579797,0.000000
867,-56.809289,177.433781,0.000000
868,-56.798627,177.287904,0.000000
869,-56.787944,177.142166,0.000000
870,-56.777240,176.996568,0.000000
871,-56.766514,176.851109,0.000000
872,-56.755767,176.705789,0.000000
873,-56.745000,176.560608,0.000000
874,-56.734212,176.415565,0.000000
875,-56.723403,176.270662,0.000000
876,-56.712575,176.125898,0.000000
877,-56.701726,175.981272,0.000000
878,-56.690857,175.836784,0.000000
879,-56.679968,175.692436,0.000000
880,-56.669060,175.548225,0.000000
881,-56.658132,175.404154,0.000000
882,-56.647185,175.260220,0.000000
883,-56.636219,175.116424,0.000000
884,-56.625233,174.972767,0.000000
885,-56.614229,174.829248,0.000000
886,-56.603206,174.685866,0.000000
887,-56.592164,174.542623,0.000000
888,-56.581103,174.399517,0.000000
889,-56.570025,174.256549,0.000000
890,-56.558928,174.113718,0.000000
891,-56.547813,173.971025,0.000000
892,-56.536681,173.828470,0.000000
893,-56.525530,173.686052,0.000000
894,-56.514362,173.543771,0.000000
895,-56.503176,173.401627,0.000000
896,-56.491974,173.259620,0.000000
897,-56.480753,173.117751,0.000000
898,-56.469516,172.976018,0.000000
899,-56.458262,172.834422,0.000000
900,-56.446991,172.692963,0.000000
901,-56.435704,172.551641,0.000000
902,-56.424400,172.410455,0.000000
903,-56.413080,172.269406,0.000000
904,-56.401744,172.128493,0.000000
905,-56.390392,171.987716,0.000000
906,-56.379023,171.847076,0.000000
907,-56.367639,171.706571,0.000000
908,-56.356240,171.566203,0.000000
909,-56.344825,171.425971,0.000000
910,-56.333394,171.285875,0.000000
911,-56.321948,171.145914,0.000000
912,-56.310487,171.006089,0.000000
913,-56.299011,170.866400,0.000000
914,-56.287520,170.726846,0.000000
915,-56.276014,170.587428,0.000000
916,-56.264493,170.448145,0.000000
917,-56.252958,170.308998,0.000000
918,-56.241409,170.169985,0.000000
919,-56.229845,170.031108,0.000000
920,-56.218267,169.892366,0.000000
921,-56.206675,169.753758,0.000000
922,-56.195069,169.615286,0.000000
923,-56.183450,169.476948,0.000000
924,-56.171816,169.338745,0.000000
925,-56.160169,169.200676,0.000000
926,-56.148509,169.062742,0.000000
927,-56.136835,168.924942,0.000000
928,-56.125148,168.787277,0.000000
929,-56.113448,168.649745,0.000000
930,-56.101734,168.512348,0.000000
931,-56.090008,168.375085,0.000000
932,-56.078270,168.237956,0.000000
933,-56.066518,168.100960,0.000000
934,-56.054754,167.964099,0.000000
935,-56.042978,167.827371,0.000000
936,-56.031189,167.690776,0.000000
937,-56.019388,167.554315,0.000000
938,-56.007574,167.417988,0.000000
939,-55.995749,167.281793,0.000000
940,-55.983911,167.145732,0.000000
941,-55.972061,167.009804,0.000000
942,-55.960199,166.874010,0.000000
943,-55.948327,166.738348,0.000000
944,-55.936442,166.602818,0.000000
945,-55.924546,166.467422,0.000000
946,-55.912639,166.332158,0.000000
947,-55.900720,166.197027,0.000000
948,-55.888791,166.062028,0.000000
949,-55.876850,165.927162,0.000000
950,-55.864899,165.792428,0.000000
951,-55.852937,165.657826,0.000000
952,-55.840965,165.523356,0.000000
953,-55.828982,165.389019,0.000000
954,-55.816988,165.254813,0.000000
955,-55.804984,165.120739,0.000000
956,-55.792969,164.986797,0.000000
957,-55.780945,164.852986,0.000000
958,-55.768910,164.719307,0.000000
959,-55.756865,164.585759,0.000000
960,-55.744810,164.452343,0.000000
961,-55.732745,164.319058,0.000000
962,-55.720670,164.185904,0.000000
963,-55.708586,164.052882,0.000000
964,-55.696493,163.919990,0.000000
965,-55.684390,163.787229,0.000000
966,-55.672278,163.654599,0.000000
967,-55.660156,163.522100,0.000000
968,-55.648026,163.389731,0.000000
969,-55.635886,163.257493,0.000000
970,-55.623737,163.125386,0.000000
971,-55.611579,162.993408,0.000000
972,-55.599412,162.861561,0.000000
973,-55.587236,162.729844,0.000000
974,-55.575052,162.598257,0.000000
975,-55.562859,162.466800,0.000000
976,-55.550657,162.335473,0.000000
977,-55.538448,162.204276,0.000000
978,-55.526229,162.073208,0.000000
979,-55.514003,161.942270,0.000000
980,-55.501768,161.811462,0.000000
981,-55.489526,161.680782,0.000000
982,-55.477275,161.550233,0.000000
983,-55.465016,161.419812,0.000000
984,-55.452749,161.289520,0.000000
985,-55.440475,161.159358,0.000000
986,-55.428193,161.029324,0.000000
987,-55.415903,160.899420,0.000000
988,-55.403606,160.769644,0.000000
989,-55.391301,160.639996,0.000000
990,-55.378988,160.510477,0.000000
991,-55.366669,160.381087,0.000000
992,-55.354342,160.251825,0.000000
993,-55.342008,160.122691,0.000000
994,-55.329666,159.993686,0.000000
995,-55.317318,159.864808,0.000000
996,-55.304963,159.736059,0.000000
997,-55.292600,159.607437,0.000000
998,-55.280231,159.478943,0.000000
999,-55.267856,159.350577,0.000000
1000,-55.255473,159.222339,0.000000
1001,-55.243084,159.094228,0.000000
1002,-55.230688,158.966244,0.000000
1003,-55.218285,158.838388,0.000000
1004,-55.205876,158.710658,0.000000
1005,-55.193461,158.583056,0.000000
1006,-55.181039,158.455581,0.000000
1007,-55.168612,158.328233,0.000000
1008,-55.156178,158.201012,0.000000
1009,-55.143737,158.073918,0.000000
1010,-55.131291,157.946950,0.000000
1011,-55.118839,157.820109,0.000000
1012,-55.106381,157.693394,0.000000
1013,-55.093917,157.566805,0.000000
1014,-55.081447,157.440343,0.000000
1015,-55.068971,157.314007,0.000000
1016,-55.056490,157.187797,0.000000
1017,-55.044003,157.061713,0.000000
1018,-55.031510,156.935755,0.000000
1019,-55.019013,156.809923,0.000000
1020,-55.006509,156.684216,0.000000
1021,-54.994000,156.558635,0.000000
1022,-54.981486,156.433180,0.000000
1023,-54.968966,156.307850,0.000000
1024,-54.956441,156.182645,0.000000
1025,-54.943911,156.057565,0.000000
1026,-54.931376,155.932611,0.000000
1027,-54.918836,155.807781,0.000000
1028,-54.906290,155.683077,0.000000
1029,-54.893740,155.558497,0.000000
1030,-54.881184,155.434042,0.000000
1031,-54.868624,155.309712,0.000000
1032,-54.856058,155.185506,0.000000
1033,-54.843488,155.061425,0.000000
1034,-54.830913,154.937468,0.000000
1035,-54.818334,154.813635,0.000000
1036,-54.805750,154.689926,0.000000
1037,-54.793160,154.566342,0.000000
1038,-54.780567,154.442881,0.000000
1039,-54.767970,154.319545,0.000000
1040,-54.755367,154.196332,0.000000
1041,-54.742760,154.073243,0.000000
1042,-54.730149,153.950277,0.000000
1043,-54.717533,153.827435,0.000000
1044,-54.704913,153.704716,0.000000
1045,-54.692289,153.582121,0.000000
1046,-54.679660,153.459649,0.000000
1047,-54.667027,153.337299,0.000000
1048,-54.654390,153.215073,0.000000
1049,-54.641749,153.092970,0.000000
1050,-54.629104,152.970990,0.000000
1051,-54.616455,152.849132,0.000000
1052,-54.603801,152.727397,0.000000
1053,-54.591144,152.605785,0.000000
1054,-54.578483,152.484295,0.000000
1055,-54.565818,152.362927,0.000000
1056,-54.553149,152.241681,0.000000
1057,-54.540476,152.120558,0.000000
1058,-54.527800,151.999557,0.000000
1059,-54.515119,151.878678,0.000000
1060,-54.502435,151.757920,0.000000
1061,-54.489748,151.637284,0.000000
1062,-54.477056,151.516770,0.000000
1063,-54.464361,151.396378,0.000000
1064,-54.451662,151.276107,0.000000
1065,-54.438960,151.155958,0.000000
1066,-54.426255,151.035929,0.000000
1067,-54.413546,150.916022,0.000000
1068,-54.400834,150.796237,0.000000
1069,-54.388118,150.676572,0.000000
1070,-54.375400,150.557028,0.000000
1071,-54.362679,150.437604,0.000000
1072,-54.349955,150.318302,0.000000
1073,-54.337227,150.199120,0.000000
1074,-54.324496,150.080059,0.000000
1075,-54.311761,149.961118,0.000000
1076,-54.299023,149.842298,0.000000
1077,-54.286282,149.723597,0.000000
1078,-54.273539,149.605017,0.000000
1079,-54.260792,149.486557,0.000000
1080,-54.248042,149.368217,0.000000
1081,-54.235289,149.249997,0.000000
1082,-54.222533,149.131896,0.000000
1083,-54.209774,149.013915,0.000000
1084,-54.197013,148.896054,0.000000
1085,-54.184248,148.778313,0.000000
1086,-54.171480,148.660690,0.000000
1087,-54.158710,148.543187,0.000000
1088,-54.145937,148.425803,0.000000
1089,-54.133161,148.308539,0.000000
1090,-54.120382,148.191393,0.000000
1091,-54.107600,148.074366,0.000000
1092,-54.094816,147.957458,0.000000
1093,-54.082029,147.840669,0.000000
1094,-54.069239,147.723998,0.000000
1095,-54.056446,147.607446,0.000000
1096,-54.043651,147.491013,0.000000
1097,-54.030853,147.374698,0.000000
1098,-54.018052,147.258501,0.000000
1099,-54.005249,147.142422,0.000000
1100,-53.992443,147.026461,0.000000
1101,-53.979633,146.910618,0.000000
1102,-53.966819,146.794893,0.000000
1103,-53.954003,146.679286,0.000000
1104,-53.941185,146.563797,0.000000
1105,-53.928365,146.448425,0.000000
1106,-53.915541,146.333171,0.000000
1107,-53.902714,146.218034,0.000000
1108,-53.889887,146.103014,0.000000
1109,-53.877057,145.988112,0.000000
1110,-53.864224,145.873327,0.000000
1111,-53.851388,145.758659,0.000000
1112,-53.838550,145.644108,0.000000
1113,-53.825711,145.529673,0.000000
1114,-53.812867,145.415356,0.000000
1115,-53.800021,145.301155,0.000000
1116,-53.787172,145.187070,0.000000
1117,-53.774323,145.073103,0.000000
1118,-53.761469,144.959251,0.000000
1119,-53.748613,144.845516,0.000000
1120,-53.735755,144.731897,0.000000
1121,-53.722895,144.618394,0.000000
1122,-53.710031,144.505007,0.000000
1123,-53.697166,144.391737,0.000000
1124,-53.684298,144.278582,0.000000
1125,-53.671429,144.165542,0.000000
1126,-53.658557,144.052619,0.000000
1127,-53.645683,143.939810,0.000000
1128,-53.632807,143.827118,0.000000
1129,-53.619927,143.714541,0.000000
1130,-53.607046,143.602079,0.000000
1131,-53.594161,143.489732,0.000000
1132,-53.581274,143.377500,0.000000
1133,-53.568385,143.265383,0.000000
1134,-53.555494,143.153382,0.000000
1135,-53.542600,143.041495,0.000000
1136,-53.529705,142.929722,0.000000
1137,-53.516805,142.818065,0.000000
1138,-53.503904,142.706522,0.000000
1139,-53.491001,142.595093,0.000000
1140,-53.478095,142.483779,0.000000
1141,-53.465188,142.372579,0.000000
1142,-53.452278,142.261493,0.000000
1143,-53.439366,142.150522,0.000000
1144,-53.426451,142.039664,0.000000
1145,-53.413533,141.928920,0.000000
1146,-53.400613,141.818290,0.000000
1147,-53.387690,141.707774,0.000000
1148,-53.374764,141.597371,0.000000
1149,-53.361838,141.487082,0.000000
1150,-53.348909,141.376907,0.000000
1151,-53.335976,141.266844,0.000000
1152,-53.323042,141.156895,0.000000
1153,-53.310105,141.047059,0.000000
1154,-53.297166,140.937337,0.000000
1155,-53.284223,140.827727,0.000000
1156,-53.271279,140.718230,0.000000
1157,-53.258331,140.608846,0.000000
1158,-53.245381,140.499575,0.000000
1159,-53.232428,140.390416,0.000000
1160,-53.219473,140.281370,0.000000
1161,-53.206515,140.172437,0.000000
1162,-53.193555,140.063616,0.000000
1163,-53.180592,139.954907,0.000000
1164,-53.167626,139.846310,0.000000
1165,-53.154657,139.737825,0.000000
1166,-53.141687,139.629453,0.000000
1167,-53.128713,139.521192,0.000000
1168,-53.115736,139.413043,0.000000
1169,-53.102757,139.305006,0.000000
1170,-53.089774,139.197081,0.000000
1171,-53.076789,139.089267,0.000000
1172,-53.063802,138.981565,0.000000
1173,-53.050811,138.873974,0.000000
1174,-53.037818,138.766494,0.000000
1175,-53.024820,138.659125,0.000000
1176,-53.011821,138.551868,0.000000
1177,-52.998818,138.444722,0.000000
1178,-52.985813,138.337687,0.000000
1179,-52.972803,138.230762,0.000000
1180,-52.959792,138.123949,0.000000
1181,-52.946777,138.017246,0.000000
1182,-52.933759,137.910653,0.000000
1183,-52.920739,137.804172,0.000000
1184,-52.907714,137.697800,0.000000
1185,-52.894686,137.591539,0.000000
1186,-52.881655,137.485388,0.000000
1187,-52.868622,137.379348,0.000000
1188,-52.855584,137.273417,0.000000
1189,-52.842543,137.167597,0.000000
1190,-52.829498,137.061886,0.000000
1191,-52.816450,136.956286,0.000000
1192,-52.803398,136.850795,0.000000
1193,-52.790343,136.745413,0.000000
1194,-52.777284,136.640142,0.000000
1195,-52.764222,136.534979,0.000000
1196,-52.751156,136.429927,0.000000
1197,-52.738088,136.324983,0.000000
1198,-52.725014,136.220149,0.000000
1199,-52.711937,136.115424,0.000000
1200,-52.698855,136.010808,0.000000
1201,-52.685771,135.906300,0.000000
1202,-52.672681,135.801902,0.000000
1203,-52.659588,135.697613,0.000000
1204,-52.646491,135.593432,0.000000
1205,-52.633390,135.489360,0.000000
1206,-52.620285,135.385397,0.000000
1207,-52.607174,135.281542,0.000000
1208,-52.594061,135.177795,0.000000
1209,-52.580943,135.074157,0.000000
1210,-52.567819,134.970627,0.000000
1211,-52.554692,134.867205,0.000000
1212,-52.541561,134.763891,0.000000
1213,-52.528424,134.660685,0.000000
1214,-52.515282,134.557588,0.000000
1215,-52.502136,134.454597,0.000000
1216,-52.488986,134.351715,0.000000
1217,-52.475830,134.248940,0.000000
1218,-52.462669,134.146273,0.000000
1219,-52.449503,134.043714,0.000000
1220,-52.436333,133.941261,0.000000
1221,-52.423160,133.838916,0.000000
1222,-52.409981,133.736679,0.000000
1223,-52.396798,133.634548,0.000000
1224,-52.383610,133.532525,0.000000
1225,-52.370419,133.430608,0.000000
1226,-52.357222,133.328799,0.000000
1227,-52.344020,133.227096,0.000000
1228,-52.330813,133.125500,0.000000
1229,-52.317599,133.024011,0.000000
1230,-52.304381,132.922628,0.000000
1231,-52.291157,132.821352,0.000000
1232,-52.277928,132.720182,0.000000
1233,-52.264693,132.619119,0.000000
1234,-52.251452,132.518162,0.000000
1235,-52.238207,132.417311,0.000000
1236,-52.224955,132.316566,0.000000
1237,-52.211699,132.215928,0.000000
1238,-52.198436,132.115395,0.000000
1239,-52.185167,132.014968,0.000000
1240,-52.171891,131.914647,0.000000
1241,-52.158610,131.814432,0.000000
1242,-52.145324,131.714322,0.000000
1243,-52.132031,131.614318,0.000000
1244,-52.118731,131.514419,0.000000
1245,-52.105425,131.414626,0.000000
1246,-52.092113,131.314938,0.000000
1247,-52.078794,131.215355,0.000000
1248,-52.065469,131.115878,0.000000
1249,-52.052136,131.016506,0.000000
1250,-52.038796,130.917238,0.000000
1251,-52.025448,130.818076,0.000000
1252,-52.012094,130.719018,0.000000
1253,-51.998734,130.620066,0.000000
1254,-51.985361,130.521218,0.000000
1255,-51.971980,130.422475,0.000000
1256,-51.958592,130.323836,0.000000
1257,-51.945197,130.225302,0.000000
1258,-51.931794,130.126872,0.000000
1259,-51.918383,130.028547,0.000000
1260,-51.904965,129.930326,0.000000
1261,-51.891541,129.832209,0.000000
1262,-51.878111,129.734196,0.000000
1263,-51.864668,129.636287,0.000000
1264,-51.851218,129.538483,0.000000
1265,-51.837761,129.440782,0.000000
1266,-51.824296,129.343185,0.000000
1267,-51.810822,129.245692,0.000000
1268,-51.797339,129.148302,0.000000
1269,-51.783845,129.051017,0.000000
1270,-51.770345,128.953834,0.000000
1271,-51.756835,128.856756,0.000000
1272,-51.743315,128.759780,0.000000
1273,-51.729786,128.662908,0.000000
1274,-51.716247,128.566140,0.000000
1275,-51.702704,128.469474,0.000000
1276,-51.689150,128.372912,0.000000
1277,-51.675587,128.276452,0.000000
1278,-51.662011,128.180096,0.000000
1279,-51.648426,128.083843,0.000000
1280,-51.634832,127.987692,0.000000
1281,-51.621226,127.891644,0.000000
1282,-51.607611,127.795699,0.000000
1283,-51.593989,127.699857,0.000000
1284,-51.580353,127.604117,0.000000
1285,-51.566708,127.508479,0.000000
1286,-51.553054,127.412945,0.000000
1287,-51.539389,127.317512,0.000000
1288,-51.525713,127.222182,0.000000
1289,-51.512025,127.126954,0.000000
1290,-51.498326,127.031828,0.000000
1291,-51.484615,126.936804,0.000000
1292,-51.470893,126.841883,0.000000
1293,-51.457160,126.747063,0.000000
1294,-51.443416,126.652345,0.000000
1295,-51.429660,126.557729,0.000000
1296,-51.415891,126.463215,0.000000
1297,-51.402112,126.368802,0.000000
1298,-51.388317,126.274492,0.000000
1299,-51.374512,126.180282,0.000000
1300,-51.360693,126.086175,0.000000
1301,-51.346863,125.992168,0.000000
1302,-51.333020,125.898263,0.000000
1303,-51.319165,125.804460,0.000000
1304,-51.305296,125.710757,0.000000
1305,-51.291412,125.617156,0.000000
1306,-51.277515,125.523656,0.000000
1307,-51.263604,125.430258,0.000000
1308,-51.249681,125.336960,0.000000
1309,-51.235742,125.243763,0.000000
1310,-51.221789,125.150667,0.000000
1311,-51.207824,125.057672,0.000000
1312,-51.193844,124.964777,0.000000
1313,-51.179848,124.871983,0.000000
1314,-51.165837,124.779290,0.000000
1315,-51.151813,124.686698,0.000000
1316,-51.137773,124.594206,0.000000
1317,-51.123716,124.501814,0.000000
1318,-51.109645,124.409523,0.000000
1319,-51.095559,124.317333,0.000000
1320,-51.081452,124.225242,0.000000
1321,-51.067330,124.133252,0.000000
1322,-51.053195,124.041362,0.000000
1323,-51.039040,123.949573,0.000000
1324,-51.024867,123.857883,0.000000
1325,-51.010675,123.766293,0.000000
1326,-50.996466,123.674804,0.000000
1327,-50.982244,123.583414,0.000000
1328,-50.968003,123.492124,0.000000
1329,-50.953740,123.400934,0.000000
1330,-50.939462,123.309843,0.000000
1331,-50.925165,123.218853,0.000000
1332,-50.910853,123.127962,0.000000
1333,-50.896518,123.037170,0.000000
1334,-50.882165,122.946479,0.000000
1335,-50.867791,122.855886,0.000000
1336,-50.853395,122.765393,0.000000
1337,-50.838980,122.675000,0.000000
1338,-50.824544,122.584706,0.000000
1339,-50.810089,122.494511,0.000000
1340,-50.795616,122.404415,0.000000
1341,-50.781119,122.314419,0.000000
1342,-50.766600,122.224522,0.000000
1343,-50.752061,122.134724,0.000000
1344,-50.737500,122.045025,0.000000
1345,-50.722912,121.955425,0.000000
1346,-50.708304,121.865924,0.000000
1347,-50.693672,121.776522,0.000000
1348,-50.679018,121.687218,0.000000
1349,-50.664339,121.598014,0.000000
1350,-50.649635,121.508909,0.000000
1351,-50.634906,121.419902,0.000000
1352,-50.620152,121.330994,0.000000
1353,-50.605373,121.242184,0.000000
1354,-50.590570,121.153473,0.000000
1355,-50.575739,121.064861,0.000000
1356,-50.560884,120.976348,0.000000
1357,-50.546003,120.887933,0.000000
1358,-50.531094,120.799616,0.000000
1359,-50.516157,120.711398,0.000000
1360,-50.501193,120.623278,0.000000
1361,-50.486204,120.535257,0.000000
1362,-50.471180,120.447334,0.000000
1363,-50.456133,120.359509,0.000000
1364,-50.441053,120.271782,0.000000
1365,-50.425951,120.184154,0.000000
1366,-50.410819,120.096624,0.000000
1367,-50.395658,120.009192,0.000000
1368,-50.380469,119.921859,0.000000
1369,-50.365252,119.834623,0.000000
1370,-50.350003,119.747485,0.000000
1371,-50.334725,119.660446,0.000000
1372,-50.319410,119.573504,0.000000
1373,-50.304066,119.486661,0.000000
1374,-50.288689,119.399915,0.000000
1375,-50.273280,119.313267,0.000000
1376,-50.257839,119.226717,0.000000
1377,-50.242363,119.140265,0.000000
1378,-50.226854,119.053911,0.000000
1379,-50.211312,118.967655,0.000000
1380,-50.195734,118.881496,0.000000
1381,-50.180119,118.795436,0.000000
1382,-50.164470,118.709473,0.000000
1383,-50.148783,118.623607,0.000000
1384,-50.133061,118.537840,0.000000
1385,-50.117300,118.452170,0.000000
1386,-50.101502,118.366597,0.000000
1387,-50.085665,118.281123,0.000000
1388,-50.069787,118.195746,0.000000
1389,-50.053872,118.110466,0.000000
1390,-50.037913,118.025284,0.000000
1391,-50.021915,117.940200,0.000000
1392,-50.005874,117.855213,0.000000
1393,-49.989794,117.770324,0.000000
1394,-49.973652,117.685533,0.000000
1395,-49.957470,117.600839,0.000000
1396,-49.941244,117.516242,0.000000
1397,-49.924974,117.431743,0.000000
1398,-49.908654,117.347342,0.000000
1399,-49.892296,117.263038,0.000000
1400,-49.875895,117.178832,0.000000
1401,-49.859441,117.094723,0.000000
1402,-49.842939,117.010712,0.000000
1403,-49.826389,116.926798,0.000000
1404,-49.809793,116.842981,0.000000
1405,-49.793140,116.759263,0.000000
1406,-49.776441,116.675641,0.000000
1407,-49.759685,116.592118,0.000000
1408,-49.742884,116.508691,0.000000
1409,-49.726027,116.425363,0.000000
1410,-49.709115,116.342131,0.000000
1411,-49.692149,116.258998,0.000000
1412,-49.675138,116.175962,0.000000
1413,-49.658063,116.093023,0.000000
1414,-49.640939,116.010182,0.000000
1415,-49.623757,115.927439,0.000000
1416,-49.606517,115.844793,0.000000
1417,-49.589209,115.762245,0.000000
1418,-49.571840,115.679794,0.000000
1419,-49.554408,115.597442,0.000000
1420,-49.536920,115.515186,0.000000
1421,-49.519366,115.433029,0.000000
1422,-49.501751,115.350969,0.000000
1423,-49.484066,115.269007,0.000000
1424,-49.466321,115.187143,0.000000
1425,-49.448512,115.105376,0.000000
1426,-49.430629,115.023708,0.000000
1427,-49.412681,114.942137,0.000000
1428,-49.394666,114.860664,0.000000
1429,-49.376568,114.779289,0.000000
1430,-49.358408,114.698012,0.000000
1431,-49.340166,114.616833,0.000000
1432,-49.321848,114.535752,0.000000
1433,-49.303458,114.454769,0.000000
1434,-49.284989,114.373884,0.000000
1435,-49.266444,114.293098,0.000000
1436,-49.247815,114.212409,0.000000
1437,-49.229102,114.131819,0.000000
1438,-49.210305,114.051328,0.000000
1439,-49.191426,113.970935,0.000000
1440,-49.172464,113.890640,0.000000
1441,-49.153410,113.810443,0.000000
1442,-49.134270,113.730346,0.000000
1443,-49.115034,113.650347,0.000000
1444,-49.095707,113.570446,0.000000
1445,-49.076281,113.490645,0.000000
1446,-49.056766,113.410942,0.000000
1447,-49.037153,113.331338,0.000000
1448,-49.017441,113.251834,0.000000
1449,-48.997622,113.172428,0.000000
1450,-48.977711,113.093122,0.000000
1451,-48.957690,113.013915,0.000000
1452,-48.937557,112.934807,0.000000
1453,-48.917315,112.855799,0.000000
1454,-48.896959,112.776890,0.000000
1455,-48.876495,112.698081,0.000000
1456,-48.855912,112.619372,0.000000
1457,-48.835213,112.540762,0.000000
1458,-48.814387,112.462253,0.000000
1459,-48.793441,112.383844,0.000000
1460,-48.772374,112.305535,0.000000
1461,-48.751179,112.227326,0.000000
1462,-48.729860,112.149218,0.000000
1463,-48.708398,112.071211,0.000000
1464,-48.686800,111.993304,0.000000
1465,-48.665056,111.915499,0.000000
1466,-48.643176,111.837794,0.000000
1467,-48.621153,111.760190,0.000000
1468,-48.598981,111.682688,0.000000
1469,-48.576660,111.605288,0.000000
1470,-48.554179,111.527989,0.000000
1471,-48.531536,111.450792,0.000000
1472,-48.508739,111.373697,0.000000
1473,-48.485768,111.296705,0.000000
1474,-48.462620,111.219814,0.000000
1475,-48.439301,111.143027,0.000000
1476,-48.415820,111.066342,0.000000
1477,-48.392159,110.989760,0.000000
1478,-48.368315,110.913282,0.000000
1479,-48.344288,110.836907,0.000000
1480,-48.320079,110.760636,0.000000
1481,-48.295670,110.684469,0.000000
1482,-48.271057,110.608405,0.000000
1483,-48.246251,110.532447,0.000000
1484,-48.221221,110.456593,0.000000
1485,-48.195983,110.380843,0.000000
1486,-48.170520,110.305199,0.000000
1487,-48.144835,110.229661,0.000000
1488,-48.118918,110.154228,0.000000
1489,-48.092764,110.078901,0.000000
1490,-48.066377,110.003681,0.000000
1491,-48.039738,109.928567,0.000000
1492,-48.012823,109.853561,0.000000
1493,-47.985659,109.778661,0.000000
1494,-47.958172,109.703870,0.000000
1495,-47.930426,109.629186,0.000000
1496,-47.902370,109.554611,0.000000
1497,-47.874019,109.480145,0.000000
1498,-47.845374,109.405788,0.000000
1499,-47.816424,109.331541,0.000000
1500,-47.787143,109.257404,0.000000
1501,-47.757560,109.183378,0.000000
1502,-47.727624,109.109462,0.000000
1503,-47.697323,109.035658,0.000000
1504,-47.666658,108.961967,0.000000
1505,-47.635632,108.888387,0.000000
1506,-47.604220,108.814921,0.000000
1507,-47.572424,108.741568,0.000000
1508,-47.540232,108.668329,0.000000
1509,-47.507594,108.595205,0.000000
1510,-47.474526,108.522197,0.000000
1511,-47.441015,108.449304,0.000000
1512,-47.407038,108.376528,0.000000
1513,-47.372584,108.303869,0.000000
1514,-47.337630,108.231328,0.000000
1515,-47.302149,108.158906,0.000000
1516,-47.266147,108.086603,0.000000
1517,-47.229598,108.014421,0.000000
1518,-47.192452,107.942360,0.000000
1519,-47.154727,107.870420,0.000000
1520,-47.116370,107.798604,0.000000
1521,-47.077387,107.726911,0.000000
1522,-47.037726,107.655343,0.000000
1523,-46.997352,107.583901,0.000000
1524,-46.956242,107.512585,0.000000
1525,-46.914399,107.441398,0.000000
1526,-46.871747,107.370339,0.000000
1527,-46.828264,107.299411,0.000000
1528,-46.783902,107.228614,0.000000
1529,-46.738650,107.157951,0.000000
1530,-46.692435,107.087421,0.000000
1531,-46.645195,107.017028,0.000000
1532,-46.596921,106.946771,0.000000
1533,-46.547511,106.876654,0.000000
1534,-46.496933,106.806678,0.000000
1535,-46.445099,106.736844,0.000000
1536,-46.391979,106.667155,0.000000
1537,-46.337522,106.597612,0.000000
1538,-46.281644,106.528219,0.000000
1539,-46.224245,106.458976,0.000000
1540,-46.165253,106.389886,0.000000
1541,-46.104518,106.320952,0.000000
1542,-46.041980,106.252177,0.000000
1543,-45.977492,106.183564,0.000000
1544,-45.910794,106.115115,0.000000
1545,-45.841871,106.046835,0.000000
1546,-45.770552,105.978726,0.000000
1547,-45.696632,105.910793,0.000000
1548,-45.619946,105.843039,0.000000
1549,-45.540290,105.775470,0.000000
1550,-45.457319,105.708090,0.000000
1551,-45.370868,105.640905,0.000000
1552,-45.280558,105.573919,0.000000
1553,-45.185940,105.507140,0.000000
1554,-45.086639,105.440574,0.000000
1555,-44.982172,105.374229,0.000000
1556,-44.871917,105.308114,0.000000
1557,-44.755253,105.242237,0.000000
1558,-44.631310,105.176610,0.000000
1559,-44.499114,105.111244,0.000000
1560,-44.357332,105.046153,0.000000
1561,-44.204895,104.981352,0.000000
1562,-44.039882,104.916859,0.000000
1563,-43.860100,104.852695,0.000000
1564,-43.662264,104.788885,0.000000
1565,-43.443124,104.725457,0.000000
1566,-43.197684,104.662447,0.000000
1567,-42.918722,104.599899,0.000000
1568,-42.596402,104.537868,0.000000
1569,-42.214844,104.476426,0.000000
1570,-41.750244,104.415670,0.000000
1571,-41.158600,104.355740,0.000000
1572,-40.357944,104.296846,0.000000
1573,-39.151499,104.239336,0.000000
1574,-36.923167,104.183884,0.000000
1575,-30.061357,104.132192,0.000000
1576,0.000000,104.091979,1.000000
1577,-46.000000,204.101903,0.000000
1578,-45.983015,203.951818,0.000000
1579,-45.965391,203.801886,0.000000
1580,-45.947130,203.652109,0.000000
1581,-45.928201,203.502487,0.000000
1582,-45.908533,203.353021,0.000000
1583,-45.888204,203.203713,0.000000
1584,-45.867107,203.054563,0.000000
1585,-45.845140,202.905572,0.000000
1586,-45.822342,202.756743,0.000000
1587,-45.798646,202.608075,0.000000
1588,-45.774055,202.459570,0.000000
1589,-45.748540,202.311231,0.000000
1590,-45.721959,202.163057,0.000000
1591,-45.694355,202.015051,0.000000
1592,-45.665660,201.867215,0.000000
1593,-45.635736,201.719549,0.000000
1594,-45.604588,201.572057,0.000000
1595,-45.572152,201.424739,0.000000
1596,-45.538361,201.277598,0.000000
1597,-45.503078,201.130636,0.000000
1598,-45.466238,200.983856,0.000000
1599,-45.427778,200.837259,0.000000
1600,-45.387560,200.690848,0.000000
1601,-45.345449,200.544626,0.000000
1602,-45.301384,200.398597,0.000000
1603,-45.255156,200.252762,0.000000
1604,-45.206706,200.107127,0.000000
1605,-45.155791,199.961693,0.000000
1606,-45.102208,199.816465,0.000000
1607,-45.045790,199.671448,0.000000
1608,-44.986297,199.526645,0.000000
1609,-44.923386,199.382063,0.000000
1610,-44.856821,199.237705,0.000000
1611,-44.786223,199.093579,0.000000
1612,-44.711179,198.949691,0.000000
1613,-44.631243,198.806047,0.000000
1614,-44.545862,198.662657,0.000000
1615,-44.454338,198.519528,0.000000
1616,-44.355952,198.376672,0.000000
1617,-44.250107,198.234098,0.000000
1618,-44.135535,198.091819,0.000000
1619,-44.011037,197.949850,0.000000
1620,-43.875075,197.808207,0.000000
1621,-43.725407,197.666908,0.000000
1622,-43.559843,197.525977,0.000000
1623,-43.375226,197.385439,0.000000
1624,-43.167335,197.245326,0.000000
1625,-42.930305,197.105676,0.000000
1626,-42.656141,196.966537,0.000000
1627,-42.332672,196.827971,0.000000
1628,-41.941508,196.690060,0.000000
1629,-41.451563,196.552916,0.000000
1630,-40.808308,196.416703,0.000000
1631,-39.896276,196.281675,0.000000
1632,-38.413899,196.148280,0.000000
1633,-35.219826,196.017466,0.000000
1634,-19.112702,195.892085,0.000000
1635,0.000000,195.793654,1.000000
1636,-46.000000,295.727160,0.000000
1637,-46.028828,295.500720,0.000000
1638,-46.058525,295.274422,0.000000
1639,-46.089063,295.048262,0.000000
1640,-46.120408,294.822240,0.000000
1641,-46.152586,294.596354,0.000000
1642,-46.185579,294.370603,0.000000
1643,-46.219420,294.144985,0.000000
1644,-46.254106,293.919498,0.000000
1645,-46.289636,293.694142,0.000000
1646,-46.326019,293.468914,0.000000
1647,-46.363249,293.243813,0.000000
1648,-46.401374,293.018838,0.000000
1649,-46.440336,292.793987,0.000000
1650,-46.480135,292.569258,0.000000
1651,-46.520764,292.344650,0.000000
1652,-46.562284,292.120162,0.000000
1653,-46.604678,291.895791,0.000000
1654,-46.647917,291.671537,0.000000
1655,-46.692036,291.447397,0.000000
1656,-46.736991,291.223371,0.000000
1657,-46.782764,290.999457,0.000000
1658,-46.829364,290.775653,0.000000
1659,-46.876787,290.551957,0.000000
1660,-46.925002,290.328369,0.000000
1661,-46.973980,290.104888,0.000000
1662,-47.023742,289.881510,0.000000
1663,-47.074259,289.658236,0.000000
1664,-47.125514,289.435064,0.000000
1665,-47.177475,289.211992,0.000000
1666,-47.230154,288.989020,0.000000
1667,-47.283519,288.766145,0.000000
1668,-47.337542,288.543368,0.000000
1669,-47.392218,288.320686,0.000000
1670,-47.447545,288.098098,0.000000
1671,-47.503466,287.875604,0.000000
1672,-47.560005,287.653202,0.000000
1673,-47.617119,287.430891,0.000000
1674,-47.674779,287.208670,0.000000
1675,-47.732982,286.986538,0.000000
1676,-47.791672,286.764494,0.000000
1677,-47.850873,286.542538,0.000000
1678,-47.910530,286.320667,0.000000
1679,-47.970654,286.098883,0.000000
1680,-48.031189,285.877183,0.000000
1681,-48.092179,285.655566,0.000000
1682,-48.153568,285.434033,0.000000
1683,-48.215322,285.212582,0.000000
1684,-48.277411,284.991213,0.000000
1685,-48.339828,284.769924,0.000000
1686,-48.402540,284.548716,0.000000
1687,-48.465545,284.327588,0.000000
1688,-48.528799,284.106539,0.000000
1689,-48.592314,283.885569,0.000000
1690,-48.656055,283.664678,0.000000
1691,-48.720007,283.443864,0.000000
1692,-48.784150,283.223127,0.000000
1693,-48.848466,283.002468,0.000000
1694,-48.912937,282.781885,0.000000
1695,-48.977536,282.561378,0.000000
1696,-49.042250,282.340948,0.000000
1697,-49.107056,282.120593,0.000000
1698,-49.171947,281.900315,0.000000
1699,-49.236890,281.680111,0.000000
1700,-49.301892,281.459983,0.000000
1701,-49.366923,281.239930,0.000000
1702,-49.431968,281.019952,0.000000
1703,-49.497022,280.800048,0.000000
1704,-49.562056,280.580220,0.000000
1705,-49.627065,280.360466,0.000000
1706,-49.692040,280.140788,0.000000
1707,-49.756960,279.921184,0.000000
1708,-49.821818,279.701654,0.000000
1709,-49.886602,279.482200,0.000000
1710,-49.951310,279.262821,0.000000
1711,-50.015911,279.043516,0.000000
1712,-50.080423,278.824287,0.000000
1713,-50.144819,278.605132,0.000000
1714,-50.209087,278.386053,0.000000
1715,-50.273221,278.167050,0.000000
1716,-50.337206,277.948122,0.000000
1717,-50.401035,277.729270,0.000000
1718,-50.464701,277.510494,0.000000
1719,-50.528190,277.291794,0.000000
1720,-50.591504,277.073171,0.000000
1721,-50.654632,276.854624,0.000000
1722,-50.717574,276.636154,0.000000
1723,-50.780313,276.417761,0.000000
1724,-50.842845,276.199446,0.000000
1725,-50.905167,275.981208,0.000000
1726,-50.967269,275.763049,0.000000
1727,-51.029147,275.544967,0.000000
1728,-51.090794,275.326965,0.000000
1729,-51.152205,275.109041,0.000000
1730,-51.213374,274.891196,0.000000
1731,-51.274296,274.673431,0.000000
1732,-51.334971,274.455746,0.000000
1733,-51.395388,274.238142,0.000000
1734,-51.455548,274.020618,0.000000
1735,-51.515445,273.803175,0.000000
1736,-51.575075,273.585813,0.000000
1737,-51.634437,273.368533,0.000000
1738,-51.693523,273.151335,0.000000
1739,-51.752334,272.934220,0.000000
1740,-51.810869,272.717188,0.000000
1741,-51.869121,272.500238,0.000000
1742,-51.927088,272.283373,0.000000
1743,-51.984771,272.066592,0.000000
1744,-52.042166,271.849895,0.000000
1745,-52.099276,271.633283,0.000000
1746,-52.156092,271.416757,0.000000
1747,-52.212614,271.200316,0.000000
1748,-52.268841,270.983961,0.000000
1749,-52.324771,270.767693,0.000000
1750,-52.380399,270.551512,0.000000
1751,-52.435728,270.335419,0.000000
1752,-52.490754,270.119413,0.000000
1753,-52.545476,269.903496,0.000000
1754,-52.599896,269.687667,0.000000
1755,-52.654011,269.471927,0.000000
1756,-52.707822,269.256278,0.000000
1757,-52.761327,269.040718,0.000000
1758,-52.814524,268.825248,0.000000
1759,-52.867414,268.609870,0.000000
1760,-52.919996,268.394582,0.000000
1761,-52.972270,268.179387,0.000000
1762,-53.024235,267.964284,0.000000
1763,-53.075890,267.749273,0.000000
1764,-53.127235,267.534356,0.000000
1765,-53.178271,267.319532,0.000000
1766,-53.228996,267.104802,0.000000
1767,-53.279412,266.890166,0.000000
1768,-53.329517,266.675625,0.000000
1769,-53.379314,266.461180,0.000000
1770,-53.428799,266.246830,0.000000
1771,-53.477976,266.032576,0.000000
1772,-53.526843,265.818419,0.000000
1773,-53.575402,265.604359,0.000000
1774,-53.623651,265.390396,0.000000
1775,-53.671593,265.176532,0.000000
1776,-53.719225,264.962765,0.000000
1777,-53.766550,264.749098,0.000000
1778,-53.813568,264.535529,0.000000
1779,-53.860280,264.322060,0.000000
1780,-53.906684,264.108691,0.000000
1781,-53.952785,263.895423,0.000000
1782,-53.998579,263.682256,0.000000
1783,-54.044070,263.469189,0.000000
1784,-54.089260,263.256225,0.000000
1785,-54.134146,263.043363,0.000000
1786,-54.178731,262.830603,0.000000
1787,-54.223014,262.617946,0.000000
1788,-54.266995,262.405393,0.000000
1789,-54.310678,262.192944,0.000000
1790,-54.354061,261.980598,0.000000
1791,-54.397146,261.768358,0.000000
1792,-54.439934,261.556222,0.000000
1793,-54.482424,261.344192,0.000000
1794,-54.524618,261.132268,0.000000
1795,-54.566518,260.920450,0.000000
1796,-54.608125,260.708739,0.000000
1797,-54.649439,260.497135,0.000000
1798,-54.690461,260.285638,0.000000
1799,-54.731193,260.074249,0.000000
1800,-54.771634,259.862969,0.000000
1801,-54.811786,259.651797,0.000000
1802,-54.851651,259.440734,0.000000
1803,-54.891229,259.229781,0.000000
1804,-54.930520,259.018937,0.000000
1805,-54.969527,258.808204,0.000000
1806,-55.008250,258.597581,0.000000
1807,-55.046690,258.387070,0.000000
1808,-55.084848,258.176669,0.000000
1809,-55.122725,257.966381,0.000000
1810,-55.160322,257.756204,0.000000
1811,-55.197641,257.546140,0.000000
1812,-55.234681,257.336189,0.000000
1813,-55.271446,257.126351,0.000000
1814,-55.307934,256.916627,0.000000
1815,-55.344148,256.707016,0.000000
1816,-55.380089,256.497520,0.000000
1817,-55.415758,256.288139,0.000000
1818,-55.451156,256.078873,0.000000
1819,-55.486283,255.869722,0.000000
1820,-55.521142,255.660686,0.000000
1821,-55.555733,255.451767,0.000000
1822,-55.590058,255.242965,0.000000
1823,-55.624117,255.034279,0.000000
1824,-55.657912,254.825710,0.000000
1825,-55.691443,254.617259,0.000000
1826,-55.724713,254.408925,0.000000
1827,-55.757721,254.200710,0.000000
1828,-55.790470,253.992613,0.000000
1829,-55.822960,253.784635,0.000000
1830,-55.855193,253.576777,0.000000
1831,-55.887169,253.369037,0.000000
1832,-55.918889,253.161418,0.000000
1833,-55.950356,252.953919,0.000000
1834,-55.981570,252.746540,0.000000
1835,-56.012531,252.539282,0.000000
1836,-56.043243,252.332145,0.000000
1837,-56.073705,252.125129,0.000000
1838,-56.103919,251.918236,0.000000
1839,-56.133886,251.711464,0.000000
1840,-56.163606,251.504815,0.000000
1841,-56.193081,251.298288,0.000000
1842,-56.222313,251.091884,0.000000
1843,-56.251301,250.885604,0.000000
1844,-56.280048,250.679447,0.000000
1845,-56.308554,250.473414,0.000000
1846,-56.336821,250.267505,0.000000
1847,-56.364849,250.061721,0.000000
1848,-56.392641,249.856062,0.000000
1849,-56.420196,249.650527,0.000000
1850,-56.447516,249.445118,0.000000
1851,-56.474602,249.239835,0.000000
1852,-56.501456,249.034677,0.000000
1853,-56.528078,248.829646,0.000000
1854,-56.554469,248.624741,0.000000
1855,-56.580631,248.419963,0.000000
1856,-56.606565,248.215312,0.000000
1857,-56.632272,248.010788,0.000000
1858,-56.657752,247.806392,0.000000
1859,-56.683008,247.602124,0.000000
1860,-56.708040,247.397984,0.000000
1861,-56.732849,247.193972,0.000000
1862,-56.757437,246.990089,0.000000
1863,-56.781803,246.786335,0.000000
1864,-56.805951,246.582710,0.000000
1865,-56.829879,246.379215,0.000000
1866,-56.853591,246.175849,0.000000
1867,-56.877085,245.972613,0.000000
1868,-56.900365,245.769507,0.000000
1869,-56.923430,245.566532,0.000000
1870,-56.946283,245.363688,0.000000
1871,-56.968923,245.160974,0.000000
1872,-56.991352,244.958392,0.000000
1873,-57.013571,244.755941,0.000000
1874,-57.035581,244.553622,0.000000
1875,-57.057383,244.351434,0.000000
1876,-57.078978,244.149379,0.000000
1877,-57.100367,243.947457,0.000000
1878,-57.121552,243.745666,0.000000
1879,-57.142532,243.544009,0.000000
1880,-57.163310,243.342485,0.000000
1881,-57.183887,243.141094,0.000000
1882,-57.204262,242.939837,0.000000
1883,-57.224438,242.738713,0.000000
1884,-57.244415,242.537723,0.000000
1885,-57.264194,242.336868,0.000000
1886,-57.283777,242.136147,0.000000
1887,-57.303164,241.935561,0.000000
1888,-57.322356,241.735109,0.000000
1889,-57.341354,241.534793,0.000000
1890,-57.360160,241.334611,0.000000
1891,-57.378774,241.134566,0.000000
1892,-57.397197,240.934656,0.000000
1893,-57.415430,240.734881,0.000000
1894,-57.433475,240.535243,0.000000
1895,-57.451332,240.335741,0.000000
1896,-57.469002,240.136376,0.000000
1897,-57.486486,239.937148,0.000000
1898,-57.503785,239.738056,0.000000
1899,-57.520900,239.539101,0.000000
1900,-57.537832,239.340284,0.000000
1901,-57.554582,239.141604,0.000000
1902,-57.571151,238.943061,0.000000
1903,-57.587539,238.744657,0.000000
1904,-57.603748,238.546391,0.000000
1905,-57.619779,238.348262,0.000000
1906,-57.635632,238.150273,0.000000
1907,-57.651309,237.952421,0.000000
1908,-57.666810,237.754709,0.000000
1909,-57.682137,237.557135,0.000000
1910,-57.697290,237.359701,0.000000
1911,-57.712270,237.162406,0.000000
1912,-57.727077,236.965250,0.000000
1913,-57.741714,236.768234,0.000000
1914,-57.756181,236.571357,0.000000
1915,-57.770478,236.374621,0.000000
1916,-57.784607,236.178025,0.000000
1917,-57.798569,235.981569,0.000000
1918,-57.812364,235.785253,0.000000
1919,-57.825993,235.589078,0.000000
1920,-57.839458,235.393044,0.000000
1921,-57.852758,235.197151,0.000000
1922,-57.865895,235.001398,0.000000
1923,-57.878870,234.805787,0.000000
1924,-57.891684,234.610318,0.000000
1925,-57.904337,234.414990,0.000000
1926,-57.916830,234.219803,0.000000
1927,-57.929164,234.024759,0.000000
1928,-57.941341,233.829856,0.000000
1929,-57.953360,233.635096,0.000000
1930,-57.965223,233.440478,0.000000
1931,-57.976930,233.246002,0.000000
1932,-57.988483,233.051669,0.000000
1933,-57.999882,232.857478,0.000000
1934,-58.011128,232.663431,0.000000
1935,-58.022221,232.469526,0.000000
1936,-58.033164,232.275764,0.000000
1937,-58.043956,232.082146,0.000000
1938,-58.054598,231.888671,0.000000
1939,-58.065090,231.695339,0.000000
1940,-58.075435,231.502151,0.000000
1941,-58.085633,231.309107,0.000000
1942,-58.095683,231.116207,0.000000
1943,-58.105588,230.923451,0.000000
1944,-58.115348,230.730839,0.000000
1945,-58.124964,230.538371,0.000000
1946,-58.134436,230.346047,0.000000
1947,-58.143766,230.153868,0.000000
1948,-58.152953,229.961834,0.000000
1949,-58.161999,229.769944,0.000000
1950,-58.170905,229.578199,0.000000
1951,-58.179671,229.386599,0.000000
1952,-58.188299,229.195144,0.000000
1953,-58.196788,229.003834,0.000000
1954,-58.205140,228.812670,0.000000
1955,-58.213355,228.621651,0.000000
1956,-58.221434,228.430777,0.000000
1957,-58.229378,228.240049,0.000000
1958,-58.237188,228.049467,0.000000
1959,-58.244864,227.859030,0.000000
1960,-58.252407,227.668739,0.000000
1961,-58.259818,227.478595,0.000000
1962,-58.267097,227.288596,0.000000
1963,-58.274245,227.098744,0.000000
1964,-58.281263,226.909038,0.000000
1965,-58.288152,226.719478,0.000000
1966,-58.294913,226.530065,0.000000
1967,-58.301545,226.340799,0.000000
1968,-58.308050,226.151679,0.000000
1969,-58.314428,225.962706,0.000000
1970,-58.320681,225.773879,0.000000
1971,-58.326808,225.585200,0.000000
1972,-58.332811,225.396668,0.000000
1973,-58.338690,225.208283,0.000000
1974,-58.344446,225.020045,0.000000
1975,-58.350079,224.831954,0.000000
1976,-58.355591,224.644010,0.000000
1977,-58.360981,224.456214,0.000000
1978,-58.366252,224.268566,0.000000
1979,-58.371402,224.081065,0.000000
1980,-58.376433,223.893712,0.000000
1981,-58.381346,223.706506,0.000000
1982,-58.386141,223.519449,0.000000
1983,-58.390819,223.332539,0.000000
1984,-58.395380,223.145777,0.000000
1985,-58.399826,222.959164,0.000000
1986,-58.404156,222.772698,0.000000
1987,-58.408372,222.586380,0.000000
1988,-58.412473,222.400211,0.000000
1989,-58.416462,222.214190,0.000000
1990,-58.420338,222.028318,0.000000
1991,-58.424102,221.842593,0.000000
1992,-58.427754,221.657018,0.000000
1993,-58.431296,221.471591,0.000000
1994,-58.434727,221.286312,0.000000
1995,-58.438049,221.101183,0.000000
1996,-58.441262,220.916201,0.000000
1997,-58.444367,220.731369,0.000000
1998,-58.447364,220.546686,0.000000
1999,-58.450253,220.362151,0.000000
