0,-58.000000,0.000000,0.000000
1,-57.691792,0.000000,0.000000
2,-57.387684,0.000822,0.000000
3,-57.087733,0.002454,0.000000
4,-56.791850,0.004885,0.000000
5,-56.499948,0.008104,0.000000
6,-56.211950,0.012098,0.000000
7,-55.927776,0.016859,0.000000
8,-55.646954,0.022373,0.000000
9,-55.369969,0.028633,0.000000
10,-55.096712,0.035627,0.000000
11,-54.827009,0.043346,0.000000
12,-54.560765,0.051778,0.000000
13,-54.297875,0.060915,0.000000
14,-54.038237,0.070747,0.000000
15,-53.781749,0.081264,0.000000
16,-53.527446,0.092459,0.000000
17,-53.276441,0.104324,0.000000
18,-53.028565,0.116850,0.000000
19,-52.783548,0.130030,0.000000
20,-52.541180,0.143853,0.000000
21,-52.301334,0.158314,0.000000
22,-52.063842,0.173405,0.000000
23,-51.828536,0.189119,0.000000
24,-51.592765,0.205451,0.000000
25,-51.359873,0.222400,0.000000
26,-51.129354,0.239958,0.000000
27,-50.900640,0.258120,0.000000
28,-50.673433,0.276880,0.000000
29,-50.447315,0.296232,0.000000
30,-50.222065,0.316175,0.000000
31,-49.997371,0.336706,0.000000
32,-49.772556,0.357822,0.000000
33,-49.547650,0.379523,0.000000
34,-49.322220,0.401810,0.000000
35,-49.095739,0.424682,0.000000
36,-48.867876,0.448144,0.000000
37,-48.637889,0.472198,0.000000
38,-48.405263,0.496848,0.000000
39,-48.168902,0.522103,0.000000
40,-47.927843,0.547971,0.000000
41,-47.680795,0.574465,0.000000
42,-47.427011,0.601600,0.000000
43,-47.165001,0.629393,0.000000
44,-46.892574,0.657867,0.000000
45,-46.607972,0.687048,0.000000
46,-46.306641,0.716969,0.000000
47,-45.984546,0.747673,0.000000
48,-45.634218,0.779216,0.000000
49,-45.250224,0.811672,0.000000
50,-44.820296,0.845130,0.000000
51,-44.325374,0.879713,0.000000
52,-43.731347,0.915592,0.000000
53,-42.977432,0.953031,0.000000
54,-41.944504,0.992456,0.000000
55,-40.280923,1.034609,0.000000
56,-36.616514,1.081170,0.000000
57,-14.136355,1.137472,0.000000
58,0.000000,1.253683,1.000000
59,-58.000000,121.407514,0.000000
60,-57.785183,121.326576,0.000000
61,-57.573108,121.246264,0.000000
62,-57.363895,121.166572,0.000000
63,-57.157474,121.087490,0.000000
64,-56.953787,121.009012,0.000000
65,-56.752791,120.931130,0.000000
66,-56.554427,120.853835,0.000000
67,-56.358660,120.777120,0.000000
68,-56.165439,120.700979,0.000000
69,-55.974717,120.625404,0.000000
70,-55.786019,120.550388,0.000000
71,-55.599852,120.475925,0.000000
72,-55.416173,120.402008,0.000000
73,-55.234872,120.328630,0.000000
74,-55.055912,120.255785,0.000000
75,-54.879219,120.183465,0.000000
76,-54.704721,120.111665,0.000000
77,-54.532368,120.040378,0.000000
78,-54.362125,119.969598,0.000000
79,-54.193940,119.899320,0.000000
80,-54.027749,119.829536,0.000000
81,-53.863509,119.760243,0.000000
82,-53.700203,119.691433,0.000000
83,-53.539108,119.623105,0.000000
84,-53.379963,119.555252,0.000000
85,-53.222733,119.487869,0.000000
86,-53.067333,119.420950,0.000000
87,-52.913649,119.354490,0.000000
88,-52.761595,119.288483,0.000000
89,-52.611114,119.222927,0.000000
90,-52.462141,119.157815,0.000000
91,-52.314636,119.093145,0.000000
92,-52.168491,119.028910,0.000000
93,-52.023676,118.965108,0.000000
94,-51.880099,118.901735,0.000000
95,-51.734969,118.838787,0.000000
96,-51.591819,118.776268,0.000000
97,-51.450135,118.714172,0.000000
98,-51.309925,118.652496,0.000000
99,-51.170831,118.591234,0.000000
100,-51.032940,118.530385,0.000000
101,-50.895853,118.469943,0.000000
102,-50.759579,118.409908,0.000000
103,-50.623947,118.350276,0.000000
104,-50.488927,118.291045,0.000000
105,-50.354348,118.232214,0.000000
106,-50.220101,118.173781,0.000000
107,-50.086067,118.115745,0.000000
108,-49.952096,118.058105,0.000000
109,-49.817836,118.000860,0.000000
110,-49.683478,117.944012,0.000000
111,-49.548807,117.887560,0.000000
112,-49.413768,117.831505,0.000000
113,-49.278144,117.775848,0.000000
114,-49.141734,117.720589,0.000000
115,-49.004477,117.665730,0.000000
116,-48.866135,117.611275,0.000000
117,-48.726271,117.557224,0.000000
118,-48.584724,117.503583,0.000000
119,-48.441080,117.450354,0.000000
120,-48.295171,117.397545,0.000000
121,-48.146774,117.345159,0.000000
122,-47.995118,117.293204,0.000000
123,-47.839477,117.241689,0.000000
124,-47.679948,117.190622,0.000000
125,-47.515849,117.140015,0.000000
126,-47.346667,117.089880,0.000000
127,-47.171070,117.040229,0.000000
128,-46.988332,116.991079,0.000000
129,-46.797402,116.942450,0.000000
130,-46.597229,116.894361,0.000000
131,-46.384923,116.846839,0.000000
132,-46.158617,116.799915,0.000000
133,-45.914062,116.753625,0.000000
134,-45.646725,116.708019,0.000000
135,-45.353004,116.663156,0.000000
136,-45.024084,116.619106,0.000000
137,-44.650087,116.575962,0.000000
138,-44.213105,116.533844,0.000000
139,-43.680433,116.492920,0.000000
140,-42.999833,116.453444,0.000000
141,-42.063808,116.415809,0.000000
142,-40.588199,116.380695,0.000000
143,-37.520782,116.349539,0.000000
144,-23.252468,116.326584,0.000000
145,0.000000,116.341693,1.000000
146,-58.000000,236.418798,0.000000
147,-57.873653,236.261186,0.000000
148,-57.748773,236.104016,0.000000
149,-57.625501,235.947283,0.000000
150,-57.503789,235.790984,0.000000
151,-57.383626,235.635113,0.000000
152,-57.264985,235.479667,0.000000
153,-57.147836,235.324640,0.000000
154,-57.032156,235.170030,0.000000
155,-56.917916,235.015831,0.000000
156,-56.805098,234.862039,0.000000
157,-56.693671,234.708651,0.000000
158,-56.583621,234.555662,0.000000
159,-56.474926,234.403069,0.000000
160,-56.367562,234.250867,0.000000
161,-56.261511,234.099053,0.000000
162,-56.156747,233.947623,0.000000
163,-56.053252,233.796573,0.000000
164,-55.951006,233.645900,0.000000
165,-55.849582,233.495600,0.000000
166,-55.749436,233.345671,0.000000
167,-55.650564,233.196109,0.000000
168,-55.552878,233.046910,0.000000
169,-55.456413,232.898071,0.000000
170,-55.361136,232.749589,0.000000
171,-55.267000,232.601460,0.000000
172,-55.173977,232.453680,0.000000
173,-55.082061,232.306247,0.000000
174,-54.991217,232.159157,0.000000
175,-54.901441,232.012408,0.000000
176,-54.812686,231.865996,0.000000
177,-54.724939,231.719918,0.000000
178,-54.638189,231.574172,0.000000
179,-54.552417,231.428754,0.000000
180,-54.467609,231.283662,0.000000
181,-54.383749,231.138893,0.000000
182,-54.300804,230.994444,0.000000
183,-54.218772,230.850312,0.000000
184,-54.137631,230.706495,0.000000
185,-54.057358,230.562990,0.000000
186,-53.977943,230.419795,0.000000
187,-53.898149,230.276908,0.000000
188,-53.819373,230.134328,0.000000
189,-53.741605,229.992054,0.000000
190,-53.664816,229.850082,0.000000
191,-53.588863,229.708409,0.000000
192,-53.513749,229.567033,0.000000
193,-53.439498,229.425952,0.000000
194,-53.366049,229.285162,0.000000
195,-53.293428,229.144663,0.000000
196,-53.221529,229.004451,0.000000
197,-53.150383,228.864524,0.000000
198,-53.079945,228.724880,0.000000
199,-53.010191,228.585517,0.000000
200,-52.941119,228.446433,0.000000
201,-52.872676,228.307626,0.000000
202,-52.804885,228.169093,0.000000
203,-52.737679,228.030834,0.000000
204,-52.671098,227.892847,0.000000
205,-52.605113,227.755129,0.000000
206,-52.539699,227.617678,0.000000
207,-52.474846,227.480494,0.000000
208,-52.410520,227.343574,0.000000
209,-52.346711,227.206917,0.000000
210,-52.283436,227.070521,0.000000
211,-52.220648,226.934385,0.000000
212,-52.158361,226.798507,0.000000
213,-52.096534,226.662886,0.000000
214,-52.035163,226.527520,0.000000
215,-51.974226,226.392408,0.000000
216,-51.910537,226.257549,0.000000
217,-51.847529,226.122949,0.000000
218,-51.785336,225.988607,0.000000
219,-51.723771,225.854521,0.000000
220,-51.663049,225.720688,0.000000
221,-51.602860,225.587106,0.000000
222,-51.543324,225.453773,0.000000
223,-51.484281,225.320689,0.000000
224,-51.425738,225.187850,0.000000
225,-51.367580,225.055256,0.000000
226,-51.310009,224.922906,0.000000
227,-51.252661,224.790798,0.000000
228,-51.195670,224.658930,0.000000
229,-51.139153,224.527302,0.000000
230,-51.082968,224.395913,0.000000
231,-51.027046,224.264761,0.000000
232,-50.971402,224.133846,0.000000
233,-50.915973,224.003167,0.000000
234,-50.860769,223.872722,0.000000
235,-50.805776,223.742512,0.000000
236,-50.750899,223.612535,0.000000
237,-50.696192,223.482791,0.000000
238,-50.641663,223.353279,0.000000
239,-50.587252,223.223999,0.000000
240,-50.533052,223.094950,0.000000
241,-50.478914,222.966132,0.000000
242,-50.424854,222.837545,0.000000
243,-50.370856,222.709187,0.000000
244,-50.316977,222.581058,0.000000
245,-50.263040,222.453159,0.000000
246,-50.209113,222.325489,0.000000
247,-50.155195,222.198048,0.000000
248,-50.101234,222.070835,0.000000
249,-50.047229,221.943851,0.000000
250,-49.993125,221.817096,0.000000
251,-49.938681,221.690570,0.000000
252,-49.884140,221.564273,0.000000
253,-49.829501,221.438206,0.000000
254,-49.774712,221.312369,0.000000
255,-49.719771,221.186761,0.000000
256,-49.664626,221.061384,0.000000
257,-49.609276,220.936238,0.000000
258,-49.553666,220.811322,0.000000
259,-49.497798,220.686638,0.000000
260,-49.441563,220.562186,0.000000
261,-49.385071,220.437967,0.000000
262,-49.328119,220.313982,0.000000
263,-49.270800,220.190231,0.000000
264,-49.213170,220.066716,0.000000
265,-49.154965,219.943436,0.000000
266,-49.096340,219.820394,0.000000
267,-49.037243,219.697590,0.000000
268,-48.977564,219.575026,0.000000
269,-48.917204,219.452702,0.000000
270,-48.856263,219.330621,0.000000
271,-48.794536,219.208784,0.000000
272,-48.732176,219.087193,0.000000
273,-48.668769,218.965849,0.000000
274,-48.604472,218.844755,0.000000
275,-48.539284,218.723914,0.000000
276,-48.473151,218.603326,0.000000
277,-48.405416,218.482996,0.000000
278,-48.336737,218.362926,0.000000
279,-48.266669,218.243120,0.000000
280,-48.195386,218.123580,0.000000
281,-48.122294,218.004310,0.000000
282,-48.047420,217.885314,0.000000
283,-47.970940,217.766598,0.000000
284,-47.892012,217.648164,0.000000
285,-47.811115,217.530020,0.000000
286,-47.727905,217.412171,0.000000
287,-47.642334,217.294621,0.000000
288,-47.554233,217.177379,0.000000
289,-47.463170,217.060449,0.000000
290,-47.368825,216.943841,0.000000
291,-47.270712,216.827561,0.000000
292,-47.169144,216.711621,0.000000
293,-47.063031,216.596029,0.000000
294,-46.952357,216.480797,0.000000
295,-46.836073,216.365937,0.000000
296,-46.714182,216.251463,0.000000
297,-46.585130,216.137391,0.000000
298,-46.447625,216.023740,0.000000
299,-46.301159,215.910530,0.000000
300,-46.144466,215.797787,0.000000
301,-45.974622,215.685536,0.000000
302,-45.788739,215.573814,0.000000
303,-45.585531,215.462661,0.000000
304,-45.360760,215.352125,0.000000
305,-45.108838,215.242261,0.000000
306,-44.822997,215.133143,0.000000
307,-44.493162,215.024860,0.000000
308,-44.099693,214.917528,0.000000
309,-43.613882,214.811317,0.000000
310,-42.988034,214.706473,0.000000
311,-42.124502,214.603367,0.000000
312,-40.763268,214.502633,0.000000
313,-38.041890,214.405596,0.000000
314,-27.136257,214.315880,0.000000
315,0.000000,214.255307,1.000000
316,-58.000000,334.267136,0.000000
317,-57.948921,334.044292,0.000000
318,-57.898218,333.821732,0.000000
319,-57.848043,333.599456,0.000000
320,-57.798391,333.377461,0.000000
321,-57.749252,333.155747,0.000000
322,-57.700629,332.934312,0.000000
323,-57.652508,332.713155,0.000000
324,-57.604860,332.492273,0.000000
325,-57.557710,332.271665,0.000000
326,-57.511028,332.051330,0.000000
327,-57.464816,331.831266,0.000000
328,-57.419073,331.611473,0.000000
329,-57.373775,331.391948,0.000000
330,-57.328934,331.172690,0.000000
331,-57.284529,330.953698,0.000000
332,-57.240556,330.734970,0.000000
333,-57.197017,330.516505,0.000000
334,-57.153898,330.298302,0.000000
335,-57.111195,330.080360,0.000000
336,-57.068897,329.862677,0.000000
337,-57.027005,329.645251,0.000000
338,-56.985512,329.428083,0.000000
339,-56.944412,329.211169,0.000000
340,-56.903694,328.994510,0.000000
341,-56.863359,328.778104,0.000000
342,-56.823399,328.561950,0.000000
343,-56.783809,328.346046,0.000000
344,-56.744582,328.130392,0.000000
345,-56.705717,327.914986,0.000000
346,-56.667202,327.699828,0.000000
347,-56.629039,327.484916,0.000000
348,-56.591218,327.270248,0.000000
349,-56.553743,327.055825,0.000000
350,-56.516601,326.841645,0.000000
351,-56.479788,326.627706,0.000000
352,-56.443302,326.414008,0.000000
353,-56.407135,326.200550,0.000000
354,-56.371284,325.987331,0.000000
355,-56.335751,325.774350,0.000000
356,-56.300524,325.561605,0.000000
357,-56.265600,325.349096,0.000000
358,-56.230974,325.136822,0.000000
359,-56.196645,324.924781,0.000000
360,-56.162605,324.712974,0.000000
361,-56.128853,324.501398,0.000000
362,-56.095382,324.290054,0.000000
363,-56.062192,324.078940,0.000000
364,-56.029276,323.868054,0.000000
365,-55.996631,323.657398,0.000000
366,-55.963807,323.446969,0.000000
367,-55.931273,323.236767,0.000000
368,-55.899034,323.026793,0.000000
369,-55.867057,322.817044,0.000000
370,-55.835381,322.607521,0.000000
371,-55.803982,322.398222,0.000000
372,-55.772844,322.189146,0.000000
373,-55.741963,321.980292,0.000000
374,-55.711383,321.771660,0.000000
375,-55.681038,321.563249,0.000000
376,-55.650938,321.355057,0.000000
377,-55.621062,321.147085,0.000000
378,-55.591451,320.939331,0.000000
379,-55.562077,320.731794,0.000000
380,-55.532945,320.524474,0.000000
381,-55.504031,320.317370,0.000000
382,-55.475341,320.110481,0.000000
383,-55.446894,319.903807,0.000000
384,-55.418660,319.697346,0.000000
385,-55.390633,319.491098,0.000000
386,-55.362825,319.285062,0.000000
387,-55.335235,319.079238,0.000000
388,-55.307852,318.873625,0.000000
389,-55.280653,318.668222,0.000000
390,-55.253666,318.463028,0.000000
391,-55.226857,318.258043,0.000000
392,-55.200261,318.053266,0.000000
393,-55.173854,317.848697,0.000000
394,-55.147628,317.644334,0.000000
395,-55.121580,317.440178,0.000000
396,-55.095716,317.236227,0.000000
397,-55.070026,317.032481,0.000000
398,-55.044515,316.828939,0.000000
399,-55.019175,316.625601,0.000000
400,-54.993997,316.422467,0.000000
401,-54.969005,316.219534,0.000000
402,-54.944158,316.016804,0.000000
403,-54.919473,315.814275,0.000000
404,-54.894951,315.611947,0.000000
405,-54.870582,315.409819,0.000000
406,-54.846369,315.207891,0.000000
407,-54.822307,315.006163,0.000000
408,-54.798398,314.804633,0.000000
409,-54.774628,314.603301,0.000000
410,-54.751011,314.402166,0.000000
411,-54.727528,314.201229,0.000000
412,-54.704194,314.000488,0.000000
413,-54.680993,313.799943,0.000000
414,-54.657937,313.599594,0.000000
415,-54.635010,313.399440,0.000000
416,-54.612219,313.199480,0.000000
417,-54.589561,312.999715,0.000000
418,-54.567041,312.800143,0.000000
419,-54.544644,312.600764,0.000000
420,-54.522377,312.401578,0.000000
421,-54.500230,312.202584,0.000000
422,-54.478203,312.003782,0.000000
423,-54.456296,311.805171,0.000000
424,-54.434511,311.606751,0.000000
425,-54.412843,311.408521,0.000000
426,-54.391282,311.210481,0.000000
427,-54.369840,311.012631,0.000000
428,-54.348519,310.814970,0.000000
429,-54.327301,310.617497,0.000000
430,-54.306191,310.420213,0.000000
431,-54.285191,310.223116,0.000000
432,-54.264291,310.026207,0.000000
433,-54.243495,309.829485,0.000000
434,-54.222811,309.632950,0.000000
435,-54.202223,309.436600,0.000000
436,-54.181732,309.240437,0.000000
437,-54.161341,309.044458,0.000000
438,-54.141045,308.848665,0.000000
439,-54.120840,308.653057,0.000000
440,-54.100734,308.457633,0.000000
441,-54.080719,308.262392,0.000000
442,-54.060793,308.067336,0.000000
443,-54.040956,307.872462,0.000000
444,-54.021206,307.677771,0.000000
445,-54.001543,307.483263,0.000000
446,-53.981966,307.288937,0.000000
447,-53.961267,307.094793,0.000000
448,-53.940706,306.900833,0.000000
449,-53.920286,306.707057,0.000000
450,-53.899989,306.513465,0.000000
451,-53.879800,306.320056,0.000000
452,-53.859769,306.126830,0.000000
453,-53.839869,305.933786,0.000000
454,-53.820100,305.740924,0.000000
455,-53.800484,305.548243,0.000000
456,-53.780947,305.355743,0.000000
457,-53.761497,305.163424,0.000000
458,-53.742198,304.971284,0.000000
459,-53.723040,304.779324,0.000000
460,-53.703982,304.587543,0.000000
461,-53.685022,304.395941,0.000000
462,-53.666136,304.204517,0.000000
463,-53.647367,304.013271,0.000000
464,-53.628661,303.822203,0.000000
465,-53.610025,303.631312,0.000000
466,-53.591545,303.440598,0.000000
467,-53.573125,303.250060,0.000000
468,-53.554840,303.059698,0.000000
469,-53.536582,302.869512,0.000000
470,-53.518418,302.679502,0.000000
471,-53.500307,302.489667,0.000000
472,-53.482267,302.300006,0.000000
473,-53.464362,302.110520,0.000000
474,-53.446572,301.921208,0.000000
475,-53.428812,301.732070,0.000000
476,-53.411117,301.543105,0.000000
477,-53.393471,301.354314,0.000000
478,-53.375928,301.165695,0.000000
479,-53.358434,300.977249,0.000000
480,-53.341028,300.788975,0.000000
481,-53.323709,300.600873,0.000000
482,-53.306436,300.412943,0.000000
483,-53.289185,300.225184,0.000000
484,-53.272000,300.037596,0.000000
485,-53.254896,299.850179,0.000000
486,-53.237817,299.662932,0.000000
487,-53.220841,299.475856,0.000000
488,-53.203910,299.288950,0.000000
489,-53.187017,299.102214,0.000000
490,-53.170228,298.915647,0.000000
491,-53.153463,298.729250,0.000000
492,-53.136741,298.543021,0.000000
493,-53.120061,298.356961,0.000000
494,-53.103425,298.171070,0.000000
495,-53.086845,297.985347,0.000000
496,-53.070308,297.799792,0.000000
497,-53.053812,297.614404,0.000000
498,-53.037358,297.429185,0.000000
499,-53.020926,297.244132,0.000000
500,-53.004534,297.059247,0.000000
501,-52.988184,296.874529,0.000000
502,-52.971906,296.689978,0.000000
503,-52.955634,296.505593,0.000000
504,-52.939423,296.321374,0.000000
505,-52.923206,296.137322,0.000000
506,-52.907030,295.953435,0.000000
507,-52.890879,295.769714,0.000000
508,-52.874767,295.586159,0.000000
509,-52.858710,295.402769,0.000000
510,-52.842697,295.219544,0.000000
511,-52.826704,295.036483,0.000000
512,-52.810745,294.853588,0.000000
513,-52.794785,294.670857,0.000000
514,-52.778888,294.488290,0.000000
515,-52.763010,294.305888,0.000000
516,-52.747146,294.123650,0.000000
517,-52.731323,293.941575,0.000000
518,-52.715518,293.759664,0.000000
519,-52.699731,293.577916,0.000000
520,-52.683962,293.396331,0.000000
521,-52.668232,293.214910,0.000000
522,-52.652520,293.033652,0.000000
523,-52.636826,292.852556,0.000000
524,-52.621149,292.671623,0.000000
525,-52.605511,292.490852,0.000000
526,-52.589890,292.310244,0.000000
527,-52.574302,292.129797,0.000000
528,-52.558731,291.949513,0.000000
529,-52.543178,291.769390,0.000000
530,-52.527642,291.589428,0.000000
531,-52.512124,291.409629,0.000000
532,-52.496623,291.229990,0.000000
533,-52.481145,291.050512,0.000000
534,-52.465664,290.871196,0.000000
535,-52.450215,290.692040,0.000000
536,-52.434764,290.513045,0.000000
537,-52.419335,290.334210,0.000000
538,-52.403903,290.155536,0.000000
539,-52.388504,289.977022,0.000000
540,-52.373103,289.798668,0.000000
541,-52.357744,289.620474,0.000000
542,-52.342382,289.442440,0.000000
543,-52.327033,289.264565,0.000000
544,-52.311681,289.086850,0.000000
545,-52.296352,288.909295,0.000000
546,-52.281020,288.731898,0.000000
547,-52.265701,288.554661,0.000000
548,-52.250379,288.377583,0.000000
549,-52.235055,288.200663,0.000000
550,-52.219770,288.023903,0.000000
551,-52.204482,287.847301,0.000000
552,-52.189192,287.670858,0.000000
553,-52.173900,287.494573,0.000000
554,-52.158626,287.318446,0.000000
555,-52.143351,287.142477,0.000000
556,-52.128073,286.966667,0.000000
557,-52.112794,286.791014,0.000000
558,-52.097534,286.615520,0.000000
559,-52.082273,286.440183,0.000000
560,-52.067010,286.265003,0.000000
561,-52.051746,286.089981,0.000000
562,-52.036481,285.915117,0.000000
563,-52.021215,285.740410,0.000000
564,-52.005948,285.565859,0.000000
565,-51.990681,285.391466,0.000000
566,-51.972088,285.217230,0.000000
567,-51.953649,285.043160,0.000000
568,-51.935347,284.869255,0.000000
569,-51.917262,284.695515,0.000000
570,-51.899098,284.521938,0.000000
571,-51.881016,284.348526,0.000000
572,-51.863153,284.175278,0.000000
573,-51.845441,284.002193,0.000000
574,-51.827771,283.829270,0.000000
575,-51.810387,283.656510,0.000000
576,-51.792911,283.483912,0.000000
577,-51.775465,283.311475,0.000000
578,-51.758048,283.139199,0.000000
579,-51.740849,282.967085,0.000000
580,-51.723952,282.795131,0.000000
581,-51.707030,282.623338,0.000000
582,-51.690192,282.451703,0.000000
583,-51.673384,282.280228,0.000000
584,-51.656539,282.108913,0.000000
585,-51.639724,281.937756,0.000000
586,-51.623049,281.766758,0.000000
587,-51.606431,281.595919,0.000000
588,-51.589980,281.425238,0.000000
589,-51.573411,281.254715,0.000000
590,-51.557035,281.084349,0.000000
591,-51.540569,280.914141,0.000000
592,-51.524187,280.744090,0.000000
593,-51.507635,280.574196,0.000000
594,-51.491263,280.404460,0.000000
595,-51.475092,280.234881,0.000000
596,-51.458899,280.065457,0.000000
597,-51.442791,279.896190,0.000000
598,-51.426608,279.727078,0.000000
599,-51.410403,279.558123,0.000000
600,-51.394176,279.389323,0.000000
601,-51.378075,279.220679,0.000000
602,-51.361953,279.052191,0.000000
603,-51.345918,278.883857,0.000000
604,-51.329862,278.715679,0.000000
605,-51.313826,278.547656,0.000000
606,-51.297768,278.379787,0.000000
607,-51.281688,278.212073,0.000000
608,-51.265588,278.044514,0.000000
609,-51.249522,277.877110,0.000000
610,-51.233631,277.709860,0.000000
611,-51.217720,277.542764,0.000000
612,-51.201775,277.375821,0.000000
613,-51.185809,277.209033,0.000000
614,-51.169878,277.042398,0.000000
615,-51.153872,276.875917,0.000000
616,-51.137847,276.709589,0.000000
617,-51.121801,276.543415,0.000000
618,-51.105736,276.377395,0.000000
619,-51.089693,276.211528,0.000000
620,-51.073629,276.045815,0.000000
621,-51.057546,275.880255,0.000000
622,-51.041444,275.714848,0.000000
623,-51.025268,275.549594,0.000000
624,-51.009074,275.384494,0.000000
625,-50.992860,275.219547,0.000000
626,-50.976715,275.054753,0.000000
627,-50.960457,274.890112,0.000000
628,-50.944235,274.725624,0.000000
629,-50.927874,274.561289,0.000000
630,-50.911495,274.397107,0.000000
631,-50.895056,274.233079,0.000000
632,-50.878600,274.069203,0.000000
633,-50.862112,273.905481,0.000000
634,-50.845605,273.741912,0.000000
635,-50.829040,273.578495,0.000000
636,-50.812404,273.415232,0.000000
637,-50.795738,273.252123,0.000000
638,-50.779122,273.089166,0.000000
639,-50.762435,272.926362,0.000000
640,-50.745663,272.763712,0.000000
641,-50.728881,272.601214,0.000000
642,-50.712027,272.438870,0.000000
643,-50.695103,272.276679,0.000000
644,-50.678108,272.114641,0.000000
645,-50.661098,271.952756,0.000000
646,-50.644016,271.791025,0.000000
647,-50.626864,271.629447,0.000000
648,-50.609642,271.468022,0.000000
649,-50.592404,271.306751,0.000000
650,-50.575191,271.145634,0.000000
651,-50.557908,270.984670,0.000000
652,-50.540555,270.823859,0.000000
653,-50.523132,270.663201,0.000000
654,-50.505640,270.502698,0.000000
655,-50.488079,270.342348,0.000000
656,-50.470462,270.182151,0.000000
657,-50.452722,270.022109,0.000000
658,-50.434953,269.862220,0.000000
659,-50.417129,269.702486,0.000000
660,-50.399182,269.542905,0.000000
661,-50.381206,269.383479,0.000000
662,-50.363109,269.224207,0.000000
663,-50.345010,269.065089,0.000000
664,-50.326789,268.906126,0.000000
665,-50.308487,268.747317,0.000000
666,-50.290129,268.588663,0.000000
667,-50.271649,268.430163,0.000000
668,-50.253089,268.271819,0.000000
669,-50.234406,268.113630,0.000000
670,-50.215710,267.955595,0.000000
671,-50.196893,267.797717,0.000000
672,-50.177954,267.639993,0.000000
673,-50.158948,267.482425,0.000000
674,-50.139820,267.325013,0.000000
675,-50.120572,267.167757,0.000000
676,-50.101256,267.010657,0.000000
677,-50.081820,266.853714,0.000000
678,-50.062263,266.696926,0.000000
679,-50.042586,266.540296,0.000000
680,-50.022787,266.383822,0.000000
681,-50.002869,266.227505,0.000000
682,-49.982830,266.071346,0.000000
683,-49.962426,265.915345,0.000000
684,-49.941904,265.759501,0.000000
685,-49.921260,265.603817,0.000000
686,-49.900497,265.448291,0.000000
687,-49.879615,265.292924,0.000000
688,-49.858613,265.137717,0.000000
689,-49.837437,264.982669,0.000000
690,-49.816143,264.827780,0.000000
691,-49.794730,264.673052,0.000000
692,-49.773143,264.518484,0.000000
693,-49.751436,264.364077,0.000000
694,-49.729613,264.209831,0.000000
695,-49.707562,264.055745,0.000000
696,-49.685351,263.901821,0.000000
697,-49.662954,263.748059,0.000000
698,-49.640439,263.594459,0.000000
699,-49.617765,263.441022,0.000000
700,-49.594852,263.287747,0.000000
701,-49.571822,263.134636,0.000000
702,-49.548579,262.981688,0.000000
703,-49.525151,262.828904,0.000000
704,-49.501511,262.676285,0.000000
705,-49.477753,262.523830,0.000000
706,-49.453648,262.371540,0.000000
707,-49.429372,262.219416,0.000000
708,-49.404869,262.067458,0.000000
709,-49.379993,261.915667,0.000000
710,-49.354946,261.764043,0.000000
711,-49.329621,261.612587,0.000000
712,-49.304126,261.461300,0.000000
713,-49.278351,261.310182,0.000000
714,-49.252352,261.159233,0.000000
715,-49.226183,261.008454,0.000000
716,-49.199526,260.857845,0.000000
717,-49.172577,260.707408,0.000000
718,-49.145459,260.557143,0.000000
719,-49.118075,260.407050,0.000000
720,-49.090294,260.257131,0.000000
721,-49.062193,260.107385,0.000000
722,-49.033693,259.957814,0.000000
723,-49.004984,259.808419,0.000000
724,-48.975983,259.659201,0.000000
725,-48.946455,259.510159,0.000000
726,-48.916544,259.361295,0.000000
727,-48.886301,259.212610,0.000000
728,-48.855579,259.064105,0.000000
729,-48.824417,258.915781,0.000000
730,-48.792870,258.767638,0.000000
731,-48.760941,258.619679,0.000000
732,-48.728478,258.471903,0.000000
733,-48.695368,258.324313,0.000000
734,-48.661833,258.176909,0.000000
735,-48.627657,258.029693,0.000000
736,-48.592989,257.882666,0.000000
737,-48.557383,257.735830,0.000000
738,-48.521422,257.589187,0.000000
739,-48.484779,257.442737,0.000000
740,-48.447449,257.296482,0.000000
741,-48.409277,257.150425,0.000000
742,-48.370437,257.004566,0.000000
743,-48.330661,256.858909,0.000000
744,-48.290151,256.713455,0.000000
745,-48.248921,256.568205,0.000000
746,-48.206535,256.423163,0.000000
747,-48.162972,256.278330,0.000000
748,-48.118540,256.133710,0.000000
749,-48.072996,255.989305,0.000000
750,-48.026354,255.845117,0.000000
751,-47.978505,255.701151,0.000000
752,-47.928937,255.557407,0.000000
753,-47.878076,255.413892,0.000000
754,-47.825898,255.270608,0.000000
755,-47.772217,255.127558,0.000000
756,-47.717003,254.984747,0.000000
757,-47.659960,254.842179,0.000000
758,-47.601272,254.699858,0.000000
759,-47.540632,254.557788,0.000000
760,-47.478002,254.415974,0.000000
761,-47.412892,254.274423,0.000000
762,-47.345532,254.133139,0.000000
763,-47.275325,253.992129,0.000000
764,-47.202457,253.851400,0.000000
765,-47.126109,253.710959,0.000000
766,-47.046955,253.570815,0.000000
767,-46.964048,253.430976,0.000000
768,-46.876910,253.291452,0.000000
769,-46.785570,253.152252,0.000000
770,-46.689595,253.013389,0.000000
771,-46.586951,252.874875,0.000000
772,-46.477899,252.736727,0.000000
773,-46.361937,252.598961,0.000000
774,-46.237818,252.461597,0.000000
775,-46.104354,252.324655,0.000000
776,-45.959083,252.188160,0.000000
777,-45.799906,252.052144,0.000000
778,-45.625755,251.916643,0.000000
779,-45.434195,251.781697,0.000000
780,-45.219882,251.647351,0.000000
781,-44.977474,251.513666,0.000000
782,-44.699980,251.380717,0.000000
783,-44.376202,251.248597,0.000000
784,-43.986264,251.117428,0.000000
785,-43.496554,250.987387,0.000000
786,-42.858836,250.858738,0.000000
787,-41.963143,250.731875,0.000000
788,-40.505588,250.607485,0.000000
789,-37.424720,250.487066,0.000000
790,-22.566590,250.374942,0.000000
791,0.000000,250.302514,1.000000
792,-58.000000,370.290313,0.000000
793,-57.976631,370.043452,0.000000
794,-57.953228,369.796819,0.000000
795,-57.929966,369.550413,0.000000
796,-57.906837,369.304233,0.000000
797,-57.883831,369.058279,0.000000
798,-57.860960,368.812550,0.000000
799,-57.838217,368.567046,0.000000
800,-57.815598,368.321766,0.000000
801,-57.793106,368.076710,0.000000
802,-57.770729,367.831877,0.000000
803,-57.748472,367.587267,0.000000
804,-57.726345,367.342880,0.000000
805,-57.704335,367.098715,0.000000
806,-57.682437,366.854771,0.000000
807,-57.660649,366.611048,0.000000
808,-57.638972,366.367546,0.000000
809,-57.617406,366.124264,0.000000
810,-57.595946,365.881201,0.000000
811,-57.574596,365.638358,0.000000
812,-57.553357,365.395734,0.000000
813,-57.532216,365.153328,0.000000
814,-57.511175,364.911140,0.000000
815,-57.490237,364.669169,0.000000
816,-57.469405,364.427416,0.000000
817,-57.448667,364.185879,0.000000
818,-57.428027,363.944559,0.000000
819,-57.407481,363.703455,0.000000
820,-57.387025,363.462566,0.000000
821,-57.366669,363.221892,0.000000
822,-57.346408,362.981433,0.000000
823,-57.326234,362.741189,0.000000
824,-57.306152,362.501158,0.000000
825,-57.286151,362.261341,0.000000
826,-57.266240,362.021737,0.000000
827,-57.246414,361.782346,0.000000
828,-57.226680,361.543168,0.000000
829,-57.207027,361.304201,0.000000
830,-57.187454,361.065447,0.000000
831,-57.167968,360.826903,0.000000
832,-57.148558,360.588571,0.000000
833,-57.129225,360.350449,0.000000
834,-57.109969,360.112538,0.000000
835,-57.090788,359.874836,0.000000
836,-57.071690,359.637344,0.000000
837,-57.052665,359.400062,0.000000
838,-57.033714,359.162988,0.000000
839,-57.014833,358.926123,0.000000
840,-56.996028,358.689466,0.000000
841,-56.977299,358.453017,0.000000
842,-56.958635,358.216776,0.000000
843,-56.940042,357.980742,0.000000
844,-56.921513,357.744915,0.000000
845,-56.903054,357.509294,0.000000
846,-56.884662,357.273880,0.000000
847,-56.866336,357.038672,0.000000
848,-56.848075,356.803669,0.000000
849,-56.829878,356.568872,0.000000
850,-56.811741,356.334280,0.000000
851,-56.793668,356.099892,0.000000
852,-56.775661,355.865709,0.000000
853,-56.757713,355.631731,0.000000
854,-56.739824,355.397956,0.000000
855,-56.721996,355.164384,0.000000
856,-56.704225,354.931016,0.000000
857,-56.686511,354.697851,0.000000
858,-56.668859,354.464889,0.000000
859,-56.651263,354.232129,0.000000
860,-56.633722,353.999571,0.000000
861,-56.616236,353.767214,0.000000
862,-56.598806,353.535060,0.000000
863,-56.581430,353.303106,0.000000
864,-56.564109,353.071354,0.000000
865,-56.546840,352.839802,0.000000
866,-56.529625,352.608451,0.000000
867,-56.512462,352.377300,0.000000
868,-56.495349,352.146348,0.000000
869,-56.478287,351.915597,0.000000
870,-56.461273,351.685044,0.000000
871,-56.444309,351.454691,0.000000
872,-56.427391,351.224537,0.000000
873,-56.410523,350.994581,0.000000
874,-56.393699,350.764823,0.000000
875,-56.376925,350.535263,0.000000
876,-56.360195,350.305902,0.000000
877,-56.343514,350.076737,0.000000
878,-56.326879,349.847770,0.000000
879,-56.310286,349.619000,0.000000
880,-56.293740,349.390427,0.000000
881,-56.277235,349.162050,0.000000
882,-56.260773,348.933869,0.000000
883,-56.244353,348.705885,0.000000
884,-56.227978,348.478096,0.000000
885,-56.211644,348.250503,0.000000
886,-56.195350,348.023105,0.000000
887,-56.179095,347.795902,0.000000
888,-56.162882,347.568894,0.000000
889,-56.146708,347.342081,0.000000
890,-56.130572,347.115461,0.000000
891,-56.114474,346.889036,0.000000
892,-56.098416,346.662805,0.000000
893,-56.082396,346.436768,0.000000
894,-56.066412,346.210924,0.000000
895,-56.050465,345.985273,0.000000
896,-56.034554,345.759815,0.000000
897,-56.018679,345.534549,0.000000
898,-56.002840,345.309477,0.000000
899,-55.987036,345.084596,0.000000
900,-55.970812,344.859908,0.000000
901,-55.954649,344.635413,0.000000
902,-55.938544,344.411110,0.000000
903,-55.922478,344.187000,0.000000
904,-55.906466,343.963082,0.000000
905,-55.890490,343.739356,0.000000
906,-55.874589,343.515822,0.000000
907,-55.858733,343.292480,0.000000
908,-55.842922,343.069328,0.000000
909,-55.827158,342.846368,0.000000
910,-55.811453,342.623598,0.000000
911,-55.795770,342.401018,0.000000
912,-55.780126,342.178629,0.000000
913,-55.764521,341.956430,0.000000
914,-55.748978,341.734420,0.000000
915,-55.733488,341.512600,0.000000
916,-55.718041,341.290969,0.000000
917,-55.702631,341.069527,0.000000
918,-55.687272,340.848274,0.000000
919,-55.671925,340.627209,0.000000
920,-55.656606,340.406333,0.000000
921,-55.641322,340.185644,0.000000
922,-55.626068,339.965144,0.000000
923,-55.610847,339.744831,0.000000
924,-55.595690,339.524705,0.000000
925,-55.580560,339.304767,0.000000
926,-55.565466,339.085016,0.000000
927,-55.550405,338.865452,0.000000
928,-55.535369,338.646074,0.000000
929,-55.520366,338.426882,0.000000
930,-55.505388,338.207877,0.000000
931,-55.490444,337.989057,0.000000
932,-55.475554,337.770423,0.000000
933,-55.460690,337.551975,0.000000
934,-55.445864,337.333712,0.000000
935,-55.431051,337.115634,0.000000
936,-55.416252,336.897741,0.000000
937,-55.401485,336.680033,0.000000
938,-55.386763,336.462509,0.000000
939,-55.372065,336.245169,0.000000
940,-55.357404,336.028014,0.000000
941,-55.342758,335.811042,0.000000
942,-55.328150,335.594254,0.000000
943,-55.313556,335.377650,0.000000
944,-55.298984,335.161228,0.000000
945,-55.284435,334.944990,0.000000
946,-55.269908,334.728935,0.000000
947,-55.255410,334.513063,0.000000
948,-55.240926,334.297373,0.000000
949,-55.226485,334.081866,0.000000
950,-55.212066,333.866541,0.000000
951,-55.197667,333.651398,0.000000
952,-55.183290,333.436437,0.000000
953,-55.168941,333.221657,0.000000
954,-55.154606,333.007059,0.000000
955,-55.140292,332.792642,0.000000
956,-55.125999,332.578406,0.000000
957,-55.111713,332.364352,0.000000
958,-55.097447,332.150478,0.000000
959,-55.083208,331.936784,0.000000
960,-55.068990,331.723271,0.000000
961,-55.054793,331.509938,0.000000
962,-55.040616,331.296786,0.000000
963,-55.026451,331.083813,0.000000
964,-55.012308,330.871020,0.000000
965,-54.998184,330.658407,0.000000
966,-54.984093,330.445973,0.000000
967,-54.970009,330.233718,0.000000
968,-54.955930,330.021642,0.000000
969,-54.941878,329.809746,0.000000
970,-54.927830,329.598027,0.000000
971,-54.913802,329.386488,0.000000
972,-54.899789,329.175127,0.000000
973,-54.885795,328.963944,0.000000
974,-54.871819,328.752940,0.000000
975,-54.857855,328.542113,0.000000
976,-54.843913,328.331464,0.000000
977,-54.829975,328.120993,0.000000
978,-54.816050,327.910699,0.000000
979,-54.802143,327.700582,0.000000
980,-54.788248,327.490643,0.000000
981,-54.774375,327.280881,0.000000
982,-54.760513,327.071295,0.000000
983,-54.746661,326.861887,0.000000
984,-54.732830,326.652654,0.000000
985,-54.719011,326.443598,0.000000
986,-54.705197,326.234719,0.000000
987,-54.691394,326.026015,0.000000
988,-54.677604,325.817488,0.000000
989,-54.663832,325.609136,0.000000
990,-54.650073,325.400960,0.000000
991,-54.636326,325.192959,0.000000
992,-54.622591,324.985133,0.000000
993,-54.608874,324.777483,0.000000
994,-54.595170,324.570008,0.000000
995,-54.581470,324.362708,0.000000
996,-54.567788,324.155582,0.000000
997,-54.554117,323.948631,0.000000
998,-54.540458,323.741854,0.000000
999,-54.526811,323.535252,0.000000
1000,-54.513176,323.328824,0.000000
1001,-54.499552,323.122570,0.000000
1002,-54.485942,322.916489,0.000000
1003,-54.472337,322.710583,0.000000
1004,-54.458736,322.504849,0.000000
1005,-54.445152,322.299290,0.000000
1006,-54.431573,322.093903,0.000000
1007,-54.418008,321.888690,0.000000
1008,-54.404447,321.683649,0.000000
1009,-54.390903,321.478782,0.000000
1010,-54.377364,321.274087,0.000000
1011,-54.363830,321.069565,0.000000
1012,-54.350317,320.865215,0.000000
1013,-54.336809,320.661037,0.000000
1014,-54.323310,320.457032,0.000000
1015,-54.309817,320.253199,0.000000
1016,-54.296337,320.049537,0.000000
1017,-54.282862,319.846047,0.000000
1018,-54.269392,319.642729,0.000000
1019,-54.255932,319.439582,0.000000
1020,-54.242477,319.236607,0.000000
1021,-54.229042,319.033803,0.000000
1022,-54.215611,318.831169,0.000000
1023,-54.202186,318.628707,0.000000
1024,-54.188765,318.426416,0.000000
1025,-54.175349,318.224295,0.000000
1026,-54.161946,318.022344,0.000000
1027,-54.148548,317.820564,0.000000
1028,-54.135156,317.618955,0.000000
1029,-54.121768,317.417515,0.000000
1030,-54.108393,317.216246,0.000000
1031,-54.095024,317.015146,0.000000
1032,-54.081659,316.814216,0.000000
1033,-54.068301,316.613455,0.000000
1034,-54.054947,316.412864,0.000000
1035,-54.041600,316.212443,0.000000
1036,-54.028258,316.012190,0.000000
1037,-54.014921,315.812107,0.000000
1038,-54.001591,315.612192,0.000000
1039,-53.988266,315.412447,0.000000
1040,-53.973716,315.212870,0.000000
1041,-53.959245,315.013465,0.000000
1042,-53.944848,314.814231,0.000000
1043,-53.930478,314.615169,0.000000
1044,-53.916156,314.416278,0.000000
1045,-53.901825,314.217557,0.000000
1046,-53.887547,314.019007,0.000000
1047,-53.873355,313.820628,0.000000
1048,-53.859205,313.622419,0.000000
1049,-53.845100,313.424379,0.000000
1050,-53.831007,313.226510,0.000000
1051,-53.816965,313.028809,0.000000
1052,-53.802982,312.831278,0.000000
1053,-53.789005,312.633916,0.000000
1054,-53.775064,312.436723,0.000000
1055,-53.761112,312.239699,0.000000
1056,-53.747260,312.042843,0.000000
1057,-53.733478,311.846155,0.000000
1058,-53.719744,311.649635,0.000000
1059,-53.705999,311.453283,0.000000
1060,-53.692303,311.257098,0.000000
1061,-53.678636,311.061080,0.000000
1062,-53.664973,310.865230,0.000000
1063,-53.651338,310.669547,0.000000
1064,-53.637657,310.474030,0.000000
1065,-53.624060,310.278681,0.000000
1066,-53.610501,310.083497,0.000000
1067,-53.596980,309.888481,0.000000
1068,-53.583467,309.693630,0.000000
1069,-53.569988,309.498945,0.000000
1070,-53.556537,309.304426,0.000000
1071,-53.543068,309.110072,0.000000
1072,-53.529648,308.915884,0.000000
1073,-53.516180,308.721861,0.000000
1074,-53.502736,308.528003,0.000000
1075,-53.489321,308.334311,0.000000
1076,-53.475995,308.140783,0.000000
1077,-53.462677,307.947420,0.000000
1078,-53.449392,307.754222,0.000000
1079,-53.436094,307.561187,0.000000
1080,-53.422780,307.368317,0.000000
1081,-53.409473,307.175611,0.000000
1082,-53.396174,306.983069,0.000000
1083,-53.382937,306.790690,0.000000
1084,-53.369694,306.598475,0.000000
1085,-53.356513,306.406424,0.000000
1086,-53.343300,306.214536,0.000000
1087,-53.330134,306.022811,0.000000
1088,-53.316951,305.831248,0.000000
1089,-53.303776,305.639849,0.000000
1090,-53.290589,305.448613,0.000000
1091,-53.277410,305.257539,0.000000
1092,-53.264259,305.066627,0.000000
1093,-53.251096,304.875878,0.000000
1094,-53.237917,304.685292,0.000000
1095,-53.224803,304.494867,0.000000
1096,-53.211697,304.304605,0.000000
1097,-53.198595,304.114504,0.000000
1098,-53.185501,303.924565,0.000000
1099,-53.172435,303.734787,0.000000
1100,-53.159337,303.545171,0.000000
1101,-53.146228,303.355716,0.000000
1102,-53.133127,303.166422,0.000000
1103,-53.120036,302.977290,0.000000
1104,-53.106953,302.788318,0.000000
1105,-53.093895,302.599508,0.000000
1106,-53.080805,302.410858,0.000000
1107,-53.067725,302.222368,0.000000
1108,-53.054654,302.034040,0.000000
1109,-53.041592,301.845871,0.000000
1110,-53.028520,301.657863,0.000000
1111,-53.015457,301.470015,0.000000
1112,-53.002405,301.282327,0.000000
1113,-52.989321,301.094800,0.000000
1114,-52.976280,300.907432,0.000000
1115,-52.963214,300.720223,0.000000
1116,-52.950178,300.533175,0.000000
1117,-52.937108,300.346286,0.000000
1118,-52.924048,300.159556,0.000000
1119,-52.910958,299.972986,0.000000
1120,-52.897865,299.786574,0.000000
1121,-52.884782,299.600323,0.000000
1122,-52.871706,299.414230,0.000000
1123,-52.858620,299.228296,0.000000
1124,-52.845551,299.042521,0.000000
1125,-52.832453,298.856904,0.000000
1126,-52.819348,298.671447,0.000000
1127,-52.806249,298.486147,0.000000
1128,-52.793122,298.301007,0.000000
1129,-52.780032,298.116025,0.000000
1130,-52.766935,297.931201,0.000000
1131,-52.753810,297.746535,0.000000
1132,-52.740672,297.562027,0.000000
1133,-52.727550,297.377677,0.000000
1134,-52.714421,297.193485,0.000000
1135,-52.701285,297.009451,0.000000
1136,-52.688143,296.825575,0.000000
1137,-52.674974,296.641856,0.000000
1138,-52.661818,296.458295,0.000000
1139,-52.648657,296.274892,0.000000
1140,-52.635490,296.091645,0.000000
1141,-52.622316,295.908557,0.000000
1142,-52.609158,295.725625,0.000000
1143,-52.595993,295.542850,0.000000
1144,-52.582803,295.360232,0.000000
1145,-52.569623,295.177771,0.000000
1146,-52.556438,294.995467,0.000000
1147,-52.543248,294.813320,0.000000
1148,-52.530053,294.631329,0.000000
1149,-52.516853,294.449495,0.000000
1150,-52.503629,294.267817,0.000000
1151,-52.490401,294.086296,0.000000
1152,-52.477174,293.904930,0.000000
1153,-52.463924,293.723721,0.000000
1154,-52.450684,293.542669,0.000000
1155,-52.437422,293.361772,0.000000
1156,-52.424161,293.181031,0.000000
1157,-52.410877,293.000446,0.000000
1158,-52.397570,292.820017,0.000000
1159,-52.384277,292.639743,0.000000
1160,-52.370960,292.459625,0.000000
1161,-52.357666,292.279663,0.000000
1162,-52.344351,292.099856,0.000000
1163,-52.331013,291.920205,0.000000
1164,-52.317669,291.740709,0.000000
1165,-52.304304,291.561368,0.000000
1166,-52.290943,291.382182,0.000000
1167,-52.277561,291.203152,0.000000
1168,-52.264173,291.024276,0.000000
1169,-52.250765,290.845556,0.000000
1170,-52.237336,290.666990,0.000000
1171,-52.223927,290.488579,0.000000
1172,-52.210499,290.310323,0.000000
1173,-52.197051,290.132222,0.000000
1174,-52.183584,289.954275,0.000000
1175,-52.170118,289.776483,0.000000
1176,-52.156632,289.598845,0.000000
1177,-52.143128,289.421361,0.000000
1178,-52.129606,289.244032,0.000000
1179,-52.116066,289.066857,0.000000
1180,-52.102528,288.889837,0.000000
1181,-52.088972,288.712970,0.000000
1182,-52.075399,288.536258,0.000000
1183,-52.061808,288.359699,0.000000
1184,-52.048201,288.183295,0.000000
1185,-52.034577,288.007044,0.000000
1186,-52.020937,287.830947,0.000000
1187,-52.007281,287.655004,0.000000
1188,-51.993609,287.479215,0.000000
1189,-51.976601,287.303579,0.000000
1190,-51.959600,287.128106,0.000000
1191,-51.942902,286.952795,0.000000
1192,-51.926217,286.777646,0.000000
1193,-51.909642,286.602657,0.000000
1194,-51.893052,286.427830,0.000000
1195,-51.876545,286.253163,0.000000
1196,-51.860147,286.078657,0.000000
1197,-51.843898,285.904311,0.000000
1198,-51.827691,285.730125,0.000000
1199,-51.811770,285.556098,0.000000
1200,-51.795756,285.382229,0.000000
1201,-51.779769,285.208519,0.000000
1202,-51.763812,285.034967,0.000000
1203,-51.748072,284.861574,0.000000
1204,-51.732470,284.688338,0.000000
1205,-51.716951,284.515259,0.000000
1206,-51.701461,284.342337,0.000000
1207,-51.686108,284.169572,0.000000
1208,-51.670609,283.996963,0.000000
1209,-51.655193,283.824510,0.000000
1210,-51.639659,283.652213,0.000000
1211,-51.624302,283.480073,0.000000
1212,-51.609003,283.308088,0.000000
1213,-51.593869,283.136259,0.000000
1214,-51.578602,282.964584,0.000000
1215,-51.563378,282.793065,0.000000
1216,-51.548186,282.621701,0.000000
1217,-51.532956,282.450491,0.000000
1218,-51.517756,282.279436,0.000000
1219,-51.502534,282.108536,0.000000
1220,-51.487342,281.937790,0.000000
1221,-51.472351,281.767199,0.000000
1222,-51.457337,281.596761,0.000000
1223,-51.442408,281.426477,0.000000
1224,-51.427401,281.256347,0.000000
1225,-51.412373,281.086370,0.000000
1226,-51.397321,280.916546,0.000000
1227,-51.382396,280.746875,0.000000
1228,-51.367448,280.577358,0.000000
1229,-51.352586,280.407993,0.000000
1230,-51.337595,280.238781,0.000000
1231,-51.322689,280.069722,0.000000
1232,-51.307761,279.900815,0.000000
1233,-51.292744,279.732060,0.000000
1234,-51.277759,279.563458,0.000000
1235,-51.262807,279.395009,0.000000
1236,-51.247779,279.226711,0.000000
1237,-51.232927,279.058566,0.000000
1238,-51.218053,278.890573,0.000000
1239,-51.203144,278.722731,0.000000
1240,-51.188107,278.555041,0.000000
1241,-51.173048,278.387503,0.000000
1242,-51.158022,278.220116,0.000000
1243,-51.142922,278.052882,0.000000
1244,-51.127801,277.885799,0.000000
1245,-51.112660,277.718867,0.000000
1246,-51.097499,277.552088,0.000000
1247,-51.082358,277.385460,0.000000
1248,-51.067198,277.218983,0.000000
1249,-51.052018,277.052658,0.000000
1250,-51.036818,276.886485,0.000000
1251,-51.021544,276.720462,0.000000
1252,-51.006251,276.554591,0.000000
1253,-50.990938,276.388871,0.000000
1254,-50.975693,276.223303,0.000000
1255,-50.960335,276.057886,0.000000
1256,-50.945012,275.892620,0.000000
1257,-50.929548,275.727505,0.000000
1258,-50.914066,275.562541,0.000000
1259,-50.898523,275.397729,0.000000
1260,-50.882962,275.233068,0.000000
1261,-50.867368,275.068558,0.000000
1262,-50.851702,274.904199,0.000000
1263,-50.836031,274.739992,0.000000
1264,-50.820289,274.575936,0.000000
1265,-50.804515,274.412031,0.000000
1266,-50.788670,274.248278,0.000000
1267,-50.772821,274.084676,0.000000
1268,-50.756899,273.921225,0.000000
1269,-50.740893,273.757926,0.000000
1270,-50.724876,273.594779,0.000000
1271,-50.708787,273.431783,0.000000
1272,-50.692628,273.268938,0.000000
1273,-50.676397,273.106245,0.000000
1274,-50.660149,272.943704,0.000000
1275,-50.643829,272.781315,0.000000
1276,-50.627439,272.619077,0.000000
1277,-50.610978,272.456991,0.000000
1278,-50.594500,272.295057,0.000000
1279,-50.577953,272.133275,0.000000
1280,-50.561429,271.971645,0.000000
1281,-50.544836,271.810167,0.000000
1282,-50.528173,271.648841,0.000000
1283,-50.511439,271.487667,0.000000
1284,-50.494635,271.326645,0.000000
1285,-50.477775,271.165775,0.000000
1286,-50.460791,271.005057,0.000000
1287,-50.443779,270.844491,0.000000
1288,-50.426643,270.684078,0.000000
1289,-50.409451,270.523818,0.000000
1290,-50.392136,270.363710,0.000000
1291,-50.374791,270.203756,0.000000
1292,-50.357447,270.043954,0.000000
1293,-50.339979,269.884305,0.000000
1294,-50.322429,269.724809,0.000000
1295,-50.304756,269.565466,0.000000
1296,-50.287027,269.406276,0.000000
1297,-50.269177,269.247240,0.000000
1298,-50.251245,269.088357,0.000000
1299,-50.233190,268.929629,0.000000
1300,-50.215122,268.771054,0.000000
1301,-50.196932,268.612633,0.000000
1302,-50.178620,268.454366,0.000000
1303,-50.160240,268.296254,0.000000
1304,-50.141739,268.138295,0.000000
1305,-50.123116,267.980492,0.000000
1306,-50.104426,267.822843,0.000000
1307,-50.085615,267.665350,0.000000
1308,-50.066682,267.508011,0.000000
1309,-50.047629,267.350828,0.000000
1310,-50.028454,267.193801,0.000000
1311,-50.009159,267.036929,0.000000
1312,-49.989742,266.880214,0.000000
1313,-49.969961,266.723654,0.000000
1314,-49.950060,266.567252,0.000000
1315,-49.930037,266.411007,0.000000
1316,-49.909896,266.254920,0.000000
1317,-49.889635,266.098990,0.000000
1318,-49.869253,265.943219,0.000000
1319,-49.848698,265.787605,0.000000
1320,-49.828022,265.632150,0.000000
1321,-49.807226,265.476854,0.000000
1322,-49.786258,265.321717,0.000000
1323,-49.765170,265.166739,0.000000
1324,-49.743962,265.011921,0.000000
1325,-49.722528,264.857263,0.000000
1326,-49.700976,264.702765,0.000000
1327,-49.679262,264.548427,0.000000
1328,-49.657362,264.394250,0.000000
1329,-49.635346,264.240234,0.000000
1330,-49.613170,264.086380,0.000000
1331,-49.590754,263.932687,0.000000
1332,-49.568123,263.779157,0.000000
1333,-49.545374,263.625789,0.000000
1334,-49.522441,263.472585,0.000000
1335,-49.499294,263.319543,0.000000
1336,-49.475854,263.166665,0.000000
1337,-49.452242,263.013952,0.000000
1338,-49.428405,262.861403,0.000000
1339,-49.404396,262.709020,0.000000
1340,-49.380013,262.556803,0.000000
1341,-49.355459,262.404751,0.000000
1342,-49.330628,262.252867,0.000000
1343,-49.305625,262.101150,0.000000
1344,-49.280343,261.949601,0.000000
1345,-49.254835,261.798221,0.000000
1346,-49.229158,261.647009,0.000000
1347,-49.202992,261.495967,0.000000
1348,-49.176534,261.345095,0.000000
1349,-49.149906,261.194394,0.000000
1350,-49.123013,261.043865,0.000000
1351,-49.095720,260.893508,0.000000
1352,-49.068218,260.743323,0.000000
1353,-49.040315,260.593313,0.000000
1354,-49.012095,260.443476,0.000000
1355,-48.983583,260.293815,0.000000
1356,-48.954543,260.144330,0.000000
1357,-48.925281,259.995022,0.000000
1358,-48.895635,259.845891,0.000000
1359,-48.865656,259.696939,0.000000
1360,-48.835088,259.548166,0.000000
1361,-48.804190,259.399574,0.000000
1362,-48.772854,259.251163,0.000000
1363,-48.740985,259.102934,0.000000
1364,-48.708482,258.954890,0.000000
1365,-48.675540,258.807031,0.000000
1366,-48.641957,258.659358,0.000000
1367,-48.607936,258.511873,0.000000
1368,-48.573261,258.364578,0.000000
1369,-48.537918,258.217473,0.000000
1370,-48.502124,258.070560,0.000000
1371,-48.465649,257.923841,0.000000
1372,-48.428120,257.777317,0.000000
1373,-48.390086,257.630990,0.000000
1374,-48.351413,257.484863,0.000000
1375,-48.311478,257.338936,0.000000
1376,-48.270890,257.193213,0.000000
1377,-48.229622,257.047695,0.000000
1378,-48.187107,256.902384,0.000000
1379,-48.143614,256.757284,0.000000
1380,-48.099145,256.612396,0.000000
1381,-48.053401,256.467723,0.000000
1382,-48.006599,256.323269,0.000000
1383,-47.958553,256.179036,0.000000
1384,-47.908874,256.035027,0.000000
1385,-47.857907,255.891247,0.000000
1386,-47.805465,255.747699,0.000000
1387,-47.751523,255.604386,0.000000
1388,-47.696186,255.461312,0.000000
1389,-47.639019,255.318481,0.000000
1390,-47.580085,255.175899,0.000000
1391,-47.519054,255.033568,0.000000
1392,-47.456021,254.891495,0.000000
1393,-47.390606,254.749684,0.000000
1394,-47.322383,254.608143,0.000000
1395,-47.251697,254.466878,0.000000
1396,-47.178486,254.325896,0.000000
1397,-47.101786,254.185202,0.000000
1398,-47.021722,254.044808,0.000000
1399,-46.937876,253.904720,0.000000
1400,-46.850039,253.764949,0.000000
1401,-46.757538,253.625506,0.000000
1402,-46.660124,253.486402,0.000000
1403,-46.556554,253.347651,0.000000
1404,-46.446480,253.209268,0.000000
1405,-46.328590,253.071272,0.000000
1406,-46.202350,252.933681,0.000000
1407,-46.065574,252.796519,0.000000
1408,-45.917611,252.659814,0.000000
1409,-45.755139,252.523594,0.000000
1410,-45.577380,252.387898,0.000000
1411,-45.380294,252.252766,0.000000
1412,-45.159277,252.118250,0.000000
1413,-44.909472,251.984413,0.000000
1414,-44.622727,251.851332,0.000000
1415,-44.283384,251.719104,0.000000
1416,-43.873307,251.587869,0.000000
1417,-43.352991,251.457815,0.000000
1418,-42.663873,251.329235,0.000000
1419,-41.670200,251.202579,0.000000
1420,-39.977834,251.078656,0.000000
1421,-35.889489,250.959330,0.000000
1422,-3.531843,250.850985,0.000000
1423,0.000000,250.828999,1.000000
1424,-58.000000,370.816447,0.000000
1425,-57.977036,370.569236,0.000000
1426,-57.954032,370.322251,0.000000
1427,-57.931163,370.075492,0.000000
1428,-57.908423,369.828959,0.000000
1429,-57.885800,369.582651,0.000000
1430,-57.863306,369.336567,0.000000
1431,-57.840933,369.090707,0.000000
1432,-57.818681,368.845071,0.000000
1433,-57.796551,368.599658,0.000000
1434,-57.774531,368.354468,0.000000
1435,-57.752621,368.109499,0.000000
1436,-57.730829,367.864753,0.000000
1437,-57.709159,367.620228,0.000000
1438,-57.687598,367.375923,0.000000
1439,-57.666142,367.131839,0.000000
1440,-57.644793,366.887975,0.000000
1441,-57.623543,366.644330,0.000000
1442,-57.602403,366.400905,0.000000
1443,-57.581368,366.157698,0.000000
1444,-57.560431,365.914709,0.000000
1445,-57.539593,365.671938,0.000000
1446,-57.518854,365.429385,0.000000
1447,-57.498206,365.187049,0.000000
1448,-57.477663,364.944929,0.000000
1449,-57.457208,364.703025,0.000000
1450,-57.436853,364.461337,0.000000
1451,-57.416583,364.219865,0.000000
1452,-57.396402,363.978608,0.000000
1453,-57.376316,363.737565,0.000000
1454,-57.356314,363.496737,0.000000
1455,-57.336401,363.256122,0.000000
1456,-57.316576,363.015721,0.000000
1457,-57.296834,362.775533,0.000000
1458,-57.277175,362.535558,0.000000
1459,-57.257598,362.295795,0.000000
1460,-57.238099,362.056245,0.000000
1461,-57.218685,361.816906,0.000000
1462,-57.199353,361.577778,0.000000
1463,-57.180097,361.338861,0.000000
1464,-57.160918,361.100155,0.000000
1465,-57.141810,360.861660,0.000000
1466,-57.122776,360.623374,0.000000
1467,-57.103820,360.385298,0.000000
1468,-57.084938,360.147431,0.000000
1469,-57.066126,359.909773,0.000000
1470,-57.047385,359.672323,0.000000
1471,-57.028712,359.435082,0.000000
1472,-57.010111,359.198049,0.000000
1473,-56.991578,358.961224,0.000000
1474,-56.973116,358.724605,0.000000
1475,-56.954716,358.488194,0.000000
1476,-56.936384,358.251990,0.000000
1477,-56.918116,358.015991,0.000000
1478,-56.899911,357.780199,0.000000
1479,-56.881769,357.544613,0.000000
1480,-56.863689,357.309232,0.000000
1481,-56.845671,357.074056,0.000000
1482,-56.827713,356.839085,0.000000
1483,-56.809818,356.604318,0.000000
1484,-56.791978,356.369756,0.000000
1485,-56.774200,356.135398,0.000000
1486,-56.756479,355.901243,0.000000
1487,-56.738814,355.667292,0.000000
1488,-56.721206,355.433543,0.000000
1489,-56.703653,355.199998,0.000000
1490,-56.686153,354.966655,0.000000
1491,-56.668713,354.733514,0.000000
1492,-56.651325,354.500576,0.000000
1493,-56.633990,354.267838,0.000000
1494,-56.616707,354.035303,0.000000
1495,-56.599477,353.802968,0.000000
1496,-56.582298,353.570834,0.000000
1497,-56.565171,353.338901,0.000000
1498,-56.548094,353.107168,0.000000
1499,-56.531066,352.875635,0.000000
1500,-56.514089,352.644302,0.000000
1501,-56.497160,352.413168,0.000000
1502,-56.480280,352.182234,0.000000
1503,-56.463444,351.951499,0.000000
1504,-56.446657,351.720962,0.000000
1505,-56.429913,351.490624,0.000000
1506,-56.413216,351.260484,0.000000
1507,-56.396562,351.030541,0.000000
1508,-56.379954,350.800797,0.000000
1509,-56.363388,350.571250,0.000000
1510,-56.346870,350.341900,0.000000
1511,-56.330393,350.112748,0.000000
1512,-56.313958,349.883791,0.000000
1513,-56.297563,349.655032,0.000000
1514,-56.281211,349.426468,0.000000
1515,-56.264901,349.198101,0.000000
1516,-56.248629,348.969929,0.000000
1517,-56.232402,348.741953,0.000000
1518,-56.216212,348.514172,0.000000
1519,-56.200061,348.286586,0.000000
1520,-56.183947,348.059195,0.000000
1521,-56.167872,347.831999,0.000000
1522,-56.151835,347.604997,0.000000
1523,-56.135834,347.378188,0.000000
1524,-56.119868,347.151574,0.000000
1525,-56.103942,346.925154,0.000000
1526,-56.088050,346.698927,0.000000
1527,-56.072194,346.472893,0.000000
1528,-56.056372,346.247052,0.000000
1529,-56.040585,346.021403,0.000000
1530,-56.024832,345.795948,0.000000
1531,-56.009113,345.570684,0.000000
1532,-55.993427,345.345613,0.000000
1533,-55.977325,345.120734,0.000000
1534,-55.961262,344.896047,0.000000
1535,-55.945258,344.671553,0.000000
1536,-55.929313,344.447251,0.000000
1537,-55.913419,344.223142,0.000000
1538,-55.897559,343.999224,0.000000
1539,-55.881747,343.775498,0.000000
1540,-55.865984,343.551963,0.000000
1541,-55.850271,343.328619,0.000000
1542,-55.834604,343.105466,0.000000
1543,-55.818982,342.882504,0.000000
1544,-55.803408,342.659732,0.000000
1545,-55.787863,342.437149,0.000000
1546,-55.772356,342.214757,0.000000
1547,-55.756885,341.992555,0.000000
1548,-55.741468,341.770541,0.000000
1549,-55.726117,341.548717,0.000000
1550,-55.710794,341.327082,0.000000
1551,-55.695513,341.105635,0.000000
1552,-55.680267,340.884377,0.000000
1553,-55.665038,340.663307,0.000000
1554,-55.649851,340.442424,0.000000
1555,-55.634671,340.221730,0.000000
1556,-55.619544,340.001223,0.000000
1557,-55.604455,339.780904,0.000000
1558,-55.589417,339.560771,0.000000
1559,-55.574392,339.340826,0.000000
1560,-55.559421,339.121067,0.000000
1561,-55.544466,338.901495,0.000000
1562,-55.529550,338.682108,0.000000
1563,-55.514639,338.462908,0.000000
1564,-55.499780,338.243894,0.000000
1565,-55.484962,338.025066,0.000000
1566,-55.470166,337.806422,0.000000
1567,-55.455394,337.587965,0.000000
1568,-55.440660,337.369692,0.000000
1569,-55.425942,337.151603,0.000000
1570,-55.411246,336.933700,0.000000
1571,-55.396574,336.715981,0.000000
1572,-55.381945,336.498446,0.000000
1573,-55.367338,336.281096,0.000000
1574,-55.352768,336.063929,0.000000
1575,-55.338205,335.846946,0.000000
1576,-55.323679,335.630146,0.000000
1577,-55.309175,335.413529,0.000000
1578,-55.294678,335.197096,0.000000
1579,-55.280215,334.980846,0.000000
1580,-55.265782,334.764778,0.000000
1581,-55.251360,334.548893,0.000000
1582,-55.236952,334.333190,0.000000
1583,-55.222586,334.117669,0.000000
1584,-55.208242,333.902331,0.000000
1585,-55.193916,333.687174,0.000000
1586,-55.179611,333.472199,0.000000
1587,-55.165334,333.257405,0.000000
1588,-55.151069,333.042793,0.000000
1589,-55.136825,332.828362,0.000000
1590,-55.122601,332.614111,0.000000
1591,-55.108398,332.400042,0.000000
1592,-55.094220,332.186153,0.000000
1593,-55.080047,331.972444,0.000000
1594,-55.065894,331.758916,0.000000
1595,-55.051761,331.545568,0.000000
1596,-55.037647,331.332399,0.000000
1597,-55.023546,331.119411,0.000000
1598,-55.009465,330.906602,0.000000
1599,-54.995403,330.693972,0.000000
1600,-54.981372,330.481522,0.000000
1601,-54.967348,330.269251,0.000000
1602,-54.953350,330.057159,0.000000
1603,-54.939357,329.845245,0.000000
1604,-54.925366,329.633510,0.000000
1605,-54.911395,329.421954,0.000000
1606,-54.897437,329.210575,0.000000
1607,-54.883499,328.999375,0.000000
1608,-54.869578,328.788353,0.000000
1609,-54.855668,328.577509,0.000000
1610,-54.841779,328.366842,0.000000
1611,-54.827902,328.156353,0.000000
1612,-54.814042,327.946041,0.000000
1613,-54.800186,327.735906,0.000000
1614,-54.786341,327.525949,0.000000
1615,-54.772518,327.316168,0.000000
1616,-54.758705,327.106564,0.000000
1617,-54.744903,326.897136,0.000000
1618,-54.731120,326.687885,0.000000
1619,-54.717348,326.478811,0.000000
1620,-54.703588,326.269912,0.000000
1621,-54.689832,326.061189,0.000000
1622,-54.676087,325.852642,0.000000
1623,-54.662361,325.644271,0.000000
1624,-54.648647,325.436075,0.000000
1625,-54.634944,325.228055,0.000000
1626,-54.621252,325.020210,0.000000
1627,-54.607579,324.812540,0.000000
1628,-54.593917,324.605045,0.000000
1629,-54.580259,324.397724,0.000000
1630,-54.566618,324.190579,0.000000
1631,-54.552988,323.983607,0.000000
1632,-54.539370,323.776810,0.000000
1633,-54.525762,323.570188,0.000000
1634,-54.512166,323.363739,0.000000
1635,-54.498582,323.157464,0.000000
1636,-54.485010,322.951363,0.000000
1637,-54.471443,322.745436,0.000000
1638,-54.457879,322.539682,0.000000
1639,-54.444333,322.334101,0.000000
1640,-54.430790,322.128693,0.000000
1641,-54.417261,321.923459,0.000000
1642,-54.403736,321.718397,0.000000
1643,-54.390228,321.513509,0.000000
1644,-54.376724,321.308792,0.000000
1645,-54.363224,321.104249,0.000000
1646,-54.349745,320.899877,0.000000
1647,-54.336270,320.695678,0.000000
1648,-54.322804,320.491651,0.000000
1649,-54.309343,320.287796,0.000000
1650,-54.295896,320.084113,0.000000
1651,-54.282453,319.880601,0.000000
1652,-54.269014,319.677261,0.000000
1653,-54.255585,319.474092,0.000000
1654,-54.242161,319.271095,0.000000
1655,-54.228756,319.068268,0.000000
1656,-54.215356,318.865613,0.000000
1657,-54.201960,318.663128,0.000000
1658,-54.188568,318.460814,0.000000
1659,-54.175181,318.258671,0.000000
1660,-54.161807,318.056698,0.000000
1661,-54.148437,317.854896,0.000000
1662,-54.135072,317.653263,0.000000
1663,-54.121712,317.451801,0.000000
1664,-54.108364,317.250509,0.000000
1665,-54.095021,317.049386,0.000000
1666,-54.081683,316.848434,0.000000
1667,-54.068351,316.647650,0.000000
1668,-54.055023,316.447036,0.000000
1669,-54.041701,316.246592,0.000000
1670,-54.028384,316.046316,0.000000
1671,-54.015072,315.846210,0.000000
1672,-54.001766,315.646272,0.000000
1673,-53.988465,315.446503,0.000000
1674,-53.973940,315.246903,0.000000
1675,-53.959494,315.047475,0.000000
1676,-53.945120,314.848218,0.000000
1677,-53.930774,314.649132,0.000000
1678,-53.916475,314.450218,0.000000
1679,-53.902168,314.251474,0.000000
1680,-53.887913,314.052900,0.000000
1681,-53.873744,313.854497,0.000000
1682,-53.859616,313.656265,0.000000
1683,-53.845510,313.458201,0.000000
1684,-53.831439,313.260308,0.000000
1685,-53.817418,313.062584,0.000000
1686,-53.803458,312.865029,0.000000
1687,-53.789503,312.667644,0.000000
1688,-53.775543,312.470427,0.000000
1689,-53.761613,312.273378,0.000000
1690,-53.747783,312.076499,0.000000
1691,-53.734022,311.879787,0.000000
1692,-53.720309,311.683243,0.000000
1693,-53.706585,311.486867,0.000000
1694,-53.692910,311.290658,0.000000
1695,-53.679264,311.094617,0.000000
1696,-53.665621,310.898742,0.000000
1697,-53.652006,310.703035,0.000000
1698,-53.638344,310.507494,0.000000
1699,-53.624767,310.312121,0.000000
1700,-53.611228,310.116913,0.000000
1701,-53.597726,309.921872,0.000000
1702,-53.584233,309.726997,0.000000
1703,-53.570773,309.532288,0.000000
1704,-53.557340,309.337744,0.000000
1705,-53.543890,309.143366,0.000000
1706,-53.530488,308.949154,0.000000
1707,-53.517039,308.755107,0.000000
1708,-53.503613,308.561225,0.000000
1709,-53.490215,308.367508,0.000000
1710,-53.476907,308.173955,0.000000
1711,-53.463567,307.980568,0.000000
1712,-53.450300,307.787345,0.000000
1713,-53.437020,307.594286,0.000000
1714,-53.423722,307.401391,0.000000
1715,-53.410433,307.208660,0.000000
1716,-53.397151,307.016093,0.000000
1717,-53.383931,306.823690,0.000000
1718,-53.370704,306.631451,0.000000
1719,-53.357540,306.439375,0.000000
1720,-53.344343,306.247462,0.000000
1721,-53.331154,306.055712,0.000000
1722,-53.317987,305.864125,0.000000
1723,-53.304829,305.672701,0.000000
1724,-53.291637,305.481440,0.000000
1725,-53.278474,305.290342,0.000000
1726,-53.265339,305.099406,0.000000
1727,-53.252192,304.908632,0.000000
1728,-53.239028,304.718020,0.000000
1729,-53.225930,304.527571,0.000000
1730,-53.212840,304.337284,0.000000
1731,-53.199752,304.147158,0.000000
1732,-53.186673,303.957194,0.000000
1733,-53.173622,303.767391,0.000000
1734,-53.160539,303.577750,0.000000
1735,-53.147445,303.388270,0.000000
1736,-53.134359,303.198952,0.000000
1737,-53.121282,303.009794,0.000000
1738,-53.108213,302.820798,0.000000
1739,-53.095169,302.631962,0.000000
1740,-53.082093,302.443287,0.000000
1741,-53.069026,302.254773,0.000000
1742,-53.055969,302.066419,0.000000
1743,-53.042921,301.878226,0.000000
1744,-53.029861,301.690192,0.000000
1745,-53.016812,301.502319,0.000000
1746,-53.003732,301.314607,0.000000
1747,-52.990662,301.127054,0.000000
1748,-52.977634,300.939661,0.000000
1749,-52.964581,300.752427,0.000000
1750,-52.951558,300.565353,0.000000
1751,-52.938500,300.378439,0.000000
1752,-52.925412,300.191684,0.000000
1753,-52.912335,300.005089,0.000000
1754,-52.899255,299.818653,0.000000
1755,-52.886185,299.632376,0.000000
1756,-52.873120,299.446258,0.000000
1757,-52.860047,299.260299,0.000000
1758,-52.846965,299.074498,0.000000
1759,-52.833879,298.888857,0.000000
1760,-52.820786,298.703374,0.000000
1761,-52.807699,298.518050,0.000000
1762,-52.794583,298.332884,0.000000
1763,-52.781506,298.147877,0.000000
1764,-52.768400,297.963028,0.000000
1765,-52.755286,297.778337,0.000000
1766,-52.742160,297.593804,0.000000
1767,-52.729050,297.409429,0.000000
1768,-52.715932,297.225212,0.000000
1769,-52.702808,297.041153,0.000000
1770,-52.689676,296.857251,0.000000
1771,-52.676518,296.673507,0.000000
1772,-52.663374,296.489921,0.000000
1773,-52.650223,296.306492,0.000000
1774,-52.637067,296.123221,0.000000
1775,-52.623904,295.940106,0.000000
1776,-52.610756,295.757149,0.000000
1777,-52.597581,295.574349,0.000000
1778,-52.584402,295.391706,0.000000
1779,-52.571232,295.209220,0.000000
1780,-52.558057,295.026891,0.000000
1781,-52.544877,294.844718,0.000000
1782,-52.531692,294.662702,0.000000
1783,-52.518482,294.480843,0.000000
1784,-52.505268,294.299140,0.000000
1785,-52.492049,294.117593,0.000000
1786,-52.478832,293.936202,0.000000
1787,-52.465591,293.754968,0.000000
1788,-52.452361,293.573890,0.000000
1789,-52.439108,293.392968,0.000000
1790,-52.425831,293.212202,0.000000
1791,-52.412557,293.031592,0.000000
1792,-52.399260,292.851137,0.000000
1793,-52.385975,292.670838,0.000000
1794,-52.372667,292.490695,0.000000
1795,-52.359383,292.310708,0.000000
1796,-52.346076,292.130876,0.000000
1797,-52.332747,291.951199,0.000000
1798,-52.319412,291.771678,0.000000
1799,-52.306055,291.592312,0.000000
1800,-52.292702,291.413101,0.000000
1801,-52.279328,291.234045,0.000000
1802,-52.265949,291.055144,0.000000
1803,-52.252549,290.876398,0.000000
1804,-52.239128,290.697807,0.000000
1805,-52.225728,290.519371,0.000000
1806,-52.212307,290.341090,0.000000
1807,-52.198867,290.162963,0.000000
1808,-52.185408,289.984991,0.000000
1809,-52.171949,289.807173,0.000000
1810,-52.158471,289.629510,0.000000
1811,-52.144975,289.452001,0.000000
1812,-52.131460,289.274647,0.000000
1813,-52.117927,289.097446,0.000000
1814,-52.104396,288.920400,0.000000
1815,-52.090848,288.743508,0.000000
1816,-52.077282,288.566771,0.000000
1817,-52.063698,288.390187,0.000000
1818,-52.050098,288.213757,0.000000
1819,-52.036481,288.037481,0.000000
1820,-52.022847,287.861359,0.000000
1821,-52.009198,287.685390,0.000000
1822,-51.995532,287.509576,0.000000
1823,-51.978548,287.333915,0.000000
1824,-51.961570,287.158416,0.000000
1825,-51.944747,286.983080,0.000000
1826,-51.928085,286.807905,0.000000
1827,-51.911533,286.632892,0.000000
1828,-51.894967,286.458039,0.000000
1829,-51.878483,286.283347,0.000000
1830,-51.862108,286.108816,0.000000
1831,-51.845883,285.934444,0.000000
1832,-51.829699,285.760232,0.000000
1833,-51.813599,285.586180,0.000000
1834,-51.797608,285.412286,0.000000
1835,-51.781631,285.238551,0.000000
1836,-51.765643,285.064975,0.000000
1837,-51.749682,284.891556,0.000000
1838,-51.734103,284.718296,0.000000
1839,-51.718607,284.545193,0.000000
1840,-51.703139,284.372247,0.000000
1841,-51.687647,284.199457,0.000000
1842,-51.672183,284.026824,0.000000
1843,-51.656682,283.854347,0.000000
1844,-51.641209,283.682026,0.000000
1845,-51.625726,283.509862,0.000000
1846,-51.610259,283.337853,0.000000
1847,-51.595039,283.166001,0.000000
1848,-51.579795,282.994303,0.000000
1849,-51.564594,282.822761,0.000000
1850,-51.549425,282.651374,0.000000
1851,-51.534217,282.480141,0.000000
1852,-51.519040,282.309063,0.000000
1853,-51.503841,282.138140,0.000000
1854,-51.488672,281.967371,0.000000
1855,-51.473703,281.796756,0.000000
1856,-51.458711,281.626295,0.000000
1857,-51.443805,281.455988,0.000000
1858,-51.428821,281.285834,0.000000
1859,-51.413815,281.115833,0.000000
1860,-51.398786,280.945986,0.000000
1861,-51.383843,280.776292,0.000000
1862,-51.368877,280.606751,0.000000
1863,-51.354038,280.437363,0.000000
1864,-51.339068,280.268127,0.000000
1865,-51.324185,280.099045,0.000000
1866,-51.309280,279.930114,0.000000
1867,-51.294245,279.761336,0.000000
1868,-51.279283,279.592711,0.000000
1869,-51.264354,279.424238,0.000000
1870,-51.249349,279.255917,0.000000
1871,-51.234518,279.087748,0.000000
1872,-51.219559,278.919731,0.000000
1873,-51.204578,278.751865,0.000000
1874,-51.189563,278.584152,0.000000
1875,-51.174526,278.416591,0.000000
1876,-51.159523,278.249181,0.000000
1877,-51.144445,278.081923,0.000000
1878,-51.129347,277.914816,0.000000
1879,-51.114228,277.747862,0.000000
1880,-51.099090,277.581059,0.000000
1881,-51.083972,277.414407,0.000000
1882,-51.068834,277.247907,0.000000
1883,-51.053676,277.081558,0.000000
1884,-51.038498,276.915361,0.000000
1885,-51.023247,276.749315,0.000000
1886,-51.007976,276.583420,0.000000
1887,-50.992685,276.417676,0.000000
1888,-50.977461,276.252084,0.000000
1889,-50.962124,276.086643,0.000000
1890,-50.946823,275.921353,0.000000
1891,-50.931380,275.756214,0.000000
1892,-50.915919,275.591226,0.000000
1893,-50.900398,275.426390,0.000000
1894,-50.884859,275.261705,0.000000
1895,-50.869287,275.097171,0.000000
1896,-50.853643,274.932788,0.000000
1897,-50.837994,274.768556,0.000000
1898,-50.822274,274.604476,0.000000
1899,-50.806522,274.440547,0.000000
1900,-50.790643,274.276769,0.000000
1901,-50.774815,274.113143,0.000000
1902,-50.758914,273.949668,0.000000
1903,-50.742928,273.786345,0.000000
1904,-50.726932,273.623173,0.000000
1905,-50.710865,273.460153,0.000000
1906,-50.694727,273.297284,0.000000
1907,-50.678518,273.134566,0.000000
1908,-50.662292,272.972000,0.000000
1909,-50.645995,272.809586,0.000000
1910,-50.629627,272.647324,0.000000
1911,-50.613188,272.485214,0.000000
1912,-50.596732,272.323255,0.000000
1913,-50.580206,272.161448,0.000000
1914,-50.563650,271.999794,0.000000
1915,-50.547024,271.838291,0.000000
1916,-50.530327,271.676940,0.000000
1917,-50.513616,271.515741,0.000000
1918,-50.496834,271.354695,0.000000
1919,-50.479996,271.193800,0.000000
1920,-50.463034,271.033058,0.000000
1921,-50.446043,270.872467,0.000000
1922,-50.428928,270.712030,0.000000
1923,-50.411758,270.551745,0.000000
1924,-50.394464,270.391612,0.000000
1925,-50.377142,270.231633,0.000000
1926,-50.359696,270.071806,0.000000
1927,-50.342249,269.912132,0.000000
1928,-50.324721,269.752612,0.000000
1929,-50.307069,269.593244,0.000000
1930,-50.289362,269.434030,0.000000
1931,-50.271533,269.274969,0.000000
1932,-50.253622,269.116062,0.000000
1933,-50.235589,268.957308,0.000000
1934,-50.217542,268.798708,0.000000
1935,-50.199373,268.640263,0.000000
1936,-50.181083,268.481971,0.000000
1937,-50.162724,268.323833,0.000000
1938,-50.144244,268.165850,0.000000
1939,-50.125641,268.008022,0.000000
1940,-50.106918,267.850348,0.000000
1941,-50.088128,267.692830,0.000000
1942,-50.069216,267.535466,0.000000
1943,-50.050184,267.378258,0.000000
1944,-50.031030,267.221205,0.000000
1945,-50.011756,267.064309,0.000000
1946,-49.992361,266.907568,0.000000
1947,-49.972602,266.750983,0.000000
1948,-49.952723,266.594556,0.000000
1949,-49.932722,266.438286,0.000000
1950,-49.912601,266.282173,0.000000
1951,-49.892360,266.126218,0.000000
1952,-49.872000,265.970421,0.000000
1953,-49.851464,265.814782,0.000000
1954,-49.830809,265.659302,0.000000
1955,-49.810036,265.503980,0.000000
1956,-49.789088,265.348817,0.000000
1957,-49.768021,265.193814,0.000000
1958,-49.746836,265.038970,0.000000
1959,-49.725421,264.884286,0.000000
1960,-49.703888,264.729762,0.000000
1961,-49.682197,264.575399,0.000000
1962,-49.660319,264.421196,0.000000
1963,-49.638322,264.267154,0.000000
1964,-49.616165,264.113274,0.000000
1965,-49.593768,263.959556,0.000000
1966,-49.571255,263.805999,0.000000
1967,-49.548528,263.652605,0.000000
1968,-49.525616,263.499374,0.000000
1969,-49.502492,263.346307,0.000000
1970,-49.479249,263.193402,0.000000
1971,-49.455659,263.040662,0.000000
1972,-49.431898,262.888087,0.000000
1973,-49.407911,262.735676,0.000000
1974,-49.383753,262.583432,0.000000
1975,-49.359220,262.431353,0.000000
1976,-49.334407,262.279441,0.000000
1977,-49.309423,262.127696,0.000000
1978,-49.284161,261.976119,0.000000
1979,-49.258729,261.824711,0.000000
1980,-49.233072,261.673471,0.000000
1981,-49.206926,261.522401,0.000000
1982,-49.180611,261.371501,0.000000
1983,-49.154004,261.220772,0.000000
1984,-49.127130,261.070214,0.000000
1985,-49.100020,260.919828,0.000000
1986,-49.072537,260.769615,0.000000
1987,-49.044656,260.619575,0.000000
1988,-49.016455,260.469710,0.000000
1989,-48.987977,260.320019,0.000000
1990,-48.959067,260.170505,0.000000
1991,-48.929824,260.021167,0.000000
1992,-48.900198,259.872007,0.000000
1993,-48.870240,259.723025,0.000000
1994,-48.839694,259.574223,0.000000
1995,-48.808818,259.425601,0.000000
1996,-48.777501,259.277160,0.000000
1997,-48.745653,259.128902,0.000000
1998,-48.713210,258.980828,0.000000
1999,-48.680342,258.832939,0.000000
