0,-70.000000,0.000000,0.000000
1,-69.849999,0.000000,0.000000
2,-69.700899,-0.000500,0.000000
3,-69.552693,-0.001497,0.000000
4,-69.405375,-0.002987,0.000000
5,-69.258941,-0.004968,0.000000
6,-69.113384,-0.007437,0.000000
7,-68.968699,-0.010390,0.000000
8,-68.824881,-0.013824,0.000000
9,-68.681924,-0.017737,0.000000
10,-68.539822,-0.022124,0.000000
11,-68.398571,-0.026984,0.000000
12,-68.258165,-0.032313,0.000000
13,-68.118599,-0.038109,0.000000
14,-67.979867,-0.044367,0.000000
15,-67.841964,-0.051086,0.000000
16,-67.704885,-0.058263,0.000000
17,-67.568625,-0.065894,0.000000
18,-67.433178,-0.073976,0.000000
19,-67.298540,-0.082508,0.000000
20,-67.164706,-0.091485,0.000000
21,-67.031669,-0.100905,0.000000
22,-66.899426,-0.110766,0.000000
23,-66.767972,-0.121064,0.000000
24,-66.637301,-0.131798,0.000000
25,-66.507408,-0.142963,0.000000
26,-66.378289,-0.154557,0.000000
27,-66.249939,-0.166578,0.000000
28,-66.122352,-0.179022,0.000000
29,-65.995525,-0.191888,0.000000
30,-65.869452,-0.205173,0.000000
31,-65.744128,-0.218873,0.000000
32,-65.619550,-0.232986,0.000000
33,-65.495711,-0.247510,0.000000
34,-65.372608,-0.262442,0.000000
35,-65.250235,-0.277779,0.000000
36,-65.128589,-0.293519,0.000000
37,-65.007664,-0.309659,0.000000
38,-64.887457,-0.326197,0.000000
39,-64.767962,-0.343130,0.000000
40,-64.649175,-0.360455,0.000000
41,-64.531092,-0.378171,0.000000
42,-64.413708,-0.396275,0.000000
43,-64.297019,-0.414764,0.000000
44,-64.181020,-0.433636,0.000000
45,-64.065707,-0.452888,0.000000
46,-63.951075,-0.472518,0.000000
47,-63.837121,-0.492523,0.000000
48,-63.723840,-0.512902,0.000000
49,-63.611228,-0.533651,0.000000
50,-63.499281,-0.554769,0.000000
51,-63.387993,-0.576254,0.000000
52,-63.277362,-0.598102,0.000000
53,-63.167383,-0.620311,0.000000
54,-63.058052,-0.642880,0.000000
55,-62.949365,-0.665805,0.000000
56,-62.841317,-0.689085,0.000000
57,-62.733905,-0.712718,0.000000
58,-62.627124,-0.736701,0.000000
59,-62.520971,-0.761031,0.000000
60,-62.415442,-0.785708,0.000000
61,-62.310532,-0.810728,0.000000
62,-62.206238,-0.836089,0.000000
63,-62.102555,-0.861789,0.000000
64,-61.999481,-0.887827,0.000000
65,-61.897010,-0.914199,0.000000
66,-61.795139,-0.940905,0.000000
67,-61.693864,-0.967940,0.000000
68,-61.593182,-0.995305,0.000000
69,-61.493088,-1.022996,0.000000
70,-61.393579,-1.051011,0.000000
71,-61.294651,-1.079349,0.000000
72,-61.196301,-1.108007,0.000000
73,-61.098524,-1.136983,0.000000
74,-61.001317,-1.166276,0.000000
75,-60.904677,-1.195883,0.000000
76,-60.808599,-1.225802,0.000000
77,-60.713080,-1.256031,0.000000
78,-60.618117,-1.286569,0.000000
79,-60.523705,-1.317413,0.000000
80,-60.429841,-1.348561,0.000000
81,-60.336522,-1.380012,0.000000
82,-60.243744,-1.411764,0.000000
83,-60.151504,-1.443814,0.000000
84,-60.059798,-1.476161,0.000000
85,-59.968622,-1.508803,0.000000
86,-59.877972,-1.541738,0.000000
87,-59.787846,-1.574964,0.000000
88,-59.698241,-1.608480,0.000000
89,-59.609152,-1.642283,0.000000
90,-59.520576,-1.676372,0.000000
91,-59.432509,-1.710744,0.000000
92,-59.344950,-1.745399,0.000000
93,-59.257894,-1.780334,0.000000
94,-59.171339,-1.815547,0.000000
95,-59.085279,-1.851038,0.000000
96,-58.999713,-1.886803,0.000000
97,-58.914637,-1.922842,0.000000
98,-58.830047,-1.959152,0.000000
99,-58.745941,-1.995732,0.000000
100,-58.662315,-2.032580,0.000000
101,-58.579165,-2.069695,0.000000
102,-58.496490,-2.107075,0.000000
103,-58.414284,-2.144717,0.000000
104,-58.332546,-2.182621,0.000000
105,-58.251272,-2.220785,0.000000
106,-58.170459,-2.259208,0.000000
107,-58.090104,-2.297886,0.000000
108,-58.010204,-2.336820,0.000000
109,-57.930754,-2.376007,0.000000
110,-57.851749,-2.415446,0.000000
111,-57.773190,-2.455135,0.000000
112,-57.695074,-2.495072,0.000000
113,-57.617396,-2.535257,0.000000
114,-57.540154,-2.575687,0.000000
115,-57.463345,-2.616362,0.000000
116,-57.386966,-2.657278,0.000000
117,-57.311013,-2.698436,0.000000
118,-57.235484,-2.739833,0.000000
119,-57.160375,-2.781468,0.000000
120,-57.085685,-2.823340,0.000000
121,-57.011408,-2.865446,0.000000
122,-56.937543,-2.907786,0.000000
123,-56.864087,-2.950359,0.000000
124,-56.791035,-2.993162,0.000000
125,-56.718386,-3.036194,0.000000
126,-56.646137,-3.079454,0.000000
127,-56.574283,-3.122940,0.000000
128,-56.502824,-3.166651,0.000000
129,-56.431755,-3.210586,0.000000
130,-56.361072,-3.254744,0.000000
131,-56.290777,-3.299122,0.000000
132,-56.220865,-3.343720,0.000000
133,-56.151330,-3.388535,0.000000
134,-56.082173,-3.433568,0.000000
135,-56.013387,-3.478816,0.000000
136,-55.944971,-3.524279,0.000000
137,-55.876913,-3.569954,0.000000
138,-55.809221,-3.615841,0.000000
139,-55.741889,-3.661938,0.000000
140,-55.674915,-3.708245,0.000000
141,-55.608296,-3.754759,0.000000
142,-55.542030,-3.801480,0.000000
143,-55.476114,-3.848406,0.000000
144,-55.410548,-3.895536,0.000000
145,-55.345323,-3.942869,0.000000
146,-55.280442,-3.990403,0.000000
147,-55.215899,-4.038138,0.000000
148,-55.151691,-4.086073,0.000000
149,-55.087817,-4.134205,0.000000
150,-55.024270,-4.182534,0.000000
151,-54.961052,-4.231059,0.000000
152,-54.898156,-4.279778,0.000000
153,-54.835580,-4.328691,0.000000
154,-54.773322,-4.377796,0.000000
155,-54.711381,-4.427093,0.000000
156,-54.649754,-4.476579,0.000000
157,-54.588434,-4.526254,0.000000
158,-54.527421,-4.576117,0.000000
159,-54.466712,-4.626167,0.000000
160,-54.406300,-4.676403,0.000000
161,-54.346188,-4.726823,0.000000
162,-54.286378,-4.777427,0.000000
163,-54.226856,-4.828213,0.000000
164,-54.167623,-4.879181,0.000000
165,-54.108677,-4.930329,0.000000
166,-54.050018,-4.981656,0.000000
167,-53.991626,-5.033162,0.000000
168,-53.933494,-5.084846,0.000000
169,-53.875647,-5.136706,0.000000
170,-53.818071,-5.188742,0.000000
171,-53.760763,-5.240952,0.000000
172,-53.703722,-5.293336,0.000000
173,-53.646947,-5.345892,0.000000
174,-53.590422,-5.398620,0.000000
175,-53.534160,-5.451519,0.000000
176,-53.478156,-5.504588,0.000000
177,-53.422399,-5.557826,0.000000
178,-53.366898,-5.611232,0.000000
179,-53.311641,-5.664805,0.000000
180,-53.256625,-5.718545,0.000000
181,-53.201848,-5.772450,0.000000
182,-53.147297,-5.826520,0.000000
183,-53.092985,-5.880753,0.000000
184,-53.038908,-5.935149,0.000000
185,-52.985052,-5.989708,0.000000
186,-52.931428,-6.044428,0.000000
187,-52.878023,-6.099308,0.000000
188,-52.824833,-6.154348,0.000000
189,-52.771858,-6.209548,0.000000
190,-52.719098,-6.264905,0.000000
191,-52.666537,-6.320419,0.000000
192,-52.614189,-6.376091,0.000000
193,-52.562039,-6.431918,0.000000
194,-52.510085,-6.487901,0.000000
195,-52.458326,-6.544038,0.000000
196,-52.406763,-6.600329,0.000000
197,-52.355388,-6.656773,0.000000
198,-52.304218,-6.713369,0.000000
199,-52.253228,-6.770117,0.000000
200,-52.202411,-6.827016,0.000000
201,-52.151782,-6.884066,0.000000
202,-52.101326,-6.941265,0.000000
203,-52.051043,-6.998614,0.000000
204,-52.000919,-7.056111,0.000000
205,-51.950954,-7.113756,0.000000
206,-51.901096,-7.171548,0.000000
207,-51.851404,-7.229487,0.000000
208,-51.801843,-7.287572,0.000000
209,-51.752448,-7.345804,0.000000
210,-51.703181,-7.404180,0.000000
211,-51.654078,-7.462701,0.000000
212,-51.605102,-7.521367,0.000000
213,-51.556253,-7.580176,0.000000
214,-51.507525,-7.639128,0.000000
215,-51.458922,-7.698224,0.000000
216,-51.410442,-7.757461,0.000000
217,-51.362087,-7.816840,0.000000
218,-51.313853,-7.876361,0.000000
219,-51.265742,-7.936023,0.000000
220,-51.217751,-7.995825,0.000000
221,-51.169847,-8.055767,0.000000
222,-51.122031,-8.115849,0.000000
223,-51.074334,-8.176070,0.000000
224,-51.026721,-8.236431,0.000000
225,-50.979191,-8.296929,0.000000
226,-50.931744,-8.357566,0.000000
227,-50.884378,-8.418341,0.000000
228,-50.837094,-8.479254,0.000000
229,-50.789852,-8.540304,0.000000
230,-50.742690,-8.601491,0.000000
231,-50.695574,-8.662815,0.000000
232,-50.648502,-8.724275,0.000000
233,-50.601510,-8.785872,0.000000
234,-50.554532,-8.847605,0.000000
235,-50.507598,-8.909474,0.000000
236,-50.460708,-8.971479,0.000000
237,-50.413857,-9.033619,0.000000
238,-50.367015,-9.095895,0.000000
239,-50.320250,-9.158306,0.000000
240,-50.273424,-9.220853,0.000000
241,-50.226676,-9.283534,0.000000
242,-50.179900,-9.346351,0.000000
243,-50.133106,-9.409302,0.000000
244,-50.086312,-9.472389,0.000000
245,-50.039526,-9.535610,0.000000
246,-49.992652,-9.598967,0.000000
247,-49.945686,-9.662458,0.000000
248,-49.898593,-9.726085,0.000000
249,-49.851470,-9.789848,0.000000
250,-49.804317,-9.853746,0.000000
251,-49.757134,-9.917780,0.000000
252,-49.709921,-9.981951,0.000000
253,-49.662583,-10.046257,0.000000
254,-49.615217,-10.110699,0.000000
255,-49.567728,-10.175278,0.000000
256,-49.520116,-10.239994,0.000000
257,-49.472370,-10.304847,0.000000
258,-49.424598,-10.369838,0.000000
259,-49.376705,-10.434966,0.000000
260,-49.328691,-10.500232,0.000000
261,-49.280464,-10.565636,0.000000
262,-49.232119,-10.631179,0.000000
263,-49.183562,-10.696862,0.000000
264,-49.134901,-10.762684,0.000000
265,-49.086029,-10.828647,0.000000
266,-49.036949,-10.894750,0.000000
267,-48.987662,-10.960996,0.000000
268,-48.938169,-11.027383,0.000000
269,-48.888471,-11.093913,0.000000
270,-48.838475,-11.160587,0.000000
271,-48.788266,-11.227405,0.000000
272,-48.737762,-11.294369,0.000000
273,-48.686965,-11.361478,0.000000
274,-48.635783,-11.428734,0.000000
275,-48.584311,-11.496139,0.000000
276,-48.532470,-11.563692,0.000000
277,-48.480345,-11.631396,0.000000
278,-48.427830,-11.699251,0.000000
279,-48.374777,-11.767258,0.000000
280,-48.321421,-11.835420,0.000000
281,-48.267531,-11.903737,0.000000
282,-48.213250,-11.972210,0.000000
283,-48.158511,-12.040842,0.000000
284,-48.103316,-12.109633,0.000000
285,-48.047574,-12.178586,0.000000
286,-47.991030,-12.247701,0.000000
287,-47.933509,-12.316982,0.000000
288,-47.875536,-12.386431,0.000000
289,-47.816857,-12.456050,0.000000
290,-47.757476,-12.525842,0.000000
291,-47.697397,-12.595808,0.000000
292,-47.636367,-12.665952,0.000000
293,-47.574651,-12.736275,0.000000
294,-47.511996,-12.806781,0.000000
295,-47.448376,-12.877472,0.000000
296,-47.383827,-12.948351,0.000000
297,-47.318100,-13.019423,0.000000
298,-47.251203,-13.090689,0.000000
299,-47.183141,-13.162155,0.000000
300,-47.113958,-13.233824,0.000000
301,-47.043370,-13.305699,0.000000
302,-46.971386,-13.377786,0.000000
303,-46.897757,-13.450089,0.000000
304,-46.822494,-13.522613,0.000000
305,-46.745579,-13.595363,0.000000
306,-46.666538,-13.668346,0.000000
307,-46.585643,-13.741568,0.000000
308,-46.502424,-13.815036,0.000000
309,-46.416864,-13.888756,0.000000
310,-46.328946,-13.962737,0.000000
311,-46.238463,-14.036986,0.000000
312,-46.144917,-14.111512,0.000000
313,-46.047815,-14.186325,0.000000
314,-45.946990,-14.261437,0.000000
315,-45.841869,-14.336860,0.000000
316,-45.731794,-14.412608,0.000000
317,-45.617498,-14.488698,0.000000
318,-45.497609,-14.565143,0.000000
319,-45.372086,-14.641963,0.000000
320,-45.239658,-14.719175,0.000000
321,-45.099673,-14.796803,0.000000
322,-44.950871,-14.874872,0.000000
323,-44.792534,-14.953411,0.000000
324,-44.622550,-15.032451,0.000000
325,-44.439001,-15.112032,0.000000
326,-44.238677,-15.192197,0.000000
327,-44.020641,-15.273004,0.000000
328,-43.779628,-15.354511,0.000000
329,-43.505743,-15.436794,0.000000
330,-43.193680,-15.519963,0.000000
331,-42.832622,-15.604144,0.000000
332,-42.402134,-15.689500,0.000000
333,-41.869197,-15.776263,0.000000
334,-41.167266,-15.864774,0.000000
335,-40.177745,-15.955595,0.000000
336,-38.558769,-16.049684,0.000000
337,-34.898719,-16.149138,0.000000
338,-11.894949,-16.260759,0.000000
339,0.000000,-16.449022,1.000000
340,-58.000000,-16.676872,0.000000
341,-57.913438,-16.711313,0.000000
342,-57.827368,-16.746031,0.000000
343,-57.741788,-16.781025,0.000000
344,-57.656692,-16.816292,0.000000
345,-57.572079,-16.851831,0.000000
346,-57.487945,-16.887640,0.000000
347,-57.404287,-16.923717,0.000000
348,-57.321100,-16.960062,0.000000
349,-57.238382,-16.996672,0.000000
350,-57.156128,-17.033545,0.000000
351,-57.074336,-17.070680,0.000000
352,-56.993002,-17.108075,0.000000
353,-56.912124,-17.145729,0.000000
354,-56.831696,-17.183640,0.000000
355,-56.751717,-17.221806,0.000000
356,-56.672181,-17.260227,0.000000
357,-56.593087,-17.298899,0.000000
358,-56.514430,-17.337823,0.000000
359,-56.436209,-17.376995,0.000000
360,-56.358417,-17.416416,0.000000
361,-56.281057,-17.456082,0.000000
362,-56.204121,-17.495993,0.000000
363,-56.127607,-17.536147,0.000000
364,-56.051510,-17.576543,0.000000
365,-55.975828,-17.617179,0.000000
366,-55.900547,-17.658054,0.000000
367,-55.825674,-17.699166,0.000000
368,-55.751206,-17.740514,0.000000
369,-55.677141,-17.782097,0.000000
370,-55.603477,-17.823912,0.000000
371,-55.530205,-17.865959,0.000000
372,-55.457324,-17.908237,0.000000
373,-55.384831,-17.950743,0.000000
374,-55.312723,-17.993476,0.000000
375,-55.240999,-18.036436,0.000000
376,-55.169651,-18.079621,0.000000
377,-55.098677,-18.123029,0.000000
378,-55.028075,-18.166659,0.000000
379,-54.957841,-18.210510,0.000000
380,-54.887975,-18.254580,0.000000
381,-54.818468,-18.298868,0.000000
382,-54.749319,-18.343374,0.000000
383,-54.680525,-18.388095,0.000000
384,-54.612084,-18.433030,0.000000
385,-54.543989,-18.478179,0.000000
386,-54.476239,-18.523540,0.000000
387,-54.408826,-18.569111,0.000000
388,-54.341757,-18.614892,0.000000
389,-54.275021,-18.660881,0.000000
390,-54.208620,-18.707077,0.000000
391,-54.142544,-18.753480,0.000000
392,-54.076788,-18.800087,0.000000
393,-54.011362,-18.846897,0.000000
394,-53.946246,-18.893910,0.000000
395,-53.881430,-18.941125,0.000000
396,-53.816917,-18.988540,0.000000
397,-53.752716,-19.036154,0.000000
398,-53.688814,-19.083966,0.000000
399,-53.625220,-19.131975,0.000000
400,-53.561920,-19.180181,0.000000
401,-53.498912,-19.228581,0.000000
402,-53.436194,-19.277175,0.000000
403,-53.373764,-19.325962,0.000000
404,-53.311607,-19.374941,0.000000
405,-53.249736,-19.424110,0.000000
406,-53.188136,-19.473470,0.000000
407,-53.126806,-19.523018,0.000000
408,-53.065742,-19.572754,0.000000
409,-53.004945,-19.622678,0.000000
410,-52.944411,-19.672787,0.000000
411,-52.884126,-19.723081,0.000000
412,-52.824102,-19.773560,0.000000
413,-52.764322,-19.824221,0.000000
414,-52.704787,-19.875066,0.000000
415,-52.645482,-19.926091,0.000000
416,-52.586418,-19.977298,0.000000
417,-52.527596,-20.028684,0.000000
418,-52.469000,-20.080249,0.000000
419,-52.410617,-20.131992,0.000000
420,-52.352467,-20.183913,0.000000
421,-52.294541,-20.236010,0.000000
422,-52.236835,-20.288283,0.000000
423,-52.179332,-20.340730,0.000000
424,-52.122024,-20.393352,0.000000
425,-52.064929,-20.446148,0.000000
426,-52.008013,-20.499116,0.000000
427,-51.951299,-20.552256,0.000000
428,-51.894719,-20.605568,0.000000
429,-51.838314,-20.659050,0.000000
430,-51.782083,-20.712703,0.000000
431,-51.726024,-20.766525,0.000000
432,-51.670137,-20.820516,0.000000
433,-51.614420,-20.874675,0.000000
434,-51.558872,-20.929002,0.000000
435,-51.503493,-20.983496,0.000000
436,-51.448242,-21.038157,0.000000
437,-51.393157,-21.092983,0.000000
438,-51.338203,-21.147975,0.000000
439,-51.283379,-21.203132,0.000000
440,-51.228683,-21.258453,0.000000
441,-51.174116,-21.313937,0.000000
442,-51.119680,-21.369586,0.000000
443,-51.065336,-21.425397,0.000000
444,-51.011118,-21.481371,0.000000
445,-50.956990,-21.537506,0.000000
446,-50.902986,-21.593804,0.000000
447,-50.849072,-21.650263,0.000000
448,-50.795241,-21.706882,0.000000
449,-50.741498,-21.763662,0.000000
450,-50.687808,-21.820603,0.000000
451,-50.634170,-21.877703,0.000000
452,-50.580618,-21.934963,0.000000
453,-50.527122,-21.992383,0.000000
454,-50.473677,-22.049962,0.000000
455,-50.420244,-22.107700,0.000000
456,-50.366860,-22.165596,0.000000
457,-50.313562,-22.223651,0.000000
458,-50.260218,-22.281865,0.000000
459,-50.206914,-22.340237,0.000000
460,-50.153634,-22.398767,0.000000
461,-50.100369,-22.457455,0.000000
462,-50.047109,-22.516302,0.000000
463,-49.993734,-22.575306,0.000000
464,-49.940272,-22.634468,0.000000
465,-49.886726,-22.693789,0.000000
466,-49.833192,-22.753269,0.000000
467,-49.779573,-22.812907,0.000000
468,-49.725871,-22.872704,0.000000
469,-49.672086,-22.932660,0.000000
470,-49.618219,-22.992776,0.000000
471,-49.564270,-23.053051,0.000000
472,-49.510240,-23.113485,0.000000
473,-49.456117,-23.174080,0.000000
474,-49.401820,-23.234835,0.000000
475,-49.347443,-23.295750,0.000000
476,-49.292894,-23.356827,0.000000
477,-49.238173,-23.418065,0.000000
478,-49.183280,-23.479465,0.000000
479,-49.128230,-23.541028,0.000000
480,-49.073010,-23.602753,0.000000
481,-49.017527,-23.664642,0.000000
482,-48.961784,-23.726696,0.000000
483,-48.905782,-23.788914,0.000000
484,-48.849522,-23.851298,0.000000
485,-48.792995,-23.913849,0.000000
486,-48.736119,-23.976568,0.000000
487,-48.678896,-24.039456,0.000000
488,-48.621329,-24.102513,0.000000
489,-48.563420,-24.165741,0.000000
490,-48.505088,-24.229141,0.000000
491,-48.446419,-24.292714,0.000000
492,-48.387333,-24.356462,0.000000
493,-48.327795,-24.420385,0.000000
494,-48.267833,-24.484486,0.000000
495,-48.207260,-24.548765,0.000000
496,-48.146198,-24.613224,0.000000
497,-48.084439,-24.677866,0.000000
498,-48.022246,-24.742692,0.000000
499,-47.959362,-24.807703,0.000000
500,-47.895241,-24.872903,0.000000
501,-47.830454,-24.938294,0.000000
502,-47.765005,-25.003880,0.000000
503,-47.698640,-25.069662,0.000000
504,-47.631365,-25.135643,0.000000
505,-47.563188,-25.201827,0.000000
506,-47.494114,-25.268215,0.000000
507,-47.423858,-25.334812,0.000000
508,-47.352719,-25.401621,0.000000
509,-47.280186,-25.468645,0.000000
510,-47.206529,-25.535888,0.000000
511,-47.131496,-25.603354,0.000000
512,-47.055128,-25.671048,0.000000
513,-46.977145,-25.738974,0.000000
514,-46.897558,-25.807137,0.000000
515,-46.816118,-25.875543,0.000000
516,-46.732807,-25.944197,0.000000
517,-46.647416,-26.013106,0.000000
518,-46.559697,-26.082277,0.000000
519,-46.469700,-26.151717,0.000000
520,-46.376929,-26.221434,0.000000
521,-46.281556,-26.291438,0.000000
522,-46.183406,-26.361735,0.000000
523,-46.081989,-26.432336,0.000000
524,-45.976875,-26.503252,0.000000
525,-45.866141,-26.574495,0.000000
526,-45.751187,-26.646083,0.000000
527,-45.631344,-26.718030,0.000000
528,-45.505950,-26.790353,0.000000
529,-45.374259,-26.863070,0.000000
530,-45.235701,-26.936201,0.000000
531,-45.088933,-27.009770,0.000000
532,-44.933398,-27.083804,0.000000
533,-44.767675,-27.158331,0.000000
534,-44.589661,-27.233386,0.000000
535,-44.397529,-27.309009,0.000000
536,-44.188585,-27.385248,0.000000
537,-43.959385,-27.462157,0.000000
538,-43.700963,-27.539805,0.000000
539,-43.410156,-27.618289,0.000000
540,-43.077513,-27.697715,0.000000
541,-42.688685,-27.778224,0.000000
542,-42.219064,-27.860003,0.000000
543,-41.631719,-27.943319,0.000000
544,-40.838114,-28.028566,0.000000
545,-39.669859,-28.116429,0.000000
546,-37.555325,-28.208157,0.000000
547,-31.444150,-28.306903,0.000000
548,0.000000,-28.425987,1.000000
549,-58.000000,-28.649845,0.000000
550,-57.907451,-28.680295,0.000000
551,-57.815433,-28.711044,0.000000
552,-57.723940,-28.742088,0.000000
553,-57.632969,-28.773428,0.000000
554,-57.542517,-28.805060,0.000000
555,-57.452578,-28.836983,0.000000
556,-57.363152,-28.869196,0.000000
557,-57.274232,-28.901695,0.000000
558,-57.185816,-28.934481,0.000000
559,-57.097900,-28.967550,0.000000
560,-57.010480,-29.000901,0.000000
561,-56.923552,-29.034532,0.000000
562,-56.837114,-29.068442,0.000000
563,-56.751160,-29.102629,0.000000
564,-56.665687,-29.137091,0.000000
565,-56.580693,-29.171826,0.000000
566,-56.496172,-29.206833,0.000000
567,-56.412121,-29.242111,0.000000
568,-56.328537,-29.277656,0.000000
569,-56.245418,-29.313468,0.000000
570,-56.162758,-29.349546,0.000000
571,-56.080553,-29.385887,0.000000
572,-55.998802,-29.422490,0.000000
573,-55.917490,-29.459353,0.000000
574,-55.836624,-29.496475,0.000000
575,-55.756197,-29.533854,0.000000
576,-55.676210,-29.571488,0.000000
577,-55.596656,-29.609377,0.000000
578,-55.517528,-29.647519,0.000000
579,-55.438827,-29.685911,0.000000
580,-55.360552,-29.724553,0.000000
581,-55.282693,-29.763443,0.000000
582,-55.205250,-29.802579,0.000000
583,-55.128220,-29.841961,0.000000
584,-55.051599,-29.881586,0.000000
585,-54.975381,-29.921454,0.000000
586,-54.899564,-29.961562,0.000000
587,-54.824144,-30.001909,0.000000
588,-54.749113,-30.042495,0.000000
589,-54.674471,-30.083317,0.000000
590,-54.600213,-30.124374,0.000000
591,-54.526335,-30.165666,0.000000
592,-54.452838,-30.207189,0.000000
593,-54.379713,-30.248944,0.000000
594,-54.306960,-30.290929,0.000000
595,-54.234570,-30.333142,0.000000
596,-54.162543,-30.375582,0.000000
597,-54.090876,-30.418248,0.000000
598,-54.019566,-30.461139,0.000000
599,-53.948606,-30.504254,0.000000
600,-53.877971,-30.547590,0.000000
601,-53.807676,-30.591148,0.000000
602,-53.737716,-30.634925,0.000000
603,-53.668092,-30.678921,0.000000
604,-53.598799,-30.723134,0.000000
605,-53.529837,-30.767564,0.000000
606,-53.461188,-30.812209,0.000000
607,-53.392866,-30.857067,0.000000
608,-53.324855,-30.902139,0.000000
609,-53.257154,-30.947422,0.000000
610,-53.189760,-30.992915,0.000000
611,-53.122660,-31.038619,0.000000
612,-53.055864,-31.084530,0.000000
613,-52.989357,-31.130649,0.000000
614,-52.923137,-31.176974,0.000000
615,-52.857203,-31.223505,0.000000
616,-52.791550,-31.270240,0.000000
617,-52.726166,-31.317178,0.000000
618,-52.661050,-31.364318,0.000000
619,-52.596200,-31.411660,0.000000
620,-52.531615,-31.459202,0.000000
621,-52.467279,-31.506943,0.000000
622,-52.403193,-31.554883,0.000000
623,-52.339353,-31.603021,0.000000
624,-52.275771,-31.651356,0.000000
625,-52.212432,-31.699886,0.000000
626,-52.149319,-31.748611,0.000000
627,-52.086446,-31.797531,0.000000
628,-52.023786,-31.846643,0.000000
629,-51.961341,-31.895948,0.000000
630,-51.899029,-31.945445,0.000000
631,-51.836928,-31.995133,0.000000
632,-51.775037,-32.045012,0.000000
633,-51.713355,-32.095080,0.000000
634,-51.651845,-32.145337,0.000000
635,-51.590541,-32.195782,0.000000
636,-51.529407,-32.246415,0.000000
637,-51.468438,-32.297235,0.000000
638,-51.407637,-32.348241,0.000000
639,-51.347002,-32.399433,0.000000
640,-51.286534,-32.450810,0.000000
641,-51.226196,-32.502371,0.000000
642,-51.166022,-32.554116,0.000000
643,-51.105979,-32.606045,0.000000
644,-51.046065,-32.658156,0.000000
645,-50.986277,-32.710450,0.000000
646,-50.926615,-32.762925,0.000000
647,-50.867043,-32.815582,0.000000
648,-50.807591,-32.868420,0.000000
649,-50.748227,-32.921439,0.000000
650,-50.688952,-32.974638,0.000000
651,-50.629730,-33.028016,0.000000
652,-50.570595,-33.081574,0.000000
653,-50.511552,-33.135312,0.000000
654,-50.452525,-33.189228,0.000000
655,-50.393579,-33.243323,0.000000
656,-50.334685,-33.297597,0.000000
657,-50.275840,-33.352049,0.000000
658,-50.217021,-33.406679,0.000000
659,-50.158181,-33.461486,0.000000
660,-50.099382,-33.516472,0.000000
661,-50.040564,-33.571635,0.000000
662,-49.981666,-33.626976,0.000000
663,-49.922658,-33.682495,0.000000
664,-49.863600,-33.738192,0.000000
665,-49.804495,-33.794067,0.000000
666,-49.745340,-33.850120,0.000000
667,-49.686138,-33.906353,0.000000
668,-49.626794,-33.962763,0.000000
669,-49.567403,-34.019353,0.000000
670,-49.507870,-34.076122,0.000000
671,-49.448186,-34.133070,0.000000
672,-49.388457,-34.190198,0.000000
673,-49.328495,-34.247507,0.000000
674,-49.268396,-34.304996,0.000000
675,-49.208160,-34.362666,0.000000
676,-49.147693,-34.420518,0.000000
677,-49.087010,-34.478552,0.000000
678,-49.026099,-34.536769,0.000000
679,-48.964962,-34.595170,0.000000
680,-48.903601,-34.653755,0.000000
681,-48.841923,-34.712525,0.000000
682,-48.779917,-34.771481,0.000000
683,-48.717597,-34.830624,0.000000
684,-48.654871,-34.889955,0.000000
685,-48.591742,-34.949476,0.000000
686,-48.528223,-35.009187,0.000000
687,-48.464307,-35.069090,0.000000
688,-48.399889,-35.129186,0.000000
689,-48.335006,-35.189476,0.000000
690,-48.269709,-35.249963,0.000000
691,-48.203742,-35.310647,0.000000
692,-48.137298,-35.371531,0.000000
693,-48.070120,-35.432616,0.000000
694,-48.002447,-35.493905,0.000000
695,-47.933942,-35.555399,0.000000
696,-47.864348,-35.617101,0.000000
697,-47.793863,-35.679014,0.000000
698,-47.722497,-35.741141,0.000000
699,-47.650256,-35.803486,0.000000
700,-47.577143,-35.866050,0.000000
701,-47.502905,-35.928838,0.000000
702,-47.427522,-35.991852,0.000000
703,-47.351032,-36.055096,0.000000
704,-47.273183,-36.118574,0.000000
705,-47.193986,-36.182291,0.000000
706,-47.113450,-36.246250,0.000000
707,-47.031359,-36.310456,0.000000
708,-46.947689,-36.374915,0.000000
709,-46.862196,-36.439631,0.000000
710,-46.774601,-36.504610,0.000000
711,-46.684951,-36.569860,0.000000
712,-46.593005,-36.635387,0.000000
713,-46.498549,-36.701199,0.000000
714,-46.401795,-36.767303,0.000000
715,-46.301828,-36.833708,0.000000
716,-46.199114,-36.900424,0.000000
717,-46.092650,-36.967460,0.000000
718,-45.982651,-37.034829,0.000000
719,-45.867314,-37.102541,0.000000
720,-45.747088,-37.170616,0.000000
721,-45.622014,-37.239069,0.000000
722,-45.490723,-37.307916,0.000000
723,-45.353171,-37.377177,0.000000
724,-45.208097,-37.446874,0.000000
725,-45.054854,-37.517032,0.000000
726,-44.892196,-37.587677,0.000000
727,-44.718703,-37.658840,0.000000
728,-44.531576,-37.730558,0.000000
729,-44.328997,-37.802876,0.000000
730,-44.108815,-37.875845,0.000000
731,-43.866358,-37.949523,0.000000
732,-43.591952,-38.023986,0.000000
733,-43.281494,-38.099338,0.000000
734,-42.923683,-38.175700,0.000000
735,-42.500413,-38.253229,0.000000
736,-41.981727,-38.332143,0.000000
737,-41.308832,-38.412760,0.000000
738,-40.373094,-38.495593,0.000000
739,-38.895253,-38.581517,0.000000
740,-35.792260,-38.672339,0.000000
741,-20.996713,-38.773474,0.000000
742,0.000000,-38.923894,1.000000
743,-58.000000,-39.144252,0.000000
744,-57.902204,-39.171204,0.000000
745,-57.804971,-39.198473,0.000000
746,-57.708296,-39.226057,0.000000
747,-57.612176,-39.253954,0.000000
748,-57.516606,-39.282162,0.000000
749,-57.421581,-39.310679,0.000000
750,-57.327098,-39.339504,0.000000
751,-57.233155,-39.368634,0.000000
752,-57.139745,-39.398067,0.000000
753,-57.046867,-39.427802,0.000000
754,-56.954514,-39.457836,0.000000
755,-56.862683,-39.488169,0.000000
756,-56.771371,-39.518797,0.000000
757,-56.680574,-39.549719,0.000000
758,-56.590288,-39.580934,0.000000
759,-56.500507,-39.612440,0.000000
760,-56.411228,-39.644234,0.000000
761,-56.322449,-39.676315,0.000000
762,-56.234162,-39.708681,0.000000
763,-56.146368,-39.741331,0.000000
764,-56.059060,-39.774263,0.000000
765,-55.972235,-39.807474,0.000000
766,-55.885881,-39.840964,0.000000
767,-55.800005,-39.874731,0.000000
768,-55.714598,-39.908773,0.000000
769,-55.629655,-39.943088,0.000000
770,-55.545176,-39.977675,0.000000
771,-55.461154,-40.012532,0.000000
772,-55.377590,-40.047657,0.000000
773,-55.294478,-40.083049,0.000000
774,-55.211809,-40.118706,0.000000
775,-55.129580,-40.154627,0.000000
776,-55.047796,-40.190811,0.000000
777,-54.966441,-40.227254,0.000000
778,-54.885520,-40.263957,0.000000
779,-54.805023,-40.300917,0.000000
780,-54.724949,-40.338134,0.000000
781,-54.645289,-40.375604,0.000000
782,-54.566042,-40.413328,0.000000
783,-54.487206,-40.451304,0.000000
784,-54.408773,-40.489529,0.000000
785,-54.330744,-40.528003,0.000000
786,-54.253113,-40.566725,0.000000
787,-54.175872,-40.605692,0.000000
788,-54.099018,-40.644904,0.000000
789,-54.022550,-40.684359,0.000000
790,-53.946461,-40.724056,0.000000
791,-53.870729,-40.763993,0.000000
792,-53.795356,-40.804169,0.000000
793,-53.720351,-40.844583,0.000000
794,-53.645713,-40.885234,0.000000
795,-53.571427,-40.926119,0.000000
796,-53.497502,-40.967239,0.000000
797,-53.423922,-41.008592,0.000000
798,-53.350687,-41.050176,0.000000
799,-53.277782,-41.091990,0.000000
800,-53.205217,-41.134034,0.000000
801,-53.132978,-41.176305,0.000000
802,-53.061064,-41.218803,0.000000
803,-52.989459,-41.261526,0.000000
804,-52.918173,-41.304474,0.000000
805,-52.847204,-41.347645,0.000000
806,-52.776537,-41.391039,0.000000
807,-52.706158,-41.434653,0.000000
808,-52.636077,-41.478488,0.000000
809,-52.566281,-41.522542,0.000000
810,-52.496770,-41.566813,0.000000
811,-52.427527,-41.611301,0.000000
812,-52.358552,-41.656006,0.000000
813,-52.289866,-41.700925,0.000000
814,-52.221453,-41.746059,0.000000
815,-52.153275,-41.791405,0.000000
816,-52.085360,-41.836964,0.000000
817,-52.017687,-41.882734,0.000000
818,-51.950235,-41.928714,0.000000
819,-51.882973,-41.974903,0.000000
820,-51.815919,-42.021302,0.000000
821,-51.749107,-42.067908,0.000000
822,-51.682500,-42.114722,0.000000
823,-51.616096,-42.161742,0.000000
824,-51.549895,-42.208968,0.000000
825,-51.483891,-42.256398,0.000000
826,-51.418052,-42.304033,0.000000
827,-51.352412,-42.351872,0.000000
828,-51.286935,-42.399913,0.000000
829,-51.221619,-42.448157,0.000000
830,-51.156465,-42.496602,0.000000
831,-51.091475,-42.545248,0.000000
832,-51.026643,-42.594095,0.000000
833,-50.961935,-42.643141,0.000000
834,-50.897349,-42.692387,0.000000
835,-50.832884,-42.741832,0.000000
836,-50.768535,-42.791475,0.000000
837,-50.704307,-42.841316,0.000000
838,-50.640128,-42.891354,0.000000
839,-50.576034,-42.941590,0.000000
840,-50.512027,-42.992023,0.000000
841,-50.448069,-43.042652,0.000000
842,-50.384198,-43.093477,0.000000
843,-50.320401,-43.144499,0.000000
844,-50.256581,-43.195716,0.000000
845,-50.192808,-43.247129,0.000000
846,-50.129081,-43.298737,0.000000
847,-50.065366,-43.350541,0.000000
848,-50.001602,-43.402539,0.000000
849,-49.937846,-43.454733,0.000000
850,-49.873905,-43.507122,0.000000
851,-49.809947,-43.559706,0.000000
852,-49.745877,-43.612487,0.000000
853,-49.681790,-43.665463,0.000000
854,-49.617593,-43.718635,0.000000
855,-49.553284,-43.772003,0.000000
856,-49.488855,-43.825568,0.000000
857,-49.424317,-43.879330,0.000000
858,-49.359671,-43.933290,0.000000
859,-49.294823,-43.987446,0.000000
860,-49.229774,-44.041801,0.000000
861,-49.164525,-44.096354,0.000000
862,-49.099090,-44.151107,0.000000
863,-49.033365,-44.206060,0.000000
864,-48.967444,-44.261213,0.000000
865,-48.901235,-44.316568,0.000000
866,-48.834739,-44.372125,0.000000
867,-48.767852,-44.427885,0.000000
868,-48.700588,-44.483850,0.000000
869,-48.632950,-44.540020,0.000000
870,-48.564941,-44.596396,0.000000
871,-48.496479,-44.652981,0.000000
872,-48.427474,-44.709775,0.000000
873,-48.357917,-44.766780,0.000000
874,-48.287999,-44.823998,0.000000
875,-48.217440,-44.881430,0.000000
876,-48.146244,-44.939078,0.000000
877,-48.074322,-44.996944,0.000000
878,-48.001865,-45.055031,0.000000
879,-47.928583,-45.113340,0.000000
880,-47.853985,-45.171873,0.000000
881,-47.778531,-45.230636,0.000000
882,-47.702226,-45.289631,0.000000
883,-47.624820,-45.348860,0.000000
884,-47.546577,-45.408328,0.000000
885,-47.467213,-45.468036,0.000000
886,-47.386509,-45.527989,0.000000
887,-47.304475,-45.588192,0.000000
888,-47.221120,-45.648647,0.000000
889,-47.136197,-45.709361,0.000000
890,-47.049745,-45.770337,0.000000
891,-46.961488,-45.831581,0.000000
892,-46.871436,-45.893099,0.000000
893,-46.779314,-45.954896,0.000000
894,-46.685167,-46.016980,0.000000
895,-46.588494,-46.079357,0.000000
896,-46.489346,-46.142036,0.000000
897,-46.387226,-46.205024,0.000000
898,-46.282311,-46.268331,0.000000
899,-46.174169,-46.331968,0.000000
900,-46.062121,-46.395943,0.000000
901,-45.946061,-46.460271,0.000000
902,-45.824846,-46.524964,0.000000
903,-45.698086,-46.590039,0.000000
904,-45.565819,-46.655515,0.000000
905,-45.427387,-46.721411,0.000000
906,-45.282051,-46.787746,0.000000
907,-45.128548,-46.854543,0.000000
908,-44.966322,-46.921830,0.000000
909,-44.793258,-46.989635,0.000000
910,-44.607252,-47.057994,0.000000
911,-44.406482,-47.126950,0.000000
912,-44.188101,-47.196553,0.000000
913,-43.948825,-47.266860,0.000000
914,-43.680577,-47.337942,0.000000
915,-43.378125,-47.409894,0.000000
916,-43.032025,-47.482830,0.000000
917,-42.626062,-47.556896,0.000000
918,-42.133761,-47.632290,0.000000
919,-41.510681,-47.709300,0.000000
920,-40.661252,-47.788361,0.000000
921,-39.371525,-47.870228,0.000000
922,-36.913344,-47.956366,0.000000
923,-28.531589,-48.050669,0.000000
924,0.000000,-48.172880,1.000000
925,-58.000000,-48.390156,0.000000
926,-57.897581,-48.414026,0.000000
927,-57.795753,-48.438229,0.000000
928,-57.694512,-48.462764,0.000000
929,-57.593854,-48.487628,0.000000
930,-57.493773,-48.512819,0.000000
931,-57.394267,-48.538335,0.000000
932,-57.295331,-48.564175,0.000000
933,-57.196960,-48.590336,0.000000
934,-57.099151,-48.616816,0.000000
935,-57.001899,-48.643613,0.000000
936,-56.905200,-48.670726,0.000000
937,-56.809050,-48.698151,0.000000
938,-56.713444,-48.725888,0.000000
939,-56.618379,-48.753935,0.000000
940,-56.523850,-48.782289,0.000000
941,-56.429852,-48.810949,0.000000
942,-56.336380,-48.839912,0.000000
943,-56.243435,-48.869178,0.000000
944,-56.151007,-48.898743,0.000000
945,-56.059097,-48.928607,0.000000
946,-55.967695,-48.958767,0.000000
947,-55.876792,-48.989222,0.000000
948,-55.786392,-49.019969,0.000000
949,-55.696490,-49.051008,0.000000
950,-55.607080,-49.082336,0.000000
951,-55.518157,-49.113952,0.000000
952,-55.429719,-49.145853,0.000000
953,-55.341764,-49.178039,0.000000
954,-55.254282,-49.210507,0.000000
955,-55.167277,-49.243256,0.000000
956,-55.080735,-49.276284,0.000000
957,-54.994655,-49.309589,0.000000
958,-54.909037,-49.343170,0.000000
959,-54.823869,-49.377026,0.000000
960,-54.739152,-49.411154,0.000000
961,-54.654881,-49.445553,0.000000
962,-54.571046,-49.480222,0.000000
963,-54.487651,-49.515158,0.000000
964,-54.404683,-49.550361,0.000000
965,-54.322143,-49.585828,0.000000
966,-54.240021,-49.621559,0.000000
967,-54.158323,-49.657552,0.000000
968,-54.077039,-49.693805,0.000000
969,-53.996165,-49.730317,0.000000
970,-53.915670,-49.767086,0.000000
971,-53.835576,-49.804112,0.000000
972,-53.755869,-49.841392,0.000000
973,-53.676544,-49.878925,0.000000
974,-53.597614,-49.916710,0.000000
975,-53.519062,-49.954746,0.000000
976,-53.440872,-49.993031,0.000000
977,-53.363056,-50.031563,0.000000
978,-53.285598,-50.070343,0.000000
979,-53.208498,-50.109367,0.000000
980,-53.131751,-50.148636,0.000000
981,-53.055358,-50.188147,0.000000
982,-52.979302,-50.227900,0.000000
983,-52.903581,-50.267893,0.000000
984,-52.828193,-50.308125,0.000000
985,-52.753135,-50.348595,0.000000
986,-52.678392,-50.389301,0.000000
987,-52.603950,-50.430244,0.000000
988,-52.529822,-50.471420,0.000000
989,-52.455991,-50.512830,0.000000
990,-52.382457,-50.554473,0.000000
991,-52.309226,-50.596346,0.000000
992,-52.236262,-50.638450,0.000000
993,-52.163587,-50.680783,0.000000
994,-52.091178,-50.723344,0.000000
995,-52.019039,-50.766133,0.000000
996,-51.947137,-50.809147,0.000000
997,-51.875454,-50.852387,0.000000
998,-51.804007,-50.895851,0.000000
999,-51.732795,-50.939539,0.000000
1000,-51.661815,-50.983450,0.000000
1001,-51.591067,-51.027583,0.000000
1002,-51.520514,-51.071937,0.000000
1003,-51.450151,-51.116511,0.000000
1004,-51.380016,-51.161305,0.000000
1005,-51.310072,-51.206318,0.000000
1006,-51.240318,-51.251549,0.000000
1007,-51.170719,-51.296997,0.000000
1008,-51.101312,-51.342662,0.000000
1009,-51.032057,-51.388544,0.000000
1010,-50.962954,-51.434641,0.000000
1011,-50.893966,-51.480953,0.000000
1012,-50.825127,-51.527479,0.000000
1013,-50.756398,-51.574219,0.000000
1014,-50.687782,-51.621173,0.000000
1015,-50.619244,-51.668340,0.000000
1016,-50.550818,-51.715720,0.000000
1017,-50.482472,-51.763312,0.000000
1018,-50.414198,-51.811116,0.000000
1019,-50.345965,-51.859132,0.000000
1020,-50.277842,-51.907359,0.000000
1021,-50.209732,-51.955797,0.000000
1022,-50.141653,-52.004446,0.000000
1023,-50.073544,-52.053305,0.000000
1024,-50.005484,-52.102376,0.000000
1025,-49.937384,-52.151657,0.000000
1026,-49.869098,-52.201148,0.000000
1027,-49.800727,-52.250851,0.000000
1028,-49.732367,-52.300765,0.000000
1029,-49.663924,-52.350890,0.000000
1030,-49.595397,-52.401226,0.000000
1031,-49.526693,-52.451774,0.000000
1032,-49.457897,-52.502535,0.000000
1033,-49.388924,-52.553508,0.000000
1034,-49.319778,-52.604693,0.000000
1035,-49.250458,-52.656093,0.000000
1036,-49.180966,-52.707706,0.000000
1037,-49.111315,-52.759533,0.000000
1038,-49.041400,-52.811576,0.000000
1039,-48.971127,-52.863834,0.000000
1040,-48.900594,-52.916309,0.000000
1041,-48.829802,-52.969001,0.000000
1042,-48.758647,-53.021912,0.000000
1043,-48.687048,-53.075043,0.000000
1044,-48.615008,-53.128394,0.000000
1045,-48.542542,-53.181968,0.000000
1046,-48.469641,-53.235765,0.000000
1047,-48.396131,-53.289788,0.000000
1048,-48.322167,-53.344038,0.000000
1049,-48.247518,-53.398516,0.000000
1050,-48.172328,-53.453224,0.000000
1051,-48.096462,-53.508166,0.000000
1052,-48.019968,-53.563341,0.000000
1053,-47.942687,-53.618754,0.000000
1054,-47.864006,-53.674405,0.000000
1055,-47.784495,-53.730300,0.000000
1056,-47.704161,-53.786442,0.000000
1057,-47.622752,-53.842832,0.000000
1058,-47.540275,-53.899475,0.000000
1059,-47.456446,-53.956375,0.000000
1060,-47.371308,-54.013534,0.000000
1061,-47.284870,-54.070959,0.000000
1062,-47.196881,-54.128652,0.000000
1063,-47.107353,-54.186620,0.000000
1064,-47.016071,-54.244866,0.000000
1065,-46.923015,-54.303398,0.000000
1066,-46.827941,-54.362220,0.000000
1067,-46.730570,-54.421339,0.000000
1068,-46.630954,-54.480764,0.000000
1069,-46.528590,-54.540500,0.000000
1070,-46.423532,-54.600558,0.000000
1071,-46.315220,-54.660946,0.000000
1072,-46.203515,-54.721675,0.000000
1073,-46.088562,-54.782756,0.000000
1074,-45.969681,-54.844200,0.000000
1075,-45.844820,-54.906019,0.000000
1076,-45.715141,-54.968235,0.000000
1077,-45.579275,-55.030861,0.000000
1078,-45.437266,-55.093920,0.000000
1079,-45.288378,-55.157431,0.000000
1080,-45.131344,-55.221417,0.000000
1081,-44.964917,-55.285906,0.000000
1082,-44.787679,-55.350927,0.000000
1083,-44.597533,-55.416518,0.000000
1084,-44.391954,-55.482721,0.000000
1085,-44.168269,-55.549587,0.000000
1086,-43.922857,-55.617176,0.000000
1087,-43.646824,-55.685561,0.000000
1088,-43.334738,-55.754843,0.000000
1089,-42.977195,-55.825142,0.000000
1090,-42.556092,-55.896609,0.000000
1091,-42.041429,-55.969457,0.000000
1092,-41.383192,-56.043996,0.000000
1093,-40.474017,-56.120704,0.000000
1094,-39.053305,-56.200417,0.000000
1095,-36.177196,-56.284839,0.000000
1096,-24.084482,-56.378820,0.000000
1097,0.000000,-56.513078,1.000000
1098,-58.000000,-56.727574,0.000000
1099,-57.893413,-56.748665,0.000000
1100,-57.787442,-56.770104,0.000000
1101,-57.682085,-56.791889,0.000000
1102,-57.577335,-56.814018,0.000000
1103,-57.473189,-56.836489,0.000000
1104,-57.369642,-56.859299,0.000000
1105,-57.266690,-56.882447,0.000000
1106,-57.164329,-56.905931,0.000000
1107,-57.062553,-56.929748,0.000000
1108,-56.961359,-56.953896,0.000000
1109,-56.860740,-56.978374,0.000000
1110,-56.760695,-57.003178,0.000000
1111,-56.661216,-57.028308,0.000000
1112,-56.562301,-57.053761,0.000000
1113,-56.463945,-57.079536,0.000000
1114,-56.366144,-57.105630,0.000000
1115,-56.268894,-57.132040,0.000000
1116,-56.172188,-57.158767,0.000000
1117,-56.076025,-57.185807,0.000000
1118,-55.980400,-57.213158,0.000000
1119,-55.885298,-57.240819,0.000000
1120,-55.790725,-57.268788,0.000000
1121,-55.696673,-57.297062,0.000000
1122,-55.603139,-57.325641,0.000000
1123,-55.510118,-57.354522,0.000000
1124,-55.417609,-57.383703,0.000000
1125,-55.325602,-57.413183,0.000000
1126,-55.234095,-57.442960,0.000000
1127,-55.143080,-57.473032,0.000000
1128,-55.052560,-57.503398,0.000000
1129,-54.962526,-57.534055,0.000000
1130,-54.872969,-57.565001,0.000000
1131,-54.783888,-57.596237,0.000000
1132,-54.695278,-57.627758,0.000000
1133,-54.607133,-57.659565,0.000000
1134,-54.519451,-57.691654,0.000000
1135,-54.432227,-57.724026,0.000000
1136,-54.345449,-57.756677,0.000000
1137,-54.259128,-57.789606,0.000000
1138,-54.173244,-57.822813,0.000000
1139,-54.087794,-57.856294,0.000000
1140,-54.002784,-57.890050,0.000000
1141,-53.918192,-57.924077,0.000000
1142,-53.834004,-57.958375,0.000000
1143,-53.750229,-57.992942,0.000000
1144,-53.666863,-58.027777,0.000000
1145,-53.583903,-58.062878,0.000000
1146,-53.501348,-58.098244,0.000000
1147,-53.419180,-58.133874,0.000000
1148,-53.337398,-58.169765,0.000000
1149,-53.256000,-58.205917,0.000000
1150,-53.174984,-58.242328,0.000000
1151,-53.094335,-58.278998,0.000000
1152,-53.014051,-58.315924,0.000000
1153,-52.934128,-58.353105,0.000000
1154,-52.854552,-58.390540,0.000000
1155,-52.775319,-58.428228,0.000000
1156,-52.696429,-58.466167,0.000000
1157,-52.617866,-58.504357,0.000000
1158,-52.539641,-58.542796,0.000000
1159,-52.461728,-58.581483,0.000000
1160,-52.384135,-58.620417,0.000000
1161,-52.306861,-58.659596,0.000000
1162,-52.229879,-58.699020,0.000000
1163,-52.153187,-58.738687,0.000000
1164,-52.076799,-58.778597,0.000000
1165,-52.000693,-58.818748,0.000000
1166,-51.924849,-58.859140,0.000000
1167,-51.849205,-58.899771,0.000000
1168,-51.773822,-58.940640,0.000000
1169,-51.698699,-58.981747,0.000000
1170,-51.623800,-59.023091,0.000000
1171,-51.549156,-59.064670,0.000000
1172,-51.474729,-59.106485,0.000000
1173,-51.400520,-59.148534,0.000000
1174,-51.326528,-59.190816,0.000000
1175,-51.252718,-59.233330,0.000000
1176,-51.179088,-59.276077,0.000000
1177,-51.105641,-59.319054,0.000000
1178,-51.032372,-59.362262,0.000000
1179,-50.959280,-59.405700,0.000000
1180,-50.886328,-59.449368,0.000000
1181,-50.813517,-59.493263,0.000000
1182,-50.740840,-59.537387,0.000000
1183,-50.668267,-59.581739,0.000000
1184,-50.595797,-59.626317,0.000000
1185,-50.523433,-59.671122,0.000000
1186,-50.451136,-59.716154,0.000000
1187,-50.378935,-59.761411,0.000000
1188,-50.306801,-59.806894,0.000000
1189,-50.234697,-59.852603,0.000000
1190,-50.162623,-59.898536,0.000000
1191,-50.090588,-59.944694,0.000000
1192,-50.018574,-59.991078,0.000000
1193,-49.946495,-60.037685,0.000000
1194,-49.874305,-60.084518,0.000000
1195,-49.802055,-60.131575,0.000000
1196,-49.729747,-60.178858,0.000000
1197,-49.657286,-60.226366,0.000000
1198,-49.584767,-60.274099,0.000000
1199,-49.512191,-60.322059,0.000000
1200,-49.439453,-60.370244,0.000000
1201,-49.366564,-60.418656,0.000000
1202,-49.293526,-60.467294,0.000000
1203,-49.220245,-60.516160,0.000000
1204,-49.146723,-60.565254,0.000000
1205,-49.072973,-60.614576,0.000000
1206,-48.998985,-60.664128,0.000000
1207,-48.924666,-60.713910,0.000000
1208,-48.850018,-60.763923,0.000000
1209,-48.775032,-60.814168,0.000000
1210,-48.699626,-60.864647,0.000000
1211,-48.623804,-60.915360,0.000000
1212,-48.547473,-60.966309,0.000000
1213,-48.470649,-61.017495,0.000000
1214,-48.393242,-61.068920,0.000000
1215,-48.315406,-61.120587,0.000000
1216,-48.236817,-61.172495,0.000000
1217,-48.157711,-61.224648,0.000000
1218,-48.077860,-61.277047,0.000000
1219,-47.997311,-61.329696,0.000000
1220,-47.915469,-61.382595,0.000000
1221,-47.832560,-61.435749,0.000000
1222,-47.748849,-61.489162,0.000000
1223,-47.664086,-61.542836,0.000000
1224,-47.578275,-61.596774,0.000000
1225,-47.491166,-61.650981,0.000000
1226,-47.402737,-61.705460,0.000000
1227,-47.313029,-61.760216,0.000000
1228,-47.221793,-61.815252,0.000000
1229,-47.128782,-61.870575,0.000000
1230,-47.034296,-61.926189,0.000000
1231,-46.937802,-61.982099,0.000000
1232,-46.839309,-62.038312,0.000000
1233,-46.738545,-62.094835,0.000000
1234,-46.635298,-62.151675,0.000000
1235,-46.529330,-62.208840,0.000000
1236,-46.420433,-62.266339,0.000000
1237,-46.308305,-62.324182,0.000000
1238,-46.192746,-62.382380,0.000000
1239,-46.073516,-62.440943,0.000000
1240,-45.950195,-62.499884,0.000000
1241,-45.820935,-62.559217,0.000000
1242,-45.686182,-62.618961,0.000000
1243,-45.545280,-62.679134,0.000000
1244,-45.397486,-62.739757,0.000000
1245,-45.242236,-62.800852,0.000000
1246,-45.078189,-62.862444,0.000000
1247,-44.904098,-62.924562,0.000000
1248,-44.718558,-62.987240,0.000000
1249,-44.518768,-63.050516,0.000000
1250,-44.302918,-63.114437,0.000000
1251,-44.067633,-63.179056,0.000000
1252,-43.808619,-63.244437,0.000000
1253,-43.514380,-63.310660,0.000000
1254,-43.180227,-63.377842,0.000000
1255,-42.793673,-63.446115,0.000000
1256,-42.330067,-63.515654,0.000000
1257,-41.756719,-63.586715,0.000000
1258,-40.995768,-63.659664,0.000000
1259,-39.896408,-63.735125,0.000000
1260,-37.985325,-63.814225,0.000000
1261,-33.030996,-63.899669,0.000000
1262,0.000000,-64.001599,1.000000
1263,-58.000000,-64.213599,0.000000
1264,-57.889670,-64.232194,0.000000
1265,-57.779980,-64.251151,0.000000
1266,-57.670925,-64.270467,0.000000
1267,-57.562501,-64.290141,0.000000
1268,-57.454704,-64.310169,0.000000
1269,-57.347528,-64.330550,0.000000
1270,-57.240970,-64.351281,0.000000
1271,-57.135023,-64.372361,0.000000
1272,-57.029685,-64.393787,0.000000
1273,-56.924949,-64.415557,0.000000
1274,-56.820811,-64.437668,0.000000
1275,-56.717267,-64.460120,0.000000
1276,-56.614312,-64.482909,0.000000
1277,-56.511941,-64.506033,0.000000
1278,-56.410149,-64.529492,0.000000
1279,-56.308934,-64.553281,0.000000
1280,-56.208288,-64.577400,0.000000
1281,-56.108208,-64.601847,0.000000
1282,-56.008691,-64.626619,0.000000
1283,-55.909727,-64.651714,0.000000
1284,-55.811307,-64.677131,0.000000
1285,-55.713432,-64.702868,0.000000
1286,-55.616099,-64.728922,0.000000
1287,-55.519304,-64.755292,0.000000
1288,-55.423038,-64.781976,0.000000
1289,-55.327305,-64.808972,0.000000
1290,-55.232090,-64.836278,0.000000
1291,-55.137390,-64.863892,0.000000
1292,-55.043204,-64.891813,0.000000
1293,-54.949527,-64.920038,0.000000
1294,-54.856351,-64.948566,0.000000
1295,-54.763668,-64.977396,0.000000
1296,-54.671480,-65.006524,0.000000
1297,-54.579775,-65.035951,0.000000
1298,-54.488554,-65.065673,0.000000
1299,-54.397806,-65.095689,0.000000
1300,-54.307531,-65.125998,0.000000
1301,-54.217721,-65.156597,0.000000
1302,-54.128373,-65.187486,0.000000
1303,-54.039477,-65.218662,0.000000
1304,-53.951024,-65.250124,0.000000
1305,-53.863002,-65.281871,0.000000
1306,-53.775417,-65.313900,0.000000
1307,-53.688264,-65.346211,0.000000
1308,-53.601542,-65.378801,0.000000
1309,-53.515236,-65.411670,0.000000
1310,-53.429340,-65.444815,0.000000
1311,-53.343855,-65.478236,0.000000
1312,-53.258777,-65.511930,0.000000
1313,-53.174091,-65.545897,0.000000
1314,-53.089796,-65.580135,0.000000
1315,-53.005876,-65.614642,0.000000
1316,-52.922340,-65.649417,0.000000
1317,-52.839174,-65.684460,0.000000
1318,-52.756374,-65.719768,0.000000
1319,-52.673926,-65.755340,0.000000
1320,-52.591828,-65.791175,0.000000
1321,-52.510066,-65.827272,0.000000
1322,-52.428638,-65.863629,0.000000
1323,-52.347530,-65.900246,0.000000
1324,-52.266772,-65.937120,0.000000
1325,-52.186316,-65.974252,0.000000
1326,-52.106174,-66.011640,0.000000
1327,-52.026330,-66.049282,0.000000
1328,-51.946769,-66.087178,0.000000
1329,-51.867449,-66.125326,0.000000
1330,-51.788378,-66.163726,0.000000
1331,-51.709591,-66.202377,0.000000
1332,-51.631050,-66.241277,0.000000
1333,-51.552754,-66.280427,0.000000
1334,-51.474696,-66.319824,0.000000
1335,-51.396881,-66.359468,0.000000
1336,-51.319271,-66.399359,0.000000
1337,-51.241866,-66.439495,0.000000
1338,-51.164663,-66.479876,0.000000
1339,-51.087666,-66.520500,0.000000
1340,-51.010835,-66.561368,0.000000
1341,-50.934169,-66.602478,0.000000
1342,-50.857666,-66.643830,0.000000
1343,-50.781322,-66.685423,0.000000
1344,-50.705104,-66.727257,0.000000
1345,-50.629013,-66.769330,0.000000
1346,-50.553012,-66.811644,0.000000
1347,-50.477105,-66.854197,0.000000
1348,-50.401257,-66.896988,0.000000
1349,-50.325498,-66.940018,0.000000
1350,-50.249854,-66.983287,0.000000
1351,-50.174201,-67.026793,0.000000
1352,-50.098567,-67.070536,0.000000
1353,-50.022977,-67.114518,0.000000
1354,-49.947370,-67.158736,0.000000
1355,-49.871614,-67.203192,0.000000
1356,-49.795821,-67.247886,0.000000
1357,-49.719898,-67.292817,0.000000
1358,-49.643939,-67.337986,0.000000
1359,-49.567851,-67.383394,0.000000
1360,-49.491634,-67.429040,0.000000
1361,-49.415277,-67.474925,0.000000
1362,-49.338794,-67.521049,0.000000
1363,-49.262089,-67.567412,0.000000
1364,-49.185165,-67.614016,0.000000
1365,-49.108036,-67.660861,0.000000
1366,-49.030595,-67.707947,0.000000
1367,-48.952846,-67.755276,0.000000
1368,-48.874789,-67.802848,0.000000
1369,-48.796416,-67.850664,0.000000
1370,-48.717645,-67.898726,0.000000
1371,-48.638385,-67.947034,0.000000
1372,-48.558639,-67.995591,0.000000
1373,-48.478421,-68.044397,0.000000
1374,-48.397547,-68.093454,0.000000
1375,-48.316196,-68.142764,0.000000
1376,-48.234091,-68.192329,0.000000
1377,-48.151398,-68.242151,0.000000
1378,-48.068052,-68.292232,0.000000
1379,-47.983962,-68.342575,0.000000
1380,-47.898438,-68.393181,0.000000
1381,-47.811871,-68.444055,0.000000
1382,-47.724269,-68.495201,0.000000
1383,-47.635638,-68.546621,0.000000
1384,-47.545986,-68.598320,0.000000
1385,-47.454773,-68.650301,0.000000
1386,-47.362298,-68.702568,0.000000
1387,-47.268313,-68.755126,0.000000
1388,-47.172829,-68.807980,0.000000
1389,-47.075630,-68.861135,0.000000
1390,-46.976439,-68.914596,0.000000
1391,-46.875268,-68.968369,0.000000
1392,-46.771842,-69.022462,0.000000
1393,-46.665951,-69.076882,0.000000
1394,-46.557356,-69.131636,0.000000
1395,-46.445849,-69.186735,0.000000
1396,-46.331130,-69.242186,0.000000
1397,-46.213058,-69.298002,0.000000
1398,-46.091012,-69.354192,0.000000
1399,-45.964829,-69.410771,0.000000
1400,-45.832719,-69.467751,0.000000
1401,-45.695138,-69.525152,0.000000
1402,-45.551427,-69.582994,0.000000
1403,-45.400842,-69.641294,0.000000
1404,-45.242820,-69.700078,0.000000
1405,-45.075320,-69.759368,0.000000
1406,-44.897804,-69.819198,0.000000
1407,-44.708155,-69.879598,0.000000
1408,-44.504294,-69.940611,0.000000
1409,-44.283003,-70.002283,0.000000
1410,-44.042142,-70.064673,0.000000
1411,-43.774470,-70.127844,0.000000
1412,-43.473242,-70.191886,0.000000
1413,-43.130244,-70.256912,0.000000
1414,-42.731135,-70.323058,0.000000
1415,-42.251300,-70.390514,0.000000
1416,-41.650485,-70.459546,0.000000
1417,-40.845792,-70.530557,0.000000
1418,-39.656195,-70.604228,0.000000
1419,-37.506599,-70.681839,0.000000
1420,-31.223194,-70.766590,0.000000
1421,0.000000,-70.872257,1.000000
1422,-58.000000,-71.081966,0.000000
1423,-57.886235,-71.098272,0.000000
1424,-57.773133,-71.114952,0.000000
1425,-57.660688,-71.132003,0.000000
1426,-57.548893,-71.149423,0.000000
1427,-57.437746,-71.167211,0.000000
1428,-57.327241,-71.185362,0.000000
1429,-57.217374,-71.203877,0.000000
1430,-57.108139,-71.222751,0.000000
1431,-56.999532,-71.241983,0.000000
1432,-56.891547,-71.261570,0.000000
1433,-56.784182,-71.281511,0.000000
1434,-56.677429,-71.301803,0.000000
1435,-56.571283,-71.322445,0.000000
1436,-56.465742,-71.343433,0.000000
1437,-56.360799,-71.364766,0.000000
1438,-56.256450,-71.386442,0.000000
1439,-56.152689,-71.408458,0.000000
1440,-56.049513,-71.430813,0.000000
1441,-55.946911,-71.453504,0.000000
1442,-55.844881,-71.476530,0.000000
1443,-55.743419,-71.499888,0.000000
1444,-55.642517,-71.523577,0.000000
1445,-55.542175,-71.547594,0.000000
1446,-55.442386,-71.571937,0.000000
1447,-55.343145,-71.596605,0.000000
1448,-55.244446,-71.621596,0.000000
1449,-55.146285,-71.646907,0.000000
1450,-55.048658,-71.672537,0.000000
1451,-54.951558,-71.698484,0.000000
1452,-54.854981,-71.724746,0.000000
1453,-54.758918,-71.751321,0.000000
1454,-54.663367,-71.778208,0.000000
1455,-54.568319,-71.805404,0.000000
1456,-54.473773,-71.832908,0.000000
1457,-54.379720,-71.860718,0.000000
1458,-54.286160,-71.888832,0.000000
1459,-54.193084,-71.917248,0.000000
1460,-54.100485,-71.945965,0.000000
1461,-54.008363,-71.974982,0.000000
1462,-53.916700,-72.004295,0.000000
1463,-53.825482,-72.033905,0.000000
1464,-53.734707,-72.063809,0.000000
1465,-53.644386,-72.094005,0.000000
1466,-53.554503,-72.124492,0.000000
1467,-53.465053,-72.155269,0.000000
1468,-53.376036,-72.186334,0.000000
1469,-53.287436,-72.217685,0.000000
1470,-53.199251,-72.249321,0.000000
1471,-53.111477,-72.281240,0.000000
1472,-53.024114,-72.313442,0.000000
1473,-52.937145,-72.345924,0.000000
1474,-52.850555,-72.378684,0.000000
1475,-52.764352,-72.411723,0.000000
1476,-52.678523,-72.445038,0.000000
1477,-52.593052,-72.478628,0.000000
1478,-52.507940,-72.512491,0.000000
1479,-52.423181,-72.546627,0.000000
1480,-52.338761,-72.581035,0.000000
1481,-52.254690,-72.615712,0.000000
1482,-52.170942,-72.650657,0.000000
1483,-52.087516,-72.685871,0.000000
1484,-52.004418,-72.721350,0.000000
1485,-51.921611,-72.757095,0.000000
1486,-51.839038,-72.793104,0.000000
1487,-51.756735,-72.829376,0.000000
1488,-51.674736,-72.865911,0.000000
1489,-51.592969,-72.902706,0.000000
1490,-51.511467,-72.939762,0.000000
1491,-51.430225,-72.977077,0.000000
1492,-51.349210,-73.014651,0.000000
1493,-51.268420,-73.052482,0.000000
1494,-51.187856,-73.090570,0.000000
1495,-51.107483,-73.128913,0.000000
1496,-51.027298,-73.167512,0.000000
1497,-50.947299,-73.206365,0.000000
1498,-50.867485,-73.245472,0.000000
1499,-50.787815,-73.284832,0.000000
1500,-50.708294,-73.324444,0.000000
1501,-50.628884,-73.364308,0.000000
1502,-50.549586,-73.404424,0.000000
1503,-50.470404,-73.444790,0.000000
1504,-50.391267,-73.485407,0.000000
1505,-50.312239,-73.526275,0.000000
1506,-50.233252,-73.567392,0.000000
1507,-50.154329,-73.608758,0.000000
1508,-50.075455,-73.650374,0.000000
1509,-49.996610,-73.692239,0.000000
1510,-49.917573,-73.734353,0.000000
1511,-49.838520,-73.776717,0.000000
1512,-49.759357,-73.819329,0.000000
1513,-49.680180,-73.862192,0.000000
1514,-49.600894,-73.905304,0.000000
1515,-49.521500,-73.948665,0.000000
1516,-49.441986,-73.992278,0.000000
1517,-49.362270,-74.036140,0.000000
1518,-49.282355,-74.080254,0.000000
1519,-49.202241,-74.124619,0.000000
1520,-49.121835,-74.169237,0.000000
1521,-49.041245,-74.214108,0.000000
1522,-48.960273,-74.259232,0.000000
1523,-48.879014,-74.304611,0.000000
1524,-48.797364,-74.350246,0.000000
1525,-48.715337,-74.396138,0.000000
1526,-48.632843,-74.442289,0.000000
1527,-48.549883,-74.488698,0.000000
1528,-48.466378,-74.535369,0.000000
1529,-48.382238,-74.582303,0.000000
1530,-48.297618,-74.629501,0.000000
1531,-48.212287,-74.676966,0.000000
1532,-48.126201,-74.724699,0.000000
1533,-48.039295,-74.772704,0.000000
1534,-47.951411,-74.820982,0.000000
1535,-47.862333,-74.869537,0.000000
1536,-47.772237,-74.918372,0.000000
1537,-47.681128,-74.967492,0.000000
1538,-47.588757,-75.016899,0.000000
1539,-47.495132,-75.066598,0.000000
1540,-47.399971,-75.116592,0.000000
1541,-47.303574,-75.166886,0.000000
1542,-47.205435,-75.217485,0.000000
1543,-47.105568,-75.268395,0.000000
1544,-47.003756,-75.319620,0.000000
1545,-46.899983,-75.371167,0.000000
1546,-46.794004,-75.423044,0.000000
1547,-46.685288,-75.475256,0.000000
1548,-46.573885,-75.527813,0.000000
1549,-46.459590,-75.580724,0.000000
1550,-46.341908,-75.633999,0.000000
1551,-46.220828,-75.687648,0.000000
1552,-46.095798,-75.741682,0.000000
1553,-45.966647,-75.796116,0.000000
1554,-45.831333,-75.850962,0.000000
1555,-45.690569,-75.906240,0.000000
1556,-45.543695,-75.961969,0.000000
1557,-45.389269,-76.018170,0.000000
1558,-45.226736,-76.074866,0.000000
1559,-45.055458,-76.132085,0.000000
1560,-44.873489,-76.189856,0.000000
1561,-44.678636,-76.248215,0.000000
1562,-44.468992,-76.307203,0.000000
1563,-44.241360,-76.366871,0.000000
1564,-43.992894,-76.427277,0.000000
1565,-43.715453,-76.488492,0.000000
1566,-43.401968,-76.550611,0.000000
1567,-43.044922,-76.613754,0.000000
1568,-42.626200,-76.678066,0.000000
1569,-42.119337,-76.743753,0.000000
1570,-41.479904,-76.811107,0.000000
1571,-40.600719,-76.880570,0.000000
1572,-39.256500,-76.952941,0.000000
1573,-36.645331,-77.029768,0.000000
1574,-27.035965,-77.115274,0.000000
1575,0.000000,-77.232782,1.000000
1576,-58.000000,-77.440371,0.000000
1577,-57.883056,-77.454558,0.000000
1578,-57.766793,-77.469130,0.000000
1579,-57.651207,-77.484084,0.000000
1580,-57.536293,-77.499418,0.000000
1581,-57.422045,-77.515131,0.000000
1582,-57.308457,-77.531219,0.000000
1583,-57.195526,-77.547680,0.000000
1584,-57.083247,-77.564513,0.000000
1585,-56.971615,-77.581714,0.000000
1586,-56.860623,-77.599281,0.000000
1587,-56.750267,-77.617213,0.000000
1588,-56.640542,-77.635506,0.000000
1589,-56.531443,-77.654159,0.000000
1590,-56.422965,-77.673170,0.000000
1591,-56.315102,-77.692535,0.000000
1592,-56.207850,-77.712254,0.000000
1593,-56.101206,-77.732324,0.000000
1594,-55.995163,-77.752742,0.000000
1595,-55.889708,-77.773507,0.000000
1596,-55.784843,-77.794617,0.000000
1597,-55.680563,-77.816070,0.000000
1598,-55.576861,-77.837862,0.000000
1599,-55.473733,-77.859993,0.000000
1600,-55.371174,-77.882461,0.000000
1601,-55.269178,-77.905263,0.000000
1602,-55.167741,-77.928397,0.000000
1603,-55.066854,-77.951862,0.000000
1604,-54.966514,-77.975655,0.000000
1605,-54.866718,-77.999775,0.000000
1606,-54.767457,-78.024219,0.000000
1607,-54.668722,-78.048986,0.000000
1608,-54.570512,-78.074074,0.000000
1609,-54.472823,-78.099481,0.000000
1610,-54.375642,-78.125205,0.000000
1611,-54.278970,-78.151245,0.000000
1612,-54.182801,-78.177598,0.000000
1613,-54.087130,-78.204262,0.000000
1614,-53.991949,-78.231237,0.000000
1615,-53.897216,-78.258520,0.000000
1616,-53.802962,-78.286110,0.000000
1617,-53.709184,-78.314005,0.000000
1618,-53.615865,-78.342203,0.000000
1619,-53.523004,-78.370703,0.000000
1620,-53.430595,-78.399502,0.000000
1621,-53.338624,-78.428600,0.000000
1622,-53.247090,-78.457995,0.000000
1623,-53.155988,-78.487686,0.000000
1624,-53.065305,-78.517670,0.000000
1625,-52.975038,-78.547946,0.000000
1626,-52.885183,-78.578514,0.000000
1627,-52.795724,-78.609370,0.000000
1628,-52.706659,-78.640515,0.000000
1629,-52.617973,-78.671945,0.000000
1630,-52.529663,-78.703662,0.000000
1631,-52.441717,-78.735661,0.000000
1632,-52.354142,-78.767944,0.000000
1633,-52.266924,-78.800507,0.000000
1634,-52.180034,-78.833351,0.000000
1635,-52.093476,-78.866473,0.000000
1636,-52.007252,-78.899872,0.000000
1637,-51.921338,-78.933548,0.000000
1638,-51.835679,-78.967499,0.000000
1639,-51.750309,-79.001724,0.000000
1640,-51.665227,-79.036223,0.000000
1641,-51.580432,-79.070993,0.000000
1642,-51.495887,-79.106035,0.000000
1643,-51.411586,-79.141347,0.000000
1644,-51.327566,-79.176927,0.000000
1645,-51.243756,-79.212777,0.000000
1646,-51.160156,-79.248893,0.000000
1647,-51.076802,-79.285276,0.000000
1648,-50.993619,-79.321925,0.000000
1649,-50.910642,-79.358839,0.000000
1650,-50.827833,-79.396017,0.000000
1651,-50.745153,-79.433459,0.000000
1652,-50.662606,-79.471164,0.000000
1653,-50.580190,-79.509132,0.000000
1654,-50.497910,-79.547361,0.000000
1655,-50.415694,-79.585853,0.000000
1656,-50.333565,-79.624605,0.000000
1657,-50.251538,-79.663618,0.000000
1658,-50.169535,-79.702892,0.000000
1659,-50.087583,-79.742426,0.000000
1660,-50.005688,-79.782220,0.000000
1661,-49.923748,-79.822273,0.000000
1662,-49.841613,-79.862587,0.000000
1663,-49.759389,-79.903160,0.000000
1664,-49.677170,-79.943995,0.000000
1665,-49.594861,-79.985089,0.000000
1666,-49.512369,-80.026445,0.000000
1667,-49.429777,-80.068061,0.000000
1668,-49.347003,-80.109939,0.000000
1669,-49.264049,-80.152079,0.000000
1670,-49.180821,-80.194482,0.000000
1671,-49.097428,-80.237148,0.000000
1672,-49.013669,-80.280077,0.000000
1673,-48.929642,-80.323271,0.000000
1674,-48.845253,-80.366732,0.000000
1675,-48.760400,-80.410458,0.000000
1676,-48.675096,-80.454454,0.000000
1677,-48.589345,-80.498718,0.000000
1678,-48.503067,-80.543254,0.000000
1679,-48.416158,-80.588063,0.000000
1680,-48.328613,-80.633146,0.000000
1681,-48.240539,-80.678507,0.000000
1682,-48.151682,-80.724145,0.000000
1683,-48.062093,-80.770065,0.000000
1684,-47.971518,-80.816268,0.000000
1685,-47.879575,-80.862757,0.000000
1686,-47.786632,-80.909538,0.000000
1687,-47.692696,-80.956613,0.000000
1688,-47.597516,-81.003985,0.000000
1689,-47.501100,-81.051658,0.000000
1690,-47.403165,-81.099637,0.000000
1691,-47.303758,-81.147927,0.000000
1692,-47.202627,-81.196532,0.000000
1693,-47.099531,-81.245457,0.000000
1694,-46.994512,-81.294710,0.000000
1695,-46.887552,-81.344297,0.000000
1696,-46.778149,-81.394224,0.000000
1697,-46.666289,-81.444499,0.000000
1698,-46.551508,-81.495129,0.000000
1699,-46.433600,-81.546126,0.000000
1700,-46.312008,-81.597499,0.000000
1701,-46.186853,-81.649259,0.000000
1702,-46.057835,-81.701420,0.000000
1703,-45.923959,-81.753993,0.000000
1704,-45.783840,-81.806996,0.000000
1705,-45.637607,-81.860447,0.000000
1706,-45.485302,-81.914368,0.000000
1707,-45.325485,-81.968779,0.000000
1708,-45.156902,-82.023705,0.000000
1709,-44.978300,-82.079174,0.000000
1710,-44.788279,-82.135219,0.000000
1711,-44.584736,-82.191880,0.000000
1712,-44.364457,-82.249200,0.000000
1713,-44.125302,-82.307236,0.000000
1714,-43.861915,-82.366049,0.000000
1715,-43.565341,-82.425720,0.000000
1716,-43.229075,-82.486361,0.000000
1717,-42.839968,-82.548102,0.000000
1718,-42.377845,-82.611119,0.000000
1719,-41.805475,-82.675656,0.000000
1720,-41.050043,-82.742079,0.000000
1721,-39.966368,-82.810998,0.000000
1722,-38.115005,-82.883507,0.000000
1723,-33.521419,-82.962162,0.000000
1724,0.000000,-83.056103,1.000000
1725,-58.000000,-83.261751,0.000000
1726,-57.880146,-83.273997,0.000000
1727,-57.760990,-83.286639,0.000000
1728,-57.642530,-83.299673,0.000000
1729,-57.524758,-83.313098,0.000000
1730,-57.407671,-83.326911,0.000000
1731,-57.291262,-83.341110,0.000000
1732,-57.175527,-83.355692,0.000000
1733,-57.060461,-83.370655,0.000000
1734,-56.946057,-83.385997,0.000000
1735,-56.832313,-83.401714,0.000000
1736,-56.719221,-83.417806,0.000000
1737,-56.606776,-83.434269,0.000000
1738,-56.494973,-83.451102,0.000000
1739,-56.383807,-83.468302,0.000000
1740,-56.273275,-83.485866,0.000000
1741,-56.163369,-83.503793,0.000000
1742,-56.054084,-83.522081,0.000000
1743,-55.945414,-83.540727,0.000000
1744,-55.837345,-83.559728,0.000000
1745,-55.729881,-83.579084,0.000000
1746,-55.623016,-83.598791,0.000000
1747,-55.516749,-83.618848,0.000000
1748,-55.411067,-83.639253,0.000000
1749,-55.305972,-83.660003,0.000000
1750,-55.201450,-83.681096,0.000000
1751,-55.097498,-83.702531,0.000000
1752,-54.994113,-83.724305,0.000000
1753,-54.891291,-83.746417,0.000000
1754,-54.789024,-83.768864,0.000000
1755,-54.687302,-83.791644,0.000000
1756,-54.586118,-83.814756,0.000000
1757,-54.485475,-83.838197,0.000000
1758,-54.385357,-83.861966,0.000000
1759,-54.285768,-83.886061,0.000000
1760,-54.186696,-83.910479,0.000000
1761,-54.088136,-83.935220,0.000000
1762,-53.990083,-83.960281,0.000000
1763,-53.892497,-83.985661,0.000000
1764,-53.795408,-84.011357,0.000000
1765,-53.698799,-84.037369,0.000000
1766,-53.602669,-84.063694,0.000000
1767,-53.507013,-84.090330,0.000000
1768,-53.411815,-84.117277,0.000000
1769,-53.317085,-84.144532,0.000000
1770,-53.222797,-84.172093,0.000000
1771,-53.128946,-84.199960,0.000000
1772,-53.035544,-84.228130,0.000000
1773,-52.942562,-84.256602,0.000000
1774,-52.849996,-84.285375,0.000000
1775,-52.757843,-84.314446,0.000000
1776,-52.666089,-84.343815,0.000000
1777,-52.574731,-84.373480,0.000000
1778,-52.483756,-84.403440,0.000000
1779,-52.393161,-84.433693,0.000000
1780,-52.302939,-84.464238,0.000000
1781,-52.213081,-84.495073,0.000000
1782,-52.123566,-84.526198,0.000000
1783,-52.034395,-84.557611,0.000000
1784,-51.945544,-84.589310,0.000000
1785,-51.856946,-84.621295,0.000000
1786,-51.768690,-84.653565,0.000000
1787,-51.680707,-84.686118,0.000000
1788,-51.593029,-84.718954,0.000000
1789,-51.505619,-84.752071,0.000000
1790,-51.418470,-84.785468,0.000000
1791,-51.331587,-84.819145,0.000000
1792,-51.244967,-84.853099,0.000000
1793,-51.158539,-84.887332,0.000000
1794,-51.072341,-84.921841,0.000000
1795,-50.986367,-84.956626,0.000000
1796,-50.900581,-84.991686,0.000000
1797,-50.814982,-85.027020,0.000000
1798,-50.729529,-85.062628,0.000000
1799,-50.644192,-85.098508,0.000000
1800,-50.559005,-85.134661,0.000000
1801,-50.473935,-85.171086,0.000000
1802,-50.388939,-85.207783,0.000000
1803,-50.304065,-85.244751,0.000000
1804,-50.219267,-85.281989,0.000000
1805,-50.134502,-85.319497,0.000000
1806,-50.049745,-85.357276,0.000000
1807,-49.964933,-85.395324,0.000000
1808,-49.880047,-85.433642,0.000000
1809,-49.795088,-85.472231,0.000000
1810,-49.710057,-85.511090,0.000000
1811,-49.624954,-85.550219,0.000000
1812,-49.539780,-85.589620,0.000000
1813,-49.454429,-85.629290,0.000000
1814,-49.368914,-85.669232,0.000000
1815,-49.283237,-85.709446,0.000000
1816,-49.197302,-85.749932,0.000000
1817,-49.111114,-85.790691,0.000000
1818,-49.024590,-85.831724,0.000000
1819,-48.937815,-85.873031,0.000000
1820,-48.850696,-85.914614,0.000000
1821,-48.763131,-85.956474,0.000000
1822,-48.675132,-85.998611,0.000000
1823,-48.586608,-86.041028,0.000000
1824,-48.497576,-86.083726,0.000000
1825,-48.407848,-86.126706,0.000000
1826,-48.317584,-86.169971,0.000000
1827,-48.226526,-86.213522,0.000000
1828,-48.134774,-86.257362,0.000000
1829,-48.042145,-86.301494,0.000000
1830,-47.948479,-86.345920,0.000000
1831,-47.853657,-86.390643,0.000000
1832,-47.757595,-86.435667,0.000000
1833,-47.660560,-86.480996,0.000000
1834,-47.562044,-86.526634,0.000000
1835,-47.462315,-86.572585,0.000000
1836,-47.361090,-86.618853,0.000000
1837,-47.258154,-86.665443,0.000000
1838,-47.153521,-86.712361,0.000000
1839,-47.046975,-86.759612,0.000000
1840,-46.938240,-86.807202,0.000000
1841,-46.827333,-86.855139,0.000000
1842,-46.713720,-86.903429,0.000000
1843,-46.597454,-86.952082,0.000000
1844,-46.478070,-87.001107,0.000000
1845,-46.355076,-87.050513,0.000000
1846,-46.228910,-87.100312,0.000000
1847,-46.098378,-87.150516,0.000000
1848,-45.963507,-87.201138,0.000000
1849,-45.822510,-87.252192,0.000000
1850,-45.675401,-87.303700,0.000000
1851,-45.522227,-87.355680,0.000000
1852,-45.361546,-87.408154,0.000000
1853,-45.192099,-87.461146,0.000000
1854,-45.013257,-87.514686,0.000000
1855,-44.823079,-87.568803,0.000000
1856,-44.619381,-87.623537,0.000000
1857,-44.399561,-87.678931,0.000000
1858,-44.160419,-87.735039,0.000000
1859,-43.898264,-87.791926,0.000000
1860,-43.602512,-87.849668,0.000000
1861,-43.268960,-87.908376,0.000000
1862,-42.884437,-87.968177,0.000000
1863,-42.428987,-88.029239,0.000000
1864,-41.865383,-88.091800,0.000000
1865,-41.127318,-88.156218,0.000000
1866,-40.081421,-88.223075,0.000000
1867,-38.351391,-88.293396,0.000000
1868,-34.268652,-88.369460,0.000000
1869,-2.789383,-88.459108,0.000000
1870,0.000000,-88.653657,1.000000
1871,-58.000000,-88.857439,0.000000
1872,-57.877348,-88.867819,0.000000
1873,-57.755412,-88.878606,0.000000
1874,-57.634188,-88.889795,0.000000
1875,-57.513669,-88.901384,0.000000
1876,-57.393853,-88.913371,0.000000
1877,-57.274732,-88.925754,0.000000
1878,-57.156301,-88.938530,0.000000
1879,-57.038555,-88.951696,0.000000
1880,-56.921488,-88.965250,0.000000
1881,-56.805097,-88.979190,0.000000
1882,-56.689374,-88.993513,0.000000
1883,-56.574313,-89.008218,0.000000
1884,-56.459911,-89.023301,0.000000
1885,-56.346162,-89.038760,0.000000
1886,-56.233062,-89.054593,0.000000
1887,-56.120602,-89.070798,0.000000
1888,-56.008779,-89.087372,0.000000
1889,-55.897585,-89.104314,0.000000
1890,-55.787006,-89.121620,0.000000
1891,-55.677050,-89.139290,0.000000
1892,-55.567708,-89.157320,0.000000
1893,-55.458970,-89.175708,0.000000
1894,-55.350833,-89.194453,0.000000
1895,-55.243294,-89.213552,0.000000
1896,-55.136343,-89.233004,0.000000
1897,-55.029979,-89.252805,0.000000
1898,-54.924191,-89.272954,0.000000
1899,-54.818977,-89.293449,0.000000
1900,-54.714327,-89.314288,0.000000
1901,-54.610238,-89.335469,0.000000
1902,-54.506704,-89.356989,0.000000
1903,-54.403714,-89.378848,0.000000
1904,-54.301266,-89.401043,0.000000
1905,-54.199356,-89.423571,0.000000
1906,-54.097968,-89.446432,0.000000
1907,-53.997105,-89.469624,0.000000
1908,-53.896735,-89.493143,0.000000
1909,-53.796867,-89.516990,0.000000
1910,-53.697497,-89.541161,0.000000
1911,-53.598622,-89.565656,0.000000
1912,-53.500240,-89.590472,0.000000
1913,-53.402332,-89.615608,0.000000
1914,-53.304898,-89.641061,0.000000
1915,-53.207921,-89.666831,0.000000
1916,-53.111399,-89.692916,0.000000
1917,-53.015331,-89.719314,0.000000
1918,-52.919699,-89.746023,0.000000
1919,-52.824501,-89.773042,0.000000
1920,-52.729719,-89.800369,0.000000
1921,-52.635352,-89.828003,0.000000
1922,-52.541386,-89.855943,0.000000
1923,-52.447819,-89.884186,0.000000
1924,-52.354636,-89.912732,0.000000
1925,-52.261842,-89.941579,0.000000
1926,-52.169400,-89.970725,0.000000
1927,-52.077321,-90.000170,0.000000
1928,-51.985602,-90.029913,0.000000
1929,-51.894146,-90.059951,0.000000
1930,-51.803017,-90.090283,0.000000
1931,-51.712213,-90.120910,0.000000
1932,-51.621697,-90.151829,0.000000
1933,-51.531468,-90.183039,0.000000
1934,-51.441518,-90.214540,0.000000
1935,-51.351850,-90.246330,0.000000
1936,-51.262429,-90.278408,0.000000
1937,-51.173253,-90.310774,0.000000
1938,-51.084324,-90.343426,0.000000
1939,-50.995602,-90.376364,0.000000
1940,-50.907085,-90.409587,0.000000
1941,-50.818738,-90.443093,0.000000
1942,-50.730555,-90.476883,0.000000
1943,-50.642539,-90.510956,0.000000
1944,-50.554655,-90.545310,0.000000
1945,-50.466872,-90.579946,0.000000
1946,-50.379188,-90.614863,0.000000
1947,-50.291625,-90.650061,0.000000
1948,-50.204156,-90.685539,0.000000
1949,-50.116712,-90.721296,0.000000
1950,-50.029291,-90.757334,0.000000
1951,-49.941859,-90.793650,0.000000
1952,-49.854224,-90.830246,0.000000
1953,-49.766534,-90.867122,0.000000
1954,-49.678789,-90.904278,0.000000
1955,-49.590990,-90.941714,0.000000
1956,-49.503043,-90.979430,0.000000
1957,-49.414936,-91.017426,0.000000
1958,-49.326683,-91.055704,0.000000
1959,-49.238191,-91.094263,0.000000
1960,-49.149460,-91.133105,0.000000
1961,-49.060504,-91.172229,0.000000
1962,-48.971124,-91.211636,0.000000
1963,-48.881417,-91.251329,0.000000
1964,-48.791279,-91.291307,0.000000
1965,-48.700724,-91.331572,0.000000
1966,-48.609662,-91.372126,0.000000
1967,-48.518106,-91.412969,0.000000
1968,-48.425860,-91.454105,0.000000
1969,-48.332941,-91.495534,0.000000
1970,-48.239434,-91.537259,0.000000
1971,-48.145131,-91.579282,0.000000
1972,-48.049872,-91.621605,0.000000
1973,-47.953593,-91.664231,0.000000
1974,-47.856079,-91.707164,0.000000
1975,-47.757344,-91.750408,0.000000
1976,-47.657653,-91.793967,0.000000
1977,-47.556499,-91.837844,0.000000
1978,-47.453858,-91.882043,0.000000
1979,-47.349773,-91.926569,0.000000
1980,-47.243996,-91.971428,0.000000
1981,-47.136283,-92.016624,0.000000
1982,-47.026677,-92.062164,0.000000
1983,-46.914905,-92.108054,0.000000
1984,-46.800721,-92.154302,0.000000
1985,-46.683854,-92.200915,0.000000
1986,-46.564098,-92.247901,0.000000
1987,-46.440991,-92.295272,0.000000
1988,-46.314747,-92.343037,0.000000
1989,-46.184203,-92.391207,0.000000
1990,-46.049766,-92.439795,0.000000
1991,-45.909803,-92.488816,0.000000
1992,-45.763707,-92.538287,0.000000
1993,-45.611542,-92.588229,0.000000
1994,-45.452645,-92.638661,0.000000
1995,-45.285584,-92.689606,0.000000
1996,-45.109103,-92.741091,0.000000
1997,-44.921967,-92.793147,0.000000
1998,-44.722770,-92.845809,0.000000
1999,-44.508724,-92.899118,0.000000
