0,-58.000000,0.000000,0.000000
1,-57.894817,0.000000,0.000000
2,-57.790150,0.000175,0.000000
3,-57.685996,0.000525,0.000000
4,-57.582352,0.001048,0.000000
5,-57.479215,0.001743,0.000000
6,-57.376582,0.002610,0.000000
7,-57.274450,0.003646,0.000000
8,-57.172817,0.004853,0.000000
9,-57.071678,0.006227,0.000000
10,-56.971031,0.007769,0.000000
11,-56.870874,0.009478,0.000000
12,-56.771202,0.011352,0.000000
13,-56.672013,0.013390,0.000000
14,-56.573304,0.015592,0.000000
15,-56.475072,0.017957,0.000000
16,-56.377313,0.020484,0.000000
17,-56.280024,0.023171,0.000000
18,-56.183203,0.026018,0.000000
19,-56.086846,0.029025,0.000000
20,-55.990949,0.032189,0.000000
21,-55.895510,0.035511,0.000000
22,-55.800526,0.038989,0.000000
23,-55.705993,0.042622,0.000000
24,-55.611908,0.046410,0.000000
25,-55.518267,0.050351,0.000000
26,-55.425067,0.054446,0.000000
27,-55.332305,0.058692,0.000000
28,-55.239978,0.063089,0.000000
29,-55.148082,0.067636,0.000000
30,-55.056613,0.072333,0.000000
31,-54.965568,0.077179,0.000000
32,-54.874944,0.082172,0.000000
33,-54.784736,0.087312,0.000000
34,-54.694942,0.092598,0.000000
35,-54.605558,0.098029,0.000000
36,-54.516579,0.103605,0.000000
37,-54.428003,0.109324,0.000000
38,-54.339825,0.115186,0.000000
39,-54.252041,0.121191,0.000000
40,-54.164649,0.127336,0.000000
41,-54.077643,0.133622,0.000000
42,-53.991020,0.140048,0.000000
43,-53.904775,0.146613,0.000000
44,-53.818905,0.153316,0.000000
45,-53.733406,0.160157,0.000000
46,-53.648273,0.167135,0.000000
47,-53.563501,0.174248,0.000000
48,-53.479087,0.181497,0.000000
49,-53.395027,0.188881,0.000000
50,-53.311315,0.196398,0.000000
51,-53.227947,0.204049,0.000000
52,-53.144918,0.211832,0.000000
53,-53.062224,0.219748,0.000000
54,-52.979860,0.227794,0.000000
55,-52.897821,0.235971,0.000000
56,-52.816101,0.244278,0.000000
57,-52.734697,0.252715,0.000000
58,-52.653602,0.261279,0.000000
59,-52.572811,0.269972,0.000000
60,-52.492320,0.278793,0.000000
61,-52.412121,0.287740,0.000000
62,-52.332211,0.296813,0.000000
63,-52.252582,0.306012,0.000000
64,-52.173230,0.315336,0.000000
65,-52.094148,0.324785,0.000000
66,-52.015330,0.334357,0.000000
67,-51.936770,0.344053,0.000000
68,-51.858461,0.353872,0.000000
69,-51.780397,0.363813,0.000000
70,-51.702572,0.373875,0.000000
71,-51.624977,0.384060,0.000000
72,-51.547607,0.394365,0.000000
73,-51.470453,0.404790,0.000000
74,-51.393510,0.415335,0.000000
75,-51.316768,0.426000,0.000000
76,-51.240220,0.436784,0.000000
77,-51.163858,0.447686,0.000000
78,-51.087675,0.458706,0.000000
79,-51.011661,0.469845,0.000000
80,-50.935807,0.481100,0.000000
81,-50.860106,0.492473,0.000000
82,-50.784547,0.503963,0.000000
83,-50.709121,0.515568,0.000000
84,-50.633818,0.527290,0.000000
85,-50.558629,0.539128,0.000000
86,-50.483542,0.551081,0.000000
87,-50.408548,0.563149,0.000000
88,-50.333634,0.575332,0.000000
89,-50.258790,0.587630,0.000000
90,-50.184004,0.600042,0.000000
91,-50.109263,0.612569,0.000000
92,-50.034554,0.625210,0.000000
93,-49.959865,0.637964,0.000000
94,-49.885182,0.650833,0.000000
95,-49.810491,0.663815,0.000000
96,-49.735777,0.676911,0.000000
97,-49.661024,0.690121,0.000000
98,-49.586217,0.703444,0.000000
99,-49.511339,0.716881,0.000000
100,-49.436373,0.730431,0.000000
101,-49.361301,0.744095,0.000000
102,-49.286104,0.757873,0.000000
103,-49.210763,0.771764,0.000000
104,-49.135257,0.785770,0.000000
105,-49.059565,0.799890,0.000000
106,-48.983663,0.814124,0.000000
107,-48.907530,0.828473,0.000000
108,-48.831139,0.842936,0.000000
109,-48.754465,0.857515,0.000000
110,-48.677481,0.872210,0.000000
111,-48.600157,0.887021,0.000000
112,-48.522464,0.901948,0.000000
113,-48.444369,0.916992,0.000000
114,-48.365839,0.932154,0.000000
115,-48.286837,0.947434,0.000000
116,-48.207325,0.962833,0.000000
117,-48.127264,0.978352,0.000000
118,-48.046610,0.993991,0.000000
119,-47.965317,1.009752,0.000000
120,-47.883337,1.025635,0.000000
121,-47.800618,1.041641,0.000000
122,-47.717103,1.057772,0.000000
123,-47.632734,1.074029,0.000000
124,-47.547445,1.090413,0.000000
125,-47.461168,1.106925,0.000000
126,-47.373828,1.123567,0.000000
127,-47.285344,1.140341,0.000000
128,-47.195629,1.157249,0.000000
129,-47.104589,1.174292,0.000000
130,-47.012120,1.191472,0.000000
131,-46.918109,1.208792,0.000000
132,-46.822433,1.226255,0.000000
133,-46.724956,1.243862,0.000000
134,-46.625529,1.261617,0.000000
135,-46.523987,1.279524,0.000000
136,-46.420147,1.297584,0.000000
137,-46.313805,1.315802,0.000000
138,-46.204733,1.334183,0.000000
139,-46.092676,1.352730,0.000000
140,-45.977344,1.371448,0.000000
141,-45.858411,1.390343,0.000000
142,-45.735503,1.409420,0.000000
143,-45.608192,1.428687,0.000000
144,-45.475984,1.448149,0.000000
145,-45.338305,1.467816,0.000000
146,-45.194481,1.487695,0.000000
147,-45.043716,1.507798,0.000000
148,-44.885060,1.528135,0.000000
149,-44.717367,1.548720,0.000000
150,-44.539238,1.569567,0.000000
151,-44.348940,1.590694,0.000000
152,-44.144292,1.612120,0.000000
153,-43.922502,1.633869,0.000000
154,-43.679915,1.655970,0.000000
155,-43.411627,1.678457,0.000000
156,-43.110854,1.701372,0.000000
157,-42.767851,1.724770,0.000000
158,-42.367962,1.748720,0.000000
159,-41.887766,1.773316,0.000000
160,-41.286718,1.798692,0.000000
161,-40.486237,1.825048,0.000000
162,-39.305894,1.852717,0.000000
163,-37.195407,1.882330,0.000000
164,-31.163084,1.915436,0.000000
165,0.000000,1.958567,1.000000
166,-46.000000,102.053602,0.000000
167,-45.932136,101.988557,0.000000
168,-45.862029,101.923680,0.000000
169,-45.789513,101.858974,0.000000
170,-45.714404,101.794442,0.000000
171,-45.636497,101.730089,0.000000
172,-45.555561,101.665920,0.000000
173,-45.471338,101.601939,0.000000
174,-45.383536,101.538152,0.000000
175,-45.291821,101.474564,0.000000
176,-45.195814,101.411182,0.000000
177,-45.095077,101.348013,0.000000
178,-44.989107,101.285065,0.000000
179,-44.877314,101.222346,0.000000
180,-44.759006,101.159865,0.000000
181,-44.633366,101.097633,0.000000
182,-44.499412,101.035663,0.000000
183,-44.355961,100.973968,0.000000
184,-44.201561,100.912563,0.000000
185,-44.034409,100.851466,0.000000
186,-43.852234,100.790699,0.000000
187,-43.652111,100.730287,0.000000
188,-43.430200,100.670258,0.000000
189,-43.181321,100.610649,0.000000
190,-42.898267,100.551505,0.000000
191,-42.570617,100.492881,0.000000
192,-42.182551,100.434853,0.000000
193,-41.708502,100.377520,0.000000
194,-41.103499,100.321024,0.000000
195,-40.278370,100.265584,0.000000
196,-39.020817,100.211566,0.000000
197,-36.639237,100.159688,0.000000
198,-28.724892,100.111823,0.000000
199,0.000000,100.077188,1.000000
200,-46.000000,200.090457,0.000000
201,-45.981155,199.943715,0.000000
202,-45.961631,199.797127,0.000000
203,-45.941399,199.650693,0.000000
204,-45.920430,199.504415,0.000000
205,-45.898691,199.358294,0.000000
206,-45.876146,199.212331,0.000000
207,-45.852761,199.066527,0.000000
208,-45.828495,198.920884,0.000000
209,-45.803306,198.775402,0.000000
210,-45.777150,198.630084,0.000000
211,-45.749980,198.484930,0.000000
212,-45.721743,198.339943,0.000000
213,-45.692383,198.195124,0.000000
214,-45.661843,198.050474,0.000000
215,-45.630057,197.905995,0.000000
216,-45.596956,197.761690,0.000000
217,-45.562464,197.617561,0.000000
218,-45.526501,197.473608,0.000000
219,-45.488976,197.329836,0.000000
220,-45.449795,197.186246,0.000000
221,-45.408850,197.042842,0.000000
222,-45.366025,196.899625,0.000000
223,-45.321194,196.756598,0.000000
224,-45.274216,196.613766,0.000000
225,-45.224936,196.471131,0.000000
226,-45.173181,196.328696,0.000000
227,-45.118760,196.186467,0.000000
228,-45.061457,196.044447,0.000000
229,-45.001034,195.902641,0.000000
230,-44.937218,195.761054,0.000000
231,-44.869703,195.619691,0.000000
232,-44.798138,195.478558,0.000000
233,-44.722124,195.337663,0.000000
234,-44.641199,195.197011,0.000000
235,-44.554828,195.056612,0.000000
236,-44.462386,194.916473,0.000000
237,-44.363136,194.776605,0.000000
238,-44.256203,194.637020,0.000000
239,-44.140536,194.497729,0.000000
240,-44.014856,194.358746,0.000000
241,-43.877592,194.220089,0.000000
242,-43.726781,194.081776,0.000000
243,-43.559932,193.943830,0.000000
244,-43.373814,193.806277,0.000000
245,-43.164149,193.669149,0.000000
246,-42.925102,193.532485,0.000000
247,-42.648452,193.396332,0.000000
248,-42.322116,193.260755,0.000000
249,-41.927373,193.125834,0.000000
250,-41.433127,192.991683,0.000000
251,-40.782567,192.858468,0.000000
252,-39.856531,192.726449,0.000000
253,-38.344105,192.596083,0.000000
254,-35.037075,192.468346,0.000000
255,-17.394780,192.346227,0.000000
256,0.000000,192.253614,1.000000
257,-46.000000,292.190069,0.000000
258,-46.027204,291.966577,0.000000
259,-46.055159,291.743227,0.000000
260,-46.083875,291.520015,0.000000
261,-46.113359,291.296942,0.000000
262,-46.143622,291.074006,0.000000
263,-46.174671,290.851205,0.000000
264,-46.206512,290.628538,0.000000
265,-46.239152,290.406003,0.000000
266,-46.272596,290.183600,0.000000
267,-46.306849,289.961326,0.000000
268,-46.341915,289.739180,0.000000
269,-46.377796,289.517161,0.000000
270,-46.414494,289.295267,0.000000
271,-46.452009,289.073497,0.000000
272,-46.490342,288.851849,0.000000
273,-46.529492,288.630322,0.000000
274,-46.569456,288.408914,0.000000
275,-46.610231,288.187624,0.000000
276,-46.651814,287.966451,0.000000
277,-46.694198,287.745392,0.000000
278,-46.737379,287.524447,0.000000
279,-46.781349,287.303615,0.000000
280,-46.826099,287.082893,0.000000
281,-46.871622,286.862280,0.000000
282,-46.917907,286.641776,0.000000
283,-46.964944,286.421378,0.000000
284,-47.012720,286.201085,0.000000
285,-47.061224,285.980896,0.000000
286,-47.110443,285.760810,0.000000
287,-47.160362,285.540826,0.000000
288,-47.210967,285.320941,0.000000
289,-47.262242,285.101155,0.000000
290,-47.314172,284.881467,0.000000
291,-47.366740,284.661876,0.000000
292,-47.419929,284.442380,0.000000
293,-47.473721,284.222978,0.000000
294,-47.528099,284.003669,0.000000
295,-47.583044,283.784453,0.000000
296,-47.638537,283.565327,0.000000
297,-47.694560,283.346292,0.000000
298,-47.751092,283.127346,0.000000
299,-47.808115,282.908488,0.000000
300,-47.865608,282.689717,0.000000
301,-47.923553,282.471033,0.000000
302,-47.981929,282.252435,0.000000
303,-48.040716,282.033921,0.000000
304,-48.099894,281.815492,0.000000
305,-48.159444,281.597146,0.000000
306,-48.219345,281.378882,0.000000
307,-48.279579,281.160701,0.000000
308,-48.340125,280.942601,0.000000
309,-48.400964,280.724582,0.000000
310,-48.462076,280.506644,0.000000
311,-48.523444,280.288785,0.000000
312,-48.585048,280.071005,0.000000
313,-48.646870,279.853304,0.000000
314,-48.708891,279.635681,0.000000
315,-48.771094,279.418137,0.000000
316,-48.833461,279.200670,0.000000
317,-48.895975,278.983280,0.000000
318,-48.958619,278.765968,0.000000
319,-49.021377,278.548732,0.000000
320,-49.084233,278.331572,0.000000
321,-49.147170,278.114489,0.000000
322,-49.210174,277.897482,0.000000
323,-49.273229,277.680550,0.000000
324,-49.336321,277.463694,0.000000
325,-49.399436,277.246914,0.000000
326,-49.462560,277.030209,0.000000
327,-49.525680,276.813580,0.000000
328,-49.588782,276.597026,0.000000
329,-49.651853,276.380547,0.000000
330,-49.714883,276.164143,0.000000
331,-49.777858,275.947815,0.000000
332,-49.840768,275.731562,0.000000
333,-49.903601,275.515385,0.000000
334,-49.966347,275.299283,0.000000
335,-50.028995,275.083256,0.000000
336,-50.091536,274.867305,0.000000
337,-50.153959,274.651430,0.000000
338,-50.216256,274.435630,0.000000
339,-50.278418,274.219907,0.000000
340,-50.340435,274.004260,0.000000
341,-50.402300,273.788689,0.000000
342,-50.464005,273.573194,0.000000
343,-50.525542,273.357777,0.000000
344,-50.586904,273.142436,0.000000
345,-50.648084,272.927172,0.000000
346,-50.709075,272.711986,0.000000
347,-50.769870,272.496878,0.000000
348,-50.830465,272.281847,0.000000
349,-50.890851,272.066895,0.000000
350,-50.951025,271.852021,0.000000
351,-51.010980,271.637226,0.000000
352,-51.070712,271.422510,0.000000
353,-51.130215,271.207874,0.000000
354,-51.189485,270.993317,0.000000
355,-51.248517,270.778840,0.000000
356,-51.307307,270.564443,0.000000
357,-51.365851,270.350128,0.000000
358,-51.424146,270.135893,0.000000
359,-51.482187,269.921739,0.000000
360,-51.539971,269.707667,0.000000
361,-51.597494,269.493678,0.000000
362,-51.654755,269.279771,0.000000
363,-51.711749,269.065946,0.000000
364,-51.768474,268.852205,0.000000
365,-51.824928,268.638547,0.000000
366,-51.881107,268.424974,0.000000
367,-51.937010,268.211485,0.000000
368,-51.992634,267.998080,0.000000
369,-52.047977,267.784761,0.000000
370,-52.103038,267.571527,0.000000
371,-52.157815,267.358379,0.000000
372,-52.212305,267.145317,0.000000
373,-52.266508,266.932342,0.000000
374,-52.320422,266.719454,0.000000
375,-52.374045,266.506654,0.000000
376,-52.427377,266.293942,0.000000
377,-52.480416,266.081318,0.000000
378,-52.533161,265.868783,0.000000
379,-52.585612,265.656337,0.000000
380,-52.637767,265.443981,0.000000
381,-52.689626,265.231714,0.000000
382,-52.741188,265.019539,0.000000
383,-52.792452,264.807454,0.000000
384,-52.843418,264.595460,0.000000
385,-52.894086,264.383558,0.000000
386,-52.944454,264.171749,0.000000
387,-52.994524,263.960031,0.000000
388,-53.044294,263.748407,0.000000
389,-53.093764,263.536876,0.000000
390,-53.142935,263.325439,0.000000
391,-53.191805,263.114097,0.000000
392,-53.240376,262.902849,0.000000
393,-53.288647,262.691696,0.000000
394,-53.336618,262.480638,0.000000
395,-53.384290,262.269677,0.000000
396,-53.431662,262.058811,0.000000
397,-53.478735,261.848043,0.000000
398,-53.525509,261.637372,0.000000
399,-53.571984,261.426798,0.000000
400,-53.618161,261.216323,0.000000
401,-53.664041,261.005945,0.000000
402,-53.709622,260.795667,0.000000
403,-53.754907,260.585488,0.000000
404,-53.799896,260.375409,0.000000
405,-53.844588,260.165429,0.000000
406,-53.888985,259.955550,0.000000
407,-53.933087,259.745773,0.000000
408,-53.976895,259.536096,0.000000
409,-54.020410,259.326521,0.000000
410,-54.063632,259.117048,0.000000
411,-54.106561,258.907678,0.000000
412,-54.149199,258.698411,0.000000
413,-54.191546,258.489247,0.000000
414,-54.233603,258.280187,0.000000
415,-54.275371,258.071230,0.000000
416,-54.316850,257.862379,0.000000
417,-54.358042,257.653632,0.000000
418,-54.398947,257.444991,0.000000
419,-54.439566,257.236455,0.000000
420,-54.479901,257.028025,0.000000
421,-54.519950,256.819702,0.000000
422,-54.559717,256.611486,0.000000
423,-54.599201,256.403377,0.000000
424,-54.638404,256.195375,0.000000
425,-54.677326,255.987482,0.000000
426,-54.715968,255.779697,0.000000
427,-54.754332,255.572020,0.000000
428,-54.792419,255.364453,0.000000
429,-54.830228,255.156995,0.000000
430,-54.867762,254.949648,0.000000
431,-54.905021,254.742410,0.000000
432,-54.942006,254.535283,0.000000
433,-54.978719,254.328267,0.000000
434,-55.015160,254.121362,0.000000
435,-55.051330,253.914569,0.000000
436,-55.087230,253.707888,0.000000
437,-55.122862,253.501320,0.000000
438,-55.158227,253.294864,0.000000
439,-55.193325,253.088521,0.000000
440,-55.228157,252.882292,0.000000
441,-55.262725,252.676176,0.000000
442,-55.297030,252.470175,0.000000
443,-55.331072,252.264288,0.000000
444,-55.364853,252.058516,0.000000
445,-55.398374,251.852859,0.000000
446,-55.431636,251.647318,0.000000
447,-55.464640,251.441892,0.000000
448,-55.497387,251.236583,0.000000
449,-55.529878,251.031390,0.000000
450,-55.562115,250.826314,0.000000
451,-55.594098,250.621356,0.000000
452,-55.625828,250.416514,0.000000
453,-55.657307,250.211791,0.000000
454,-55.688535,250.007186,0.000000
455,-55.719514,249.802699,0.000000
456,-55.750245,249.598331,0.000000
457,-55.780729,249.394082,0.000000
458,-55.810967,249.189952,0.000000
459,-55.840960,248.985942,0.000000
460,-55.870709,248.782052,0.000000
461,-55.900215,248.578283,0.000000
462,-55.929480,248.374634,0.000000
463,-55.958504,248.171106,0.000000
464,-55.987289,247.967699,0.000000
465,-56.015835,247.764414,0.000000
466,-56.044144,247.561251,0.000000
467,-56.072217,247.358209,0.000000
468,-56.100055,247.155291,0.000000
469,-56.127659,246.952494,0.000000
470,-56.155030,246.749821,0.000000
471,-56.182169,246.547271,0.000000
472,-56.209077,246.344845,0.000000
473,-56.235756,246.142543,0.000000
474,-56.262206,245.940364,0.000000
475,-56.288428,245.738310,0.000000
476,-56.314424,245.536381,0.000000
477,-56.340195,245.334577,0.000000
478,-56.365741,245.132898,0.000000
479,-56.391064,244.931344,0.000000
480,-56.416165,244.729916,0.000000
481,-56.441045,244.528614,0.000000
482,-56.465704,244.327439,0.000000
483,-56.490145,244.126390,0.000000
484,-56.514368,243.925467,0.000000
485,-56.538374,243.724672,0.000000
486,-56.562164,243.524004,0.000000
487,-56.585739,243.323464,0.000000
488,-56.609101,243.123052,0.000000
489,-56.632250,242.922767,0.000000
490,-56.655187,242.722611,0.000000
491,-56.677913,242.522584,0.000000
492,-56.700430,242.322685,0.000000
493,-56.722739,242.122916,0.000000
494,-56.744840,241.923275,0.000000
495,-56.766734,241.723765,0.000000
496,-56.788423,241.524384,0.000000
497,-56.809907,241.325133,0.000000
498,-56.831188,241.126012,0.000000
499,-56.852267,240.927022,0.000000
500,-56.873144,240.728162,0.000000
501,-56.893820,240.529433,0.000000
502,-56.914298,240.330836,0.000000
503,-56.934576,240.132370,0.000000
504,-56.954658,239.934035,0.000000
505,-56.974542,239.735832,0.000000
506,-56.994232,239.537761,0.000000
507,-57.013727,239.339823,0.000000
508,-57.033028,239.142017,0.000000
509,-57.052137,238.944344,0.000000
510,-57.071054,238.746803,0.000000
511,-57.089781,238.549396,0.000000
512,-57.108318,238.352122,0.000000
513,-57.126666,238.154981,0.000000
514,-57.144827,237.957974,0.000000
515,-57.162801,237.761101,0.000000
516,-57.180589,237.564362,0.000000
517,-57.198192,237.367758,0.000000
518,-57.215612,237.171287,0.000000
519,-57.232848,236.974952,0.000000
520,-57.249903,236.778752,0.000000
521,-57.266776,236.582686,0.000000
522,-57.283469,236.386756,0.000000
523,-57.299983,236.190961,0.000000
524,-57.316319,235.995302,0.000000
525,-57.332477,235.799779,0.000000
526,-57.348459,235.604392,0.000000
527,-57.364265,235.409141,0.000000
528,-57.379897,235.214026,0.000000
529,-57.395355,235.019048,0.000000
530,-57.410639,234.824206,0.000000
531,-57.425752,234.629502,0.000000
532,-57.440694,234.434934,0.000000
533,-57.455466,234.240504,0.000000
534,-57.470069,234.046211,0.000000
535,-57.484503,233.852056,0.000000
536,-57.498769,233.658038,0.000000
537,-57.512869,233.464159,0.000000
538,-57.526803,233.270417,0.000000
539,-57.540572,233.076814,0.000000
540,-57.554177,232.883349,0.000000
541,-57.567619,232.690022,0.000000
542,-57.580899,232.496835,0.000000
543,-57.594017,232.303786,0.000000
544,-57.606974,232.110876,0.000000
545,-57.619772,231.918105,0.000000
546,-57.632410,231.725474,0.000000
547,-57.644891,231.532982,0.000000
548,-57.657214,231.340630,0.000000
549,-57.669381,231.148417,0.000000
550,-57.681392,230.956345,0.000000
551,-57.693249,230.764412,0.000000
552,-57.704951,230.572620,0.000000
553,-57.716500,230.380968,0.000000
554,-57.727897,230.189456,0.000000
555,-57.739143,229.998085,0.000000
556,-57.750237,229.806855,0.000000
557,-57.761182,229.615765,0.000000
558,-57.771978,229.424817,0.000000
559,-57.782625,229.234010,0.000000
560,-57.793125,229.043344,0.000000
561,-57.803478,228.852819,0.000000
562,-57.813685,228.662436,0.000000
563,-57.823746,228.472194,0.000000
564,-57.833664,228.282095,0.000000
565,-57.843437,228.092137,0.000000
566,-57.853068,227.902321,0.000000
567,-57.862557,227.712647,0.000000
568,-57.871904,227.523116,0.000000
569,-57.881111,227.333727,0.000000
570,-57.890178,227.144480,0.000000
571,-57.899106,226.955376,0.000000
572,-57.907895,226.766415,0.000000
573,-57.916547,226.577596,0.000000
574,-57.925062,226.388921,0.000000
575,-57.933441,226.200388,0.000000
576,-57.941685,226.011999,0.000000
577,-57.949794,225.823753,0.000000
578,-57.957769,225.635650,0.000000
579,-57.965611,225.447691,0.000000
580,-57.973320,225.259875,0.000000
581,-57.980898,225.072203,0.000000
582,-57.988345,224.884675,0.000000
583,-57.995661,224.697290,0.000000
584,-58.002848,224.510050,0.000000
585,-58.009906,224.322953,0.000000
586,-58.016836,224.136001,0.000000
587,-58.023638,223.949193,0.000000
588,-58.030313,223.762529,0.000000
589,-58.036862,223.576010,0.000000
590,-58.043286,223.389635,0.000000
591,-58.049585,223.203405,0.000000
592,-58.055761,223.017320,0.000000
593,-58.061812,222.831379,0.000000
594,-58.067741,222.645583,0.000000
595,-58.073548,222.459932,0.000000
596,-58.079234,222.274427,0.000000
597,-58.084799,222.089066,0.000000
598,-58.090244,221.903850,0.000000
599,-58.095570,221.718780,0.000000
600,-58.100777,221.533855,0.000000
601,-58.105865,221.349076,0.000000
602,-58.110837,221.164442,0.000000
603,-58.115692,220.979953,0.000000
604,-58.120430,220.795610,0.000000
605,-58.125054,220.611413,0.000000
606,-58.129562,220.427362,0.000000
607,-58.133956,220.243457,0.000000
608,-58.138237,220.059697,0.000000
609,-58.142405,219.876084,0.000000
610,-58.146460,219.692616,0.000000
611,-58.150404,219.509295,0.000000
612,-58.154236,219.326120,0.000000
613,-58.157959,219.143091,0.000000
614,-58.161571,218.960209,0.000000
615,-58.165075,218.777473,0.000000
616,-58.168469,218.594883,0.000000
617,-58.171756,218.412440,0.000000
618,-58.174935,218.230143,0.000000
619,-58.178008,218.047993,0.000000
620,-58.180974,217.865990,0.000000
621,-58.183835,217.684133,0.000000
622,-58.186591,217.502424,0.000000
623,-58.189242,217.320861,0.000000
624,-58.191790,217.139445,0.000000
625,-58.194234,216.958175,0.000000
626,-58.196576,216.777053,0.000000
627,-58.198816,216.596078,0.000000
628,-58.200954,216.415250,0.000000
629,-58.202991,216.234569,0.000000
630,-58.204928,216.054035,0.000000
631,-58.206765,215.873649,0.000000
632,-58.208503,215.693409,0.000000
633,-58.210142,215.513317,0.000000
634,-58.211683,215.333373,0.000000
635,-58.213127,215.153576,0.000000
636,-58.214473,214.973926,0.000000
637,-58.215723,214.794423,0.000000
638,-58.216877,214.615068,0.000000
639,-58.217936,214.435861,0.000000
640,-58.218900,214.256801,0.000000
641,-58.219770,214.077889,0.000000
642,-58.220546,213.899125,0.000000
643,-58.221229,213.720508,0.000000
644,-58.221819,213.542039,0.000000
645,-58.222317,213.363717,0.000000
646,-58.222723,213.185544,0.000000
647,-58.223038,213.007518,0.000000
648,-58.223263,212.829640,0.000000
649,-58.223398,212.651910,0.000000
650,-58.223443,212.474328,0.000000
651,-58.223399,212.296893,0.000000
652,-58.223267,212.119607,0.000000
653,-58.223046,211.942469,0.000000
654,-58.222739,211.765478,0.000000
655,-58.222344,211.588636,0.000000
656,-58.221863,211.411941,0.000000
657,-58.221295,211.235395,0.000000
658,-58.220643,211.058997,0.000000
659,-58.219905,210.882746,0.000000
660,-58.219083,210.706644,0.000000
661,-58.218176,210.530690,0.000000
662,-58.217187,210.354884,0.000000
663,-58.216114,210.179227,0.000000
664,-58.214958,210.003717,0.000000
665,-58.213721,209.828356,0.000000
666,-58.212402,209.653143,0.000000
667,-58.211002,209.478078,0.000000
668,-58.209521,209.303161,0.000000
669,-58.207960,209.128393,0.000000
670,-58.206319,208.953772,0.000000
671,-58.204600,208.779300,0.000000
672,-58.202801,208.604977,0.000000
673,-58.200924,208.430801,0.000000
674,-58.198969,208.256774,0.000000
675,-58.196937,208.082895,0.000000
676,-58.194827,207.909164,0.000000
677,-58.192642,207.735582,0.000000
678,-58.190380,207.562148,0.000000
679,-58.188043,207.388862,0.000000
680,-58.185630,207.215725,0.000000
681,-58.183143,207.042736,0.000000
682,-58.180581,206.869895,0.000000
683,-58.177946,206.697202,0.000000
684,-58.175237,206.524658,0.000000
685,-58.172456,206.352262,0.000000
686,-58.169602,206.180015,0.000000
687,-58.166675,206.007915,0.000000
688,-58.163677,205.835964,0.000000
689,-58.160608,205.664162,0.000000
690,-58.157468,205.492507,0.000000
691,-58.154258,205.321001,0.000000
692,-58.150978,205.149643,0.000000
693,-58.147628,204.978433,0.000000
694,-58.144209,204.807372,0.000000
695,-58.140721,204.636459,0.000000
696,-58.137165,204.465694,0.000000
697,-58.133541,204.295077,0.000000
698,-58.129849,204.124609,0.000000
699,-58.126091,203.954289,0.000000
700,-58.122265,203.784117,0.000000
701,-58.118374,203.614093,0.000000
702,-58.114416,203.444217,0.000000
703,-58.110393,203.274490,0.000000
704,-58.106305,203.104910,0.000000
705,-58.102153,202.935479,0.000000
706,-58.097936,202.766196,0.000000
707,-58.093655,202.597061,0.000000
708,-58.089310,202.428074,0.000000
709,-58.084902,202.259235,0.000000
710,-58.080432,202.090544,0.000000
711,-58.075899,201.922001,0.000000
712,-58.071304,201.753606,0.000000
713,-58.066648,201.585360,0.000000
714,-58.061930,201.417261,0.000000
715,-58.057152,201.249310,0.000000
716,-58.052313,201.081507,0.000000
717,-58.047413,200.913852,0.000000
718,-58.042454,200.746345,0.000000
719,-58.037436,200.578985,0.000000
720,-58.032358,200.411774,0.000000
721,-58.027222,200.244710,0.000000
722,-58.022028,200.077794,0.000000
723,-58.016776,199.911026,0.000000
724,-58.011466,199.744405,0.000000
725,-58.006098,199.577933,0.000000
726,-58.000674,199.411607,0.000000
727,-57.995194,199.245430,0.000000
728,-57.989657,199.079400,0.000000
729,-57.984064,198.913518,0.000000
730,-57.978416,198.747783,0.000000
731,-57.972712,198.582196,0.000000
732,-57.966954,198.416756,0.000000
733,-57.961142,198.251464,0.000000
734,-57.955275,198.086319,0.000000
735,-57.949354,197.921322,0.000000
736,-57.943381,197.756472,0.000000
737,-57.937353,197.591769,0.000000
738,-57.931274,197.427214,0.000000
739,-57.925141,197.262806,0.000000
740,-57.918957,197.098545,0.000000
741,-57.912721,196.934431,0.000000
742,-57.906433,196.770465,0.000000
743,-57.900094,196.606645,0.000000
744,-57.893704,196.442973,0.000000
745,-57.887264,196.279448,0.000000
746,-57.880774,196.116069,0.000000
747,-57.874234,195.952838,0.000000
748,-57.867644,195.789754,0.000000
749,-57.861005,195.626816,0.000000
750,-57.854317,195.464026,0.000000
751,-57.847580,195.301382,0.000000
752,-57.840795,195.138885,0.000000
753,-57.833962,194.976534,0.000000
754,-57.827082,194.814331,0.000000
755,-57.820154,194.652273,0.000000
756,-57.813179,194.490363,0.000000
757,-57.806157,194.328599,0.000000
758,-57.799089,194.166982,0.000000
759,-57.791974,194.005511,0.000000
760,-57.784814,193.844186,0.000000
761,-57.777608,193.683008,0.000000
762,-57.770357,193.521976,0.000000
763,-57.763061,193.361091,0.000000
764,-57.755720,193.200351,0.000000
765,-57.748334,193.039758,0.000000
766,-57.740905,192.879311,0.000000
767,-57.733432,192.719010,0.000000
768,-57.725915,192.558855,0.000000
769,-57.718354,192.398847,0.000000
770,-57.710751,192.238984,0.000000
771,-57.703105,192.079267,0.000000
772,-57.695417,191.919695,0.000000
773,-57.687686,191.760270,0.000000
774,-57.679914,191.600990,0.000000
775,-57.672100,191.441856,0.000000
776,-57.664245,191.282868,0.000000
777,-57.656348,191.124025,0.000000
778,-57.648411,190.965328,0.000000
779,-57.640433,190.806776,0.000000
780,-57.632415,190.648370,0.000000
781,-57.624357,190.490109,0.000000
782,-57.616260,190.331993,0.000000
783,-57.608122,190.174023,0.000000
784,-57.599946,190.016197,0.000000
785,-57.591731,189.858517,0.000000
786,-57.583477,189.700982,0.000000
787,-57.575184,189.543592,0.000000
788,-57.566853,189.386348,0.000000
789,-57.558485,189.229248,0.000000
790,-57.550079,189.072292,0.000000
791,-57.541635,188.915482,0.000000
792,-57.533154,188.758816,0.000000
793,-57.524637,188.602295,0.000000
794,-57.516082,188.445919,0.000000
795,-57.507492,188.289687,0.000000
796,-57.498865,188.133600,0.000000
797,-57.490202,187.977658,0.000000
798,-57.481503,187.821859,0.000000
799,-57.472769,187.666205,0.000000
800,-57.464000,187.510695,0.000000
801,-57.455196,187.355330,0.000000
802,-57.446357,187.200108,0.000000
803,-57.437484,187.045031,0.000000
804,-57.428577,186.890098,0.000000
805,-57.419635,186.735308,0.000000
806,-57.410660,186.580663,0.000000
807,-57.401651,186.426161,0.000000
808,-57.392609,186.271803,0.000000
809,-57.383533,186.117589,0.000000
810,-57.374425,185.963519,0.000000
811,-57.365284,185.809592,0.000000
812,-57.356111,185.655808,0.000000
813,-57.346906,185.502168,0.000000
814,-57.337668,185.348672,0.000000
815,-57.328399,185.195318,0.000000
816,-57.319099,185.042108,0.000000
817,-57.309767,184.889041,0.000000
818,-57.300404,184.736118,0.000000
819,-57.291010,184.583337,0.000000
820,-57.281586,184.430699,0.000000
821,-57.272131,184.278204,0.000000
822,-57.262646,184.125852,0.000000
823,-57.253131,183.973643,0.000000
824,-57.243586,183.821576,0.000000
825,-57.234011,183.669652,0.000000
826,-57.224407,183.517871,0.000000
827,-57.214774,183.366232,0.000000
828,-57.205112,183.214736,0.000000
829,-57.195422,183.063382,0.000000
830,-57.185702,182.912170,0.000000
831,-57.175955,182.761100,0.000000
832,-57.166179,182.610173,0.000000
833,-57.156375,182.459387,0.000000
834,-57.146544,182.308744,0.000000
835,-57.136685,182.158242,0.000000
836,-57.126799,182.007883,0.000000
837,-57.116885,181.857665,0.000000
838,-57.106945,181.707588,0.000000
839,-57.096977,181.557654,0.000000
840,-57.086984,181.407861,0.000000
841,-57.076964,181.258209,0.000000
842,-57.066917,181.108699,0.000000
843,-57.056845,180.959331,0.000000
844,-57.046747,180.810103,0.000000
845,-57.036623,180.661017,0.000000
846,-57.026474,180.512072,0.000000
847,-57.016300,180.363267,0.000000
848,-57.006100,180.214604,0.000000
849,-56.995876,180.066082,0.000000
850,-56.985627,179.917700,0.000000
851,-56.975354,179.769460,0.000000
852,-56.965056,179.621359,0.000000
853,-56.954734,179.473400,0.000000
854,-56.944388,179.325581,0.000000
855,-56.934019,179.177902,0.000000
856,-56.923625,179.030364,0.000000
857,-56.913209,178.882966,0.000000
858,-56.902769,178.735708,0.000000
859,-56.892306,178.588591,0.000000
860,-56.881820,178.441613,0.000000
861,-56.871311,178.294775,0.000000
862,-56.860780,178.148077,0.000000
863,-56.850227,178.001519,0.000000
864,-56.839651,177.855101,0.000000
865,-56.829053,177.708822,0.000000
866,-56.818433,177.562683,0.000000
867,-56.807792,177.416684,0.000000
868,-56.797129,177.270824,0.000000
869,-56.786444,177.125103,0.000000
870,-56.775738,176.979521,0.000000
871,-56.765012,176.834079,0.000000
872,-56.754264,176.688775,0.000000
873,-56.743496,176.543611,0.000000
874,-56.732707,176.398585,0.000000
875,-56.721897,176.253699,0.000000
876,-56.711068,176.108951,0.000000
877,-56.700218,175.964341,0.000000
878,-56.689348,175.819871,0.000000
879,-56.678459,175.675539,0.000000
880,-56.667549,175.531345,0.000000
881,-56.656621,175.387290,0.000000
882,-56.645673,175.243373,0.000000
883,-56.634706,175.099594,0.000000
884,-56.623719,174.955953,0.000000
885,-56.612714,174.812450,0.000000
886,-56.601691,174.669085,0.000000
887,-56.590648,174.525858,0.000000
888,-56.579587,174.382769,0.000000
889,-56.568508,174.239817,0.000000
890,-56.557411,174.097003,0.000000
891,-56.546295,173.954327,0.000000
892,-56.535162,173.811788,0.000000
893,-56.524011,173.669386,0.000000
894,-56.512843,173.527121,0.000000
895,-56.501657,173.384994,0.000000
896,-56.490454,173.243004,0.000000
897,-56.479233,173.101151,0.000000
898,-56.467996,172.959434,0.000000
899,-56.456742,172.817855,0.000000
900,-56.445471,172.676412,0.000000
901,-56.434183,172.535106,0.000000
902,-56.422879,172.393936,0.000000
903,-56.411559,172.252903,0.000000
904,-56.400222,172.112007,0.000000
905,-56.388869,171.971246,0.000000
906,-56.377501,171.830622,0.000000
907,-56.366116,171.690134,0.000000
908,-56.354716,171.549782,0.000000
909,-56.343301,171.409566,0.000000
910,-56.331870,171.269486,0.000000
911,-56.320423,171.129542,0.000000
912,-56.308962,170.989733,0.000000
913,-56.297485,170.850060,0.000000
914,-56.285994,170.710523,0.000000
915,-56.274487,170.571120,0.000000
916,-56.262967,170.431854,0.000000
917,-56.251431,170.292722,0.000000
918,-56.239881,170.153726,0.000000
919,-56.228317,170.014865,0.000000
920,-56.216739,169.876139,0.000000
921,-56.205147,169.737547,0.000000
922,-56.193540,169.599091,0.000000
923,-56.181920,169.460769,0.000000
924,-56.170286,169.322582,0.000000
925,-56.158639,169.184529,0.000000
926,-56.146978,169.046611,0.000000
927,-56.135304,168.908827,0.000000
928,-56.123617,168.771178,0.000000
929,-56.111916,168.633662,0.000000
930,-56.100203,168.496281,0.000000
931,-56.088476,168.359034,0.000000
932,-56.076737,168.221921,0.000000
933,-56.064985,168.084941,0.000000
934,-56.053221,167.948095,0.000000
935,-56.041444,167.811383,0.000000
936,-56.029655,167.674805,0.000000
937,-56.017853,167.538360,0.000000
938,-56.006040,167.402048,0.000000
939,-55.994214,167.265870,0.000000
940,-55.982377,167.129824,0.000000
941,-55.970527,166.993912,0.000000
942,-55.958667,166.858133,0.000000
943,-55.946794,166.722487,0.000000
944,-55.934910,166.586973,0.000000
945,-55.923015,166.451593,0.000000
946,-55.911108,166.316345,0.000000
947,-55.899190,166.181229,0.000000
948,-55.887261,166.046246,0.000000
949,-55.875321,165.911396,0.000000
950,-55.863370,165.776677,0.000000
951,-55.851409,165.642091,0.000000
952,-55.839437,165.507637,0.000000
953,-55.827454,165.373315,0.000000
954,-55.815460,165.239125,0.000000
955,-55.803457,165.105067,0.000000
956,-55.791443,164.971140,0.000000
957,-55.779418,164.837345,0.000000
958,-55.767384,164.703681,0.000000
959,-55.755340,164.570149,0.000000
960,-55.743285,164.436749,0.000000
961,-55.731221,164.303479,0.000000
962,-55.719147,164.170341,0.000000
963,-55.707064,164.037334,0.000000
964,-55.694971,163.904458,0.000000
965,-55.682868,163.771712,0.000000
966,-55.670756,163.639098,0.000000
967,-55.658635,163.506614,0.000000
968,-55.646505,163.374261,0.000000
969,-55.634365,163.242038,0.000000
970,-55.622217,163.109946,0.000000
971,-55.610059,162.977984,0.000000
972,-55.597893,162.846152,0.000000
973,-55.585718,162.714451,0.000000
974,-55.573534,162.582879,0.000000
975,-55.561342,162.451437,0.000000
976,-55.549141,162.320126,0.000000
977,-55.536931,162.188944,0.000000
978,-55.524714,162.057891,0.000000
979,-55.512487,161.926969,0.000000
980,-55.500253,161.796175,0.000000
981,-55.488011,161.665511,0.000000
982,-55.475760,161.534977,0.000000
983,-55.463502,161.404571,0.000000
984,-55.451236,161.274295,0.000000
985,-55.438962,161.144148,0.000000
986,-55.426680,161.014129,0.000000
987,-55.414390,160.884240,0.000000
988,-55.402093,160.754479,0.000000
989,-55.389789,160.624847,0.000000
990,-55.377477,160.495343,0.000000
991,-55.365157,160.365968,0.000000
992,-55.352831,160.236721,0.000000
993,-55.340497,160.107602,0.000000
994,-55.328156,159.978612,0.000000
995,-55.315808,159.849750,0.000000
996,-55.303453,159.721015,0.000000
997,-55.291091,159.592408,0.000000
998,-55.278722,159.463930,0.000000
999,-55.266346,159.335579,0.000000
1000,-55.253963,159.207355,0.000000
1001,-55.241574,159.079259,0.000000
1002,-55.229179,158.951290,0.000000
1003,-55.216776,158.823449,0.000000
1004,-55.204368,158.695735,0.000000
1005,-55.191953,158.568148,0.000000
1006,-55.179531,158.440688,0.000000
1007,-55.167104,158.313355,0.000000
1008,-55.154670,158.186148,0.000000
1009,-55.142230,158.059069,0.000000
1010,-55.129784,157.932116,0.000000
1011,-55.117331,157.805289,0.000000
1012,-55.104873,157.678590,0.000000
1013,-55.092409,157.552016,0.000000
1014,-55.079940,157.425569,0.000000
1015,-55.067464,157.299247,0.000000
1016,-55.054983,157.173052,0.000000
1017,-55.042496,157.046983,0.000000
1018,-55.030003,156.921040,0.000000
1019,-55.017505,156.795222,0.000000
1020,-55.005001,156.669530,0.000000
1021,-54.992492,156.543964,0.000000
1022,-54.979978,156.418523,0.000000
1023,-54.967458,156.293208,0.000000
1024,-54.954933,156.168018,0.000000
1025,-54.942403,156.042953,0.000000
1026,-54.929868,155.918013,0.000000
1027,-54.917327,155.793198,0.000000
1028,-54.904782,155.668509,0.000000
1029,-54.892231,155.543944,0.000000
1030,-54.879676,155.419503,0.000000
1031,-54.867115,155.295188,0.000000
1032,-54.854550,155.170996,0.000000
1033,-54.841980,155.046930,0.000000
1034,-54.829405,154.922987,0.000000
1035,-54.816826,154.799169,0.000000
1036,-54.804242,154.675475,0.000000
1037,-54.791653,154.551905,0.000000
1038,-54.779060,154.428459,0.000000
1039,-54.766462,154.305137,0.000000
1040,-54.753860,154.181939,0.000000
1041,-54.741253,154.058864,0.000000
1042,-54.728642,153.935913,0.000000
1043,-54.716027,153.813085,0.000000
1044,-54.703407,153.690381,0.000000
1045,-54.690783,153.567800,0.000000
1046,-54.678155,153.445342,0.000000
1047,-54.665523,153.323007,0.000000
1048,-54.652886,153.200796,0.000000
1049,-54.640246,153.078707,0.000000
1050,-54.627601,152.956741,0.000000
1051,-54.614953,152.834898,0.000000
1052,-54.602300,152.713177,0.000000
1053,-54.589644,152.591579,0.000000
1054,-54.576984,152.470103,0.000000
1055,-54.564320,152.348750,0.000000
1056,-54.551652,152.227519,0.000000
1057,-54.538980,152.106410,0.000000
1058,-54.526305,151.985423,0.000000
1059,-54.513626,151.864558,0.000000
1060,-54.500943,151.743815,0.000000
1061,-54.488257,151.623193,0.000000
1062,-54.475567,151.502693,0.000000
1063,-54.462874,151.382315,0.000000
1064,-54.450177,151.262059,0.000000
1065,-54.437476,151.141923,0.000000
1066,-54.424772,151.021909,0.000000
1067,-54.412065,150.902016,0.000000
1068,-54.399354,150.782245,0.000000
1069,-54.386640,150.662594,0.000000
1070,-54.373923,150.543064,0.000000
1071,-54.361202,150.423655,0.000000
1072,-54.348478,150.304366,0.000000
1073,-54.335751,150.185199,0.000000
1074,-54.323021,150.066151,0.000000
1075,-54.310287,149.947225,0.000000
1076,-54.297551,149.828418,0.000000
1077,-54.284811,149.709732,0.000000
1078,-54.272068,149.591166,0.000000
1079,-54.259322,149.472720,0.000000
1080,-54.246573,149.354394,0.000000
1081,-54.233821,149.236187,0.000000
1082,-54.221066,149.118101,0.000000
1083,-54.208308,149.000134,0.000000
1084,-54.195547,148.882287,0.000000
1085,-54.182783,148.764559,0.000000
1086,-54.170016,148.646950,0.000000
1087,-54.157247,148.529461,0.000000
1088,-54.144474,148.412091,0.000000
1089,-54.131699,148.294841,0.000000
1090,-54.118921,148.177709,0.000000
1091,-54.106140,148.060696,0.000000
1092,-54.093356,147.943802,0.000000
1093,-54.080569,147.827026,0.000000
1094,-54.067780,147.710369,0.000000
1095,-54.054988,147.593831,0.000000
1096,-54.042193,147.477411,0.000000
1097,-54.029396,147.361110,0.000000
1098,-54.016596,147.244927,0.000000
1099,-54.003793,147.128861,0.000000
1100,-53.990988,147.012914,0.000000
1101,-53.978180,146.897085,0.000000
1102,-53.965370,146.781374,0.000000
1103,-53.952556,146.665781,0.000000
1104,-53.939741,146.550305,0.000000
1105,-53.926922,146.434947,0.000000
1106,-53.914102,146.319706,0.000000
1107,-53.901278,146.204583,0.000000
1108,-53.888452,146.089577,0.000000
1109,-53.875624,145.974688,0.000000
1110,-53.862793,145.859917,0.000000
1111,-53.849959,145.745262,0.000000
1112,-53.837123,145.630725,0.000000
1113,-53.824285,145.516304,0.000000
1114,-53.811444,145.402000,0.000000
1115,-53.798601,145.287812,0.000000
1116,-53.785755,145.173742,0.000000
1117,-53.772907,145.059787,0.000000
1118,-53.760056,144.945949,0.000000
1119,-53.747203,144.832227,0.000000
1120,-53.734347,144.718622,0.000000
1121,-53.721489,144.605133,0.000000
1122,-53.708629,144.491759,0.000000
1123,-53.695766,144.378502,0.000000
1124,-53.682901,144.265360,0.000000
1125,-53.670033,144.152334,0.000000
1126,-53.657163,144.039424,0.000000
1127,-53.644290,143.926629,0.000000
1128,-53.631415,143.813950,0.000000
1129,-53.618538,143.701386,0.000000
1130,-53.605658,143.588937,0.000000
1131,-53.592776,143.476603,0.000000
1132,-53.579892,143.364385,0.000000
1133,-53.567005,143.252281,0.000000
1134,-53.554115,143.140293,0.000000
1135,-53.541223,143.028419,0.000000
1136,-53.528329,142.916660,0.000000
1137,-53.515433,142.805016,0.000000
1138,-53.502534,142.693486,0.000000
1139,-53.489632,142.582070,0.000000
1140,-53.476728,142.470769,0.000000
1141,-53.463822,142.359582,0.000000
1142,-53.450913,142.248510,0.000000
1143,-53.438002,142.137551,0.000000
1144,-53.425088,142.026707,0.000000
1145,-53.412172,141.915976,0.000000
1146,-53.399254,141.805359,0.000000
1147,-53.386332,141.694856,0.000000
1148,-53.373409,141.584466,0.000000
1149,-53.360483,141.474190,0.000000
1150,-53.347554,141.364027,0.000000
1151,-53.334623,141.253978,0.000000
1152,-53.321689,141.144042,0.000000
1153,-53.308753,141.034219,0.000000
1154,-53.295814,140.924510,0.000000
1155,-53.282873,140.814913,0.000000
1156,-53.269929,140.705429,0.000000
1157,-53.256983,140.596058,0.000000
1158,-53.244033,140.486800,0.000000
1159,-53.231082,140.377654,0.000000
1160,-53.218127,140.268621,0.000000
1161,-53.205170,140.159700,0.000000
1162,-53.192210,140.050892,0.000000
1163,-53.179248,139.942196,0.000000
1164,-53.166283,139.833612,0.000000
1165,-53.153315,139.725140,0.000000
1166,-53.140344,139.616780,0.000000
1167,-53.127371,139.508532,0.000000
1168,-53.114395,139.400396,0.000000
1169,-53.101416,139.292372,0.000000
1170,-53.088434,139.184459,0.000000
1171,-53.075449,139.076658,0.000000
1172,-53.062461,138.968968,0.000000
1173,-53.049471,138.861390,0.000000
1174,-53.036478,138.753923,0.000000
1175,-53.023481,138.646568,0.000000
1176,-53.010482,138.539323,0.000000
1177,-52.997479,138.432189,0.000000
1178,-52.984474,138.325167,0.000000
1179,-52.971466,138.218255,0.000000
1180,-52.958454,138.111454,0.000000
1181,-52.945439,138.004764,0.000000
1182,-52.932421,137.898184,0.000000
1183,-52.919400,137.791715,0.000000
1184,-52.906376,137.685356,0.000000
1185,-52.893349,137.579108,0.000000
1186,-52.880318,137.472970,0.000000
1187,-52.867284,137.366942,0.000000
1188,-52.854247,137.261024,0.000000
1189,-52.841206,137.155216,0.000000
1190,-52.828162,137.049518,0.000000
1191,-52.815114,136.943930,0.000000
1192,-52.802063,136.838451,0.000000
1193,-52.789009,136.733082,0.000000
1194,-52.775951,136.627823,0.000000
1195,-52.762889,136.522673,0.000000
1196,-52.749824,136.417633,0.000000
1197,-52.736755,136.312702,0.000000
1198,-52.723682,136.207880,0.000000
1199,-52.710606,136.103167,0.000000
1200,-52.697526,135.998564,0.000000
1201,-52.684442,135.894069,0.000000
1202,-52.671354,135.789683,0.000000
1203,-52.658262,135.685406,0.000000
1204,-52.645167,135.581238,0.000000
1205,-52.632067,135.477178,0.000000
1206,-52.618963,135.373227,0.000000
1207,-52.605856,135.269385,0.000000
1208,-52.592744,135.165650,0.000000
1209,-52.579628,135.062025,0.000000
1210,-52.566507,134.958507,0.000000
1211,-52.553383,134.855097,0.000000
1212,-52.540254,134.751796,0.000000
1213,-52.527120,134.648602,0.000000
1214,-52.513983,134.545516,0.000000
1215,-52.500840,134.442539,0.000000
1216,-52.487694,134.339668,0.000000
1217,-52.474542,134.236906,0.000000
1218,-52.461386,134.134251,0.000000
1219,-52.448225,134.031703,0.000000
1220,-52.435060,133.929263,0.000000
1221,-52.421890,133.826930,0.000000
1222,-52.408715,133.724705,0.000000
1223,-52.395535,133.622586,0.000000
1224,-52.382350,133.520575,0.000000
1225,-52.369159,133.418671,0.000000
1226,-52.355964,133.316873,0.000000
1227,-52.342764,133.215183,0.000000
1228,-52.329558,133.113599,0.000000
1229,-52.316347,133.012121,0.000000
1230,-52.303131,132.910751,0.000000
1231,-52.289909,132.809487,0.000000
1232,-52.276682,132.708329,0.000000
1233,-52.263449,132.607277,0.000000
1234,-52.250211,132.506332,0.000000
1235,-52.236967,132.405493,0.000000
1236,-52.223717,132.304760,0.000000
1237,-52.210462,132.204134,0.000000
1238,-52.197200,132.103613,0.000000
1239,-52.183932,132.003198,0.000000
1240,-52.170659,131.902889,0.000000
1241,-52.157379,131.802685,0.000000
1242,-52.144093,131.702587,0.000000
1243,-52.130801,131.602595,0.000000
1244,-52.117502,131.502708,0.000000
1245,-52.104197,131.402927,0.000000
1246,-52.090886,131.303251,0.000000
1247,-52.077567,131.203680,0.000000
1248,-52.064243,131.104214,0.000000
1249,-52.050911,131.004854,0.000000
1250,-52.037573,130.905598,0.000000
1251,-52.024227,130.806447,0.000000
1252,-52.010875,130.707402,0.000000
1253,-51.997515,130.608461,0.000000
1254,-51.984149,130.509624,0.000000
1255,-51.970775,130.410893,0.000000
1256,-51.957393,130.312266,0.000000
1257,-51.944004,130.213743,0.000000
1258,-51.930608,130.115325,0.000000
1259,-51.917204,130.017011,0.000000
1260,-51.903792,129.918802,0.000000
1261,-51.890372,129.820697,0.000000
1262,-51.876945,129.722695,0.000000
1263,-51.863509,129.624798,0.000000
1264,-51.850066,129.527005,0.000000
1265,-51.836614,129.429316,0.000000
1266,-51.823153,129.331730,0.000000
1267,-51.809684,129.234249,0.000000
1268,-51.796207,129.136871,0.000000
1269,-51.782721,129.039596,0.000000
1270,-51.769226,128.942426,0.000000
1271,-51.755723,128.845358,0.000000
1272,-51.742210,128.748394,0.000000
1273,-51.728688,128.651533,0.000000
1274,-51.715157,128.554776,0.000000
1275,-51.701617,128.458122,0.000000
1276,-51.688067,128.361571,0.000000
1277,-51.674508,128.265123,0.000000
1278,-51.660939,128.168778,0.000000
1279,-51.647360,128.072535,0.000000
1280,-51.633772,127.976396,0.000000
1281,-51.620173,127.880359,0.000000
1282,-51.606564,127.784425,0.000000
1283,-51.592945,127.688594,0.000000
1284,-51.579315,127.592865,0.000000
1285,-51.565675,127.497239,0.000000
1286,-51.552024,127.401715,0.000000
1287,-51.538363,127.306294,0.000000
1288,-51.524690,127.210975,0.000000
1289,-51.511006,127.115758,0.000000
1290,-51.497312,127.020643,0.000000
1291,-51.483605,126.925630,0.000000
1292,-51.469888,126.830720,0.000000
1293,-51.456158,126.735911,0.000000
1294,-51.442417,126.641204,0.000000
1295,-51.428664,126.546599,0.000000
1296,-51.414899,126.452096,0.000000
1297,-51.401121,126.357694,0.000000
1298,-51.387331,126.263394,0.000000
1299,-51.373529,126.169196,0.000000
1300,-51.359714,126.075099,0.000000
1301,-51.345886,125.981104,0.000000
1302,-51.332045,125.887210,0.000000
1303,-51.318191,125.793417,0.000000
1304,-51.304324,125.699725,0.000000
1305,-51.290443,125.606135,0.000000
1306,-51.276548,125.512646,0.000000
1307,-51.262640,125.419258,0.000000
1308,-51.248717,125.325971,0.000000
1309,-51.234781,125.232784,0.000000
1310,-51.220830,125.139699,0.000000
1311,-51.206864,125.046715,0.000000
1312,-51.192884,124.953831,0.000000
1313,-51.178889,124.861048,0.000000
1314,-51.164878,124.768366,0.000000
1315,-51.150853,124.675784,0.000000
1316,-51.136812,124.583303,0.000000
1317,-51.122755,124.490922,0.000000
1318,-51.108682,124.398642,0.000000
1319,-51.094594,124.306462,0.000000
1320,-51.080489,124.214382,0.000000
1321,-51.066368,124.122403,0.000000
1322,-51.052230,124.030523,0.000000
1323,-51.038075,123.938744,0.000000
1324,-51.023903,123.847065,0.000000
1325,-51.009714,123.755486,0.000000
1326,-50.995507,123.664007,0.000000
1327,-50.981283,123.572628,0.000000
1328,-50.967040,123.481348,0.000000
1329,-50.952779,123.390169,0.000000
1330,-50.938500,123.299089,0.000000
1331,-50.924203,123.208109,0.000000
1332,-50.909886,123.117229,0.000000
1333,-50.895551,123.026448,0.000000
1334,-50.881196,122.935767,0.000000
1335,-50.866821,122.845185,0.000000
1336,-50.852427,122.754702,0.000000
1337,-50.838012,122.664319,0.000000
1338,-50.823577,122.574036,0.000000
1339,-50.809122,122.483852,0.000000
1340,-50.794645,122.393766,0.000000
1341,-50.780148,122.303781,0.000000
1342,-50.765629,122.213894,0.000000
1343,-50.751088,122.124106,0.000000
1344,-50.736526,122.034418,0.000000
1345,-50.721941,121.944828,0.000000
1346,-50.707334,121.855338,0.000000
1347,-50.692704,121.765946,0.000000
1348,-50.678050,121.676653,0.000000
1349,-50.663374,121.587459,0.000000
1350,-50.648674,121.498364,0.000000
1351,-50.633949,121.409368,0.000000
1352,-50.619201,121.320470,0.000000
1353,-50.604428,121.231671,0.000000
1354,-50.589630,121.142970,0.000000
1355,-50.574806,121.054369,0.000000
1356,-50.559957,120.965865,0.000000
1357,-50.545082,120.877460,0.000000
1358,-50.530181,120.789154,0.000000
1359,-50.515254,120.700946,0.000000
1360,-50.500299,120.612837,0.000000
1361,-50.485317,120.524826,0.000000
1362,-50.470307,120.436913,0.000000
1363,-50.455270,120.349098,0.000000
1364,-50.440204,120.261382,0.000000
1365,-50.425109,120.173764,0.000000
1366,-50.409985,120.086244,0.000000
1367,-50.394832,119.998822,0.000000
1368,-50.379649,119.911498,0.000000
1369,-50.364435,119.824272,0.000000
1370,-50.349191,119.737145,0.000000
1371,-50.333916,119.650115,0.000000
1372,-50.318609,119.563184,0.000000
1373,-50.303270,119.476350,0.000000
1374,-50.287899,119.389614,0.000000
1375,-50.272495,119.302976,0.000000
1376,-50.257058,119.216436,0.000000
1377,-50.241587,119.129994,0.000000
1378,-50.226082,119.043650,0.000000
1379,-50.210542,118.957403,0.000000
1380,-50.194967,118.871255,0.000000
1381,-50.179357,118.785204,0.000000
1382,-50.163710,118.699251,0.000000
1383,-50.148027,118.613395,0.000000
1384,-50.132307,118.527637,0.000000
1385,-50.116550,118.441977,0.000000
1386,-50.100754,118.356414,0.000000
1387,-50.084920,118.270949,0.000000
1388,-50.069046,118.185582,0.000000
1389,-50.053133,118.100312,0.000000
1390,-50.037180,118.015140,0.000000
1391,-50.021186,117.930066,0.000000
1392,-50.005150,117.845089,0.000000
1393,-49.989073,117.760209,0.000000
1394,-49.972953,117.675427,0.000000
1395,-49.956790,117.590743,0.000000
1396,-49.940583,117.506156,0.000000
1397,-49.924331,117.421666,0.000000
1398,-49.908035,117.337275,0.000000
1399,-49.891693,117.252980,0.000000
1400,-49.875304,117.168783,0.000000
1401,-49.858869,117.084684,0.000000
1402,-49.842386,117.000682,0.000000
1403,-49.825854,116.916777,0.000000
1404,-49.809274,116.832970,0.000000
1405,-49.792643,116.749260,0.000000
1406,-49.775962,116.665648,0.000000
1407,-49.759230,116.582134,0.000000
1408,-49.742445,116.498717,0.000000
1409,-49.725608,116.415397,0.000000
1410,-49.708717,116.332175,0.000000
1411,-49.691772,116.249050,0.000000
1412,-49.674771,116.166023,0.000000
1413,-49.657715,116.083093,0.000000
1414,-49.640601,116.000261,0.000000
1415,-49.623430,115.917527,0.000000
1416,-49.606199,115.834890,0.000000
1417,-49.588910,115.752350,0.000000
1418,-49.571559,115.669908,0.000000
1419,-49.554148,115.587564,0.000000
1420,-49.536673,115.505318,0.000000
1421,-49.519136,115.423169,0.000000
1422,-49.501534,115.341118,0.000000
1423,-49.483866,115.259164,0.000000
1424,-49.466132,115.177308,0.000000
1425,-49.448331,115.095551,0.000000
1426,-49.430460,115.013890,0.000000
1427,-49.412520,114.932328,0.000000
1428,-49.394510,114.850864,0.000000
1429,-49.376427,114.769497,0.000000
1430,-49.358271,114.688228,0.000000
1431,-49.340040,114.607058,0.000000
1432,-49.321734,114.525985,0.000000
1433,-49.303351,114.445011,0.000000
1434,-49.284890,114.364134,0.000000
1435,-49.266350,114.283356,0.000000
1436,-49.247728,114.202676,0.000000
1437,-49.229024,114.122094,0.000000
1438,-49.210237,114.041611,0.000000
1439,-49.191365,113.961226,0.000000
1440,-49.172406,113.880939,0.000000
1441,-49.153358,113.800751,0.000000
1442,-49.134222,113.720661,0.000000
1443,-49.114994,113.640670,0.000000
1444,-49.095673,113.560778,0.000000
1445,-49.076258,113.480985,0.000000
1446,-49.056747,113.401290,0.000000
1447,-49.037138,113.321695,0.000000
1448,-49.017429,113.242198,0.000000
1449,-48.997619,113.162800,0.000000
1450,-48.977706,113.083502,0.000000
1451,-48.957687,113.004303,0.000000
1452,-48.937561,112.925203,0.000000
1453,-48.917326,112.846203,0.000000
1454,-48.896979,112.767302,0.000000
1455,-48.876519,112.688501,0.000000
1456,-48.855943,112.609800,0.000000
1457,-48.835250,112.531199,0.000000
1458,-48.814437,112.452697,0.000000
1459,-48.793501,112.374296,0.000000
1460,-48.772440,112.295995,0.000000
1461,-48.751252,112.217794,0.000000
1462,-48.729933,112.139694,0.000000
1463,-48.708483,112.061694,0.000000
1464,-48.686897,111.983795,0.000000
1465,-48.665173,111.905997,0.000000
1466,-48.643308,111.828300,0.000000
1467,-48.621300,111.750705,0.000000
1468,-48.599144,111.673210,0.000000
1469,-48.576839,111.595817,0.000000
1470,-48.554381,111.518526,0.000000
1471,-48.531766,111.441337,0.000000
1472,-48.508991,111.364249,0.000000
1473,-48.486054,111.287264,0.000000
1474,-48.462949,111.210381,0.000000
1475,-48.439673,111.133601,0.000000
1476,-48.416224,111.056924,0.000000
1477,-48.392595,110.980349,0.000000
1478,-48.368785,110.903878,0.000000
1479,-48.344787,110.827510,0.000000
1480,-48.320599,110.751246,0.000000
1481,-48.296214,110.675086,0.000000
1482,-48.271630,110.599029,0.000000
1483,-48.246841,110.523077,0.000000
1484,-48.221841,110.447230,0.000000
1485,-48.196627,110.371488,0.000000
1486,-48.171192,110.295850,0.000000
1487,-48.145531,110.220319,0.000000
1488,-48.119639,110.144892,0.000000
1489,-48.093508,110.069572,0.000000
1490,-48.067134,109.994358,0.000000
1491,-48.040510,109.919251,0.000000
1492,-48.013630,109.844251,0.000000
1493,-47.986486,109.769358,0.000000
1494,-47.959071,109.694573,0.000000
1495,-47.931378,109.619896,0.000000
1496,-47.903399,109.545327,0.000000
1497,-47.875127,109.470867,0.000000
1498,-47.846553,109.396516,0.000000
1499,-47.817668,109.322274,0.000000
1500,-47.788463,109.248143,0.000000
1501,-47.758929,109.174122,0.000000
1502,-47.729057,109.100212,0.000000
1503,-47.698835,109.026414,0.000000
1504,-47.668254,108.952727,0.000000
1505,-47.637302,108.879153,0.000000
1506,-47.605967,108.805691,0.000000
1507,-47.574238,108.732343,0.000000
1508,-47.542101,108.659109,0.000000
1509,-47.509544,108.585990,0.000000
1510,-47.476552,108.512985,0.000000
1511,-47.443111,108.440097,0.000000
1512,-47.409205,108.367325,0.000000
1513,-47.374818,108.294670,0.000000
1514,-47.339933,108.222133,0.000000
1515,-47.304533,108.149715,0.000000
1516,-47.268598,108.077416,0.000000
1517,-47.232109,108.005237,0.000000
1518,-47.195045,107.933179,0.000000
1519,-47.157384,107.861243,0.000000
1520,-47.119102,107.789430,0.000000
1521,-47.080176,107.717740,0.000000
1522,-47.040578,107.646175,0.000000
1523,-47.000281,107.574736,0.000000
1524,-46.959257,107.503423,0.000000
1525,-46.917473,107.432238,0.000000
1526,-46.874897,107.361182,0.000000
1527,-46.831493,107.290256,0.000000
1528,-46.787224,107.219462,0.000000
1529,-46.742050,107.148800,0.000000
1530,-46.695928,107.078273,0.000000
1531,-46.648812,107.007881,0.000000
1532,-46.600652,106.937627,0.000000
1533,-46.551396,106.867511,0.000000
1534,-46.500986,106.797536,0.000000
1535,-46.449363,106.727703,0.000000
1536,-46.396458,106.658014,0.000000
1537,-46.342201,106.588472,0.000000
1538,-46.286514,106.519078,0.000000
1539,-46.229313,106.449834,0.000000
1540,-46.170505,106.380744,0.000000
1541,-46.109990,106.311809,0.000000
1542,-46.047660,106.243033,0.000000
1543,-45.983392,106.174417,0.000000
1544,-45.917056,106.105966,0.000000
1545,-45.848504,106.037683,0.000000
1546,-45.777575,105.969571,0.000000
1547,-45.704090,105.901633,0.000000
1548,-45.627847,105.833875,0.000000
1549,-45.548623,105.766301,0.000000
1550,-45.466164,105.698914,0.000000
1551,-45.380187,105.631722,0.000000
1552,-45.290367,105.564728,0.000000
1553,-45.196335,105.497940,0.000000
1554,-45.097669,105.431365,0.000000
1555,-44.993877,105.365009,0.000000
1556,-44.884392,105.298882,0.000000
1557,-44.768545,105.232992,0.000000
1558,-44.645547,105.167351,0.000000
1559,-44.514456,105.101969,0.000000
1560,-44.374136,105.036859,0.000000
1561,-44.223196,104.972039,0.000000
1562,-44.059921,104.907523,0.000000
1563,-43.882148,104.843334,0.000000
1564,-43.687112,104.779494,0.000000
1565,-43.471197,104.716033,0.000000
1566,-43.229555,104.652984,0.000000
1567,-42.955488,104.590391,0.000000
1568,-42.639399,104.528306,0.000000
1569,-42.266883,104.466800,0.000000
1570,-41.815005,104.405966,0.000000
1571,-41.244241,104.345936,0.000000
1572,-40.478504,104.286908,0.000000
1573,-39.344922,104.229204,0.000000
1574,-37.326007,104.173439,0.000000
1575,-31.725499,104.121084,0.000000
1576,0.000000,104.078107,1.000000
1577,-46.000000,204.088042,0.000000
1578,-45.983153,203.937969,0.000000
1579,-45.965691,203.788049,0.000000
1580,-45.947588,203.638282,0.000000
1581,-45.928816,203.488671,0.000000
1582,-45.909349,203.339216,0.000000
1583,-45.889155,203.189918,0.000000
1584,-45.868203,203.040778,0.000000
1585,-45.846458,202.891797,0.000000
1586,-45.823885,202.742976,0.000000
1587,-45.800445,202.594317,0.000000
1588,-45.776096,202.445821,0.000000
1589,-45.750795,202.297490,0.000000
1590,-45.724494,202.149324,0.000000
1591,-45.697143,202.001325,0.000000
1592,-45.668687,201.853495,0.000000
1593,-45.639067,201.705836,0.000000
1594,-45.608220,201.558350,0.000000
1595,-45.576078,201.411037,0.000000
1596,-45.542567,201.263901,0.000000
1597,-45.507607,201.116944,0.000000
1598,-45.471110,200.970167,0.000000
1599,-45.432982,200.823574,0.000000
1600,-45.393118,200.677166,0.000000
1601,-45.351406,200.530946,0.000000
1602,-45.307719,200.384918,0.000000
1603,-45.261921,200.239084,0.000000
1604,-45.213860,200.093449,0.000000
1605,-45.163367,199.948014,0.000000
1606,-45.110255,199.802785,0.000000
1607,-45.054314,199.657766,0.000000
1608,-44.995310,199.512961,0.000000
1609,-44.932979,199.368374,0.000000
1610,-44.867022,199.224012,0.000000
1611,-44.797099,199.079881,0.000000
1612,-44.722820,198.935986,0.000000
1613,-44.643740,198.792334,0.000000
1614,-44.559339,198.648935,0.000000
1615,-44.469013,198.505795,0.000000
1616,-44.372052,198.362925,0.000000
1617,-44.267613,198.220336,0.000000
1618,-44.154685,198.078040,0.000000
1619,-44.032044,197.936050,0.000000
1620,-43.898189,197.794383,0.000000
1621,-43.751251,197.653058,0.000000
1622,-43.588864,197.512095,0.000000
1623,-43.407981,197.371520,0.000000
1624,-43.204580,197.231364,0.000000
1625,-42.973218,197.091663,0.000000
1626,-42.706279,196.952465,0.000000
1627,-42.392683,196.813827,0.000000
1628,-42.015476,196.675828,0.000000
1629,-41.546964,196.538572,0.000000
1630,-40.937715,196.402212,0.000000
1631,-40.087582,196.266981,0.000000
1632,-38.749735,196.133279,0.000000
1633,-36.065964,196.001918,0.000000
1634,-25.558099,195.875140,0.000000
1635,0.000000,195.765981,1.000000
1636,-46.000000,295.699509,0.000000
1637,-46.028959,295.473093,0.000000
1638,-46.058723,295.246817,0.000000
1639,-46.089300,295.020680,0.000000
1640,-46.120700,294.794681,0.000000
1641,-46.152930,294.568817,0.000000
1642,-46.185999,294.343089,0.000000
1643,-46.219912,294.117493,0.000000
1644,-46.254674,293.892028,0.000000
1645,-46.290291,293.666694,0.000000
1646,-46.326765,293.441488,0.000000
1647,-46.364099,293.216409,0.000000
1648,-46.402295,292.991455,0.000000
1649,-46.441352,292.766625,0.000000
1650,-46.481270,292.541917,0.000000
1651,-46.522047,292.317330,0.000000
1652,-46.563681,292.092862,0.000000
1653,-46.606166,291.868512,0.000000
1654,-46.649498,291.644278,0.000000
1655,-46.693672,291.420159,0.000000
1656,-46.738679,291.196152,0.000000
1657,-46.784511,290.972258,0.000000
1658,-46.831159,290.748474,0.000000
1659,-46.878613,290.524798,0.000000
1660,-46.926861,290.301230,0.000000
1661,-46.975891,290.077767,0.000000
1662,-47.025690,289.854409,0.000000
1663,-47.076244,289.631154,0.000000
1664,-47.127538,289.408001,0.000000
1665,-47.179556,289.184949,0.000000
1666,-47.232282,288.961996,0.000000
1667,-47.285699,288.739140,0.000000
1668,-47.339788,288.516381,0.000000
1669,-47.394533,288.293718,0.000000
1670,-47.449914,288.071149,0.000000
1671,-47.505912,287.848673,0.000000
1672,-47.562506,287.626290,0.000000
1673,-47.619677,287.403997,0.000000
1674,-47.677404,287.181794,0.000000
1675,-47.735668,286.959680,0.000000
1676,-47.794445,286.737654,0.000000
1677,-47.853717,286.515716,0.000000
1678,-47.913460,286.293863,0.000000
1679,-47.973655,286.072096,0.000000
1680,-48.034280,285.850413,0.000000
1681,-48.095313,285.628814,0.000000
1682,-48.156733,285.407298,0.000000
1683,-48.218519,285.185864,0.000000
1684,-48.280650,284.964511,0.000000
1685,-48.343105,284.743240,0.000000
1686,-48.405863,284.522049,0.000000
1687,-48.468905,284.300937,0.000000
1688,-48.532209,284.079905,0.000000
1689,-48.595756,283.858951,0.000000
1690,-48.659526,283.638076,0.000000
1691,-48.723501,283.417278,0.000000
1692,-48.787660,283.196558,0.000000
1693,-48.851986,282.975915,0.000000
1694,-48.916461,282.755349,0.000000
1695,-48.981065,282.534858,0.000000
1696,-49.045783,282.314444,0.000000
1697,-49.110598,282.094106,0.000000
1698,-49.175491,281.873843,0.000000
1699,-49.240449,281.653656,0.000000
1700,-49.305454,281.433544,0.000000
1701,-49.370491,281.213507,0.000000
1702,-49.435546,280.993545,0.000000
1703,-49.500604,280.773657,0.000000
1704,-49.565652,280.553845,0.000000
1705,-49.630675,280.334108,0.000000
1706,-49.695660,280.114445,0.000000
1707,-49.760596,279.894857,0.000000
1708,-49.825469,279.675343,0.000000
1709,-49.890267,279.455905,0.000000
1710,-49.954980,279.236541,0.000000
1711,-50.019595,279.017252,0.000000
1712,-50.084103,278.798039,0.000000
1713,-50.148494,278.578900,0.000000
1714,-50.212756,278.359837,0.000000
1715,-50.276881,278.140849,0.000000
1716,-50.340860,277.921937,0.000000
1717,-50.404684,277.703101,0.000000
1718,-50.468344,277.484340,0.000000
1719,-50.531832,277.265656,0.000000
1720,-50.595141,277.047048,0.000000
1721,-50.658262,276.828517,0.000000
1722,-50.721190,276.610063,0.000000
1723,-50.783916,276.391686,0.000000
1724,-50.846435,276.173387,0.000000
1725,-50.908740,275.955165,0.000000
1726,-50.970826,275.737021,0.000000
1727,-51.032686,275.518955,0.000000
1728,-51.094315,275.300968,0.000000
1729,-51.155708,275.083060,0.000000
1730,-51.216860,274.865232,0.000000
1731,-51.277766,274.647483,0.000000
1732,-51.338422,274.429813,0.000000
1733,-51.398824,274.212225,0.000000
1734,-51.458967,273.994716,0.000000
1735,-51.518848,273.777289,0.000000
1736,-51.578463,273.559943,0.000000
1737,-51.637808,273.342679,0.000000
1738,-51.696882,273.125497,0.000000
1739,-51.755679,272.908398,0.000000
1740,-51.814198,272.691382,0.000000
1741,-51.872436,272.474449,0.000000
1742,-51.930390,272.257599,0.000000
1743,-51.988057,272.040834,0.000000
1744,-52.045437,271.824153,0.000000
1745,-52.102525,271.607557,0.000000
1746,-52.159322,271.391047,0.000000
1747,-52.215823,271.174622,0.000000
1748,-52.272029,270.958284,0.000000
1749,-52.327937,270.742032,0.000000
1750,-52.383546,270.525867,0.000000
1751,-52.438854,270.309789,0.000000
1752,-52.493861,270.093800,0.000000
1753,-52.548565,269.877899,0.000000
1754,-52.602964,269.662086,0.000000
1755,-52.657059,269.446363,0.000000
1756,-52.710849,269.230729,0.000000
1757,-52.764331,269.015185,0.000000
1758,-52.817507,268.799732,0.000000
1759,-52.870375,268.584370,0.000000
1760,-52.922934,268.369099,0.000000
1761,-52.975185,268.153920,0.000000
1762,-53.027127,267.938833,0.000000
1763,-53.078760,267.723839,0.000000
1764,-53.130083,267.508938,0.000000
1765,-53.181096,267.294130,0.000000
1766,-53.231799,267.079417,0.000000
1767,-53.282193,266.864797,0.000000
1768,-53.332277,266.650273,0.000000
1769,-53.382051,266.435844,0.000000
1770,-53.431515,266.221511,0.000000
1771,-53.480670,266.007274,0.000000
1772,-53.529515,265.793133,0.000000
1773,-53.578052,265.579090,0.000000
1774,-53.626280,265.365144,0.000000
1775,-53.674200,265.151296,0.000000
1776,-53.721812,264.937546,0.000000
1777,-53.769116,264.723895,0.000000
1778,-53.816114,264.510343,0.000000
1779,-53.862804,264.296891,0.000000
1780,-53.909189,264.083539,0.000000
1781,-53.955269,263.870288,0.000000
1782,-54.001044,263.657137,0.000000
1783,-54.046514,263.444088,0.000000
1784,-54.091682,263.231140,0.000000
1785,-54.136546,263.018295,0.000000
1786,-54.181109,262.805552,0.000000
1787,-54.225370,262.592912,0.000000
1788,-54.269330,262.380376,0.000000
1789,-54.312991,262.167943,0.000000
1790,-54.356352,261.955615,0.000000
1791,-54.399416,261.743391,0.000000
1792,-54.442182,261.531273,0.000000
1793,-54.484652,261.319260,0.000000
1794,-54.526826,261.107353,0.000000
1795,-54.568706,260.895552,0.000000
1796,-54.610292,260.683858,0.000000
1797,-54.651585,260.472271,0.000000
1798,-54.692586,260.260791,0.000000
1799,-54.733296,260.049420,0.000000
1800,-54.773716,259.838156,0.000000
1801,-54.813848,259.627002,0.000000
1802,-54.853691,259.415956,0.000000
1803,-54.893247,259.205020,0.000000
1804,-54.932518,258.994194,0.000000
1805,-54.971503,258.783478,0.000000
1806,-55.010205,258.572873,0.000000
1807,-55.048623,258.362378,0.000000
1808,-55.086760,258.151995,0.000000
1809,-55.124617,257.941724,0.000000
1810,-55.162193,257.731565,0.000000
1811,-55.199491,257.521518,0.000000
1812,-55.236511,257.311584,0.000000
1813,-55.273255,257.101764,0.000000
1814,-55.309724,256.892057,0.000000
1815,-55.345918,256.682464,0.000000
1816,-55.381839,256.472986,0.000000
1817,-55.417488,256.263622,0.000000
1818,-55.452867,256.054373,0.000000
1819,-55.487975,255.845240,0.000000
1820,-55.522814,255.636222,0.000000
1821,-55.557386,255.427320,0.000000
1822,-55.591692,255.218535,0.000000
1823,-55.625732,255.009867,0.000000
1824,-55.659508,254.801316,0.000000
1825,-55.693021,254.592883,0.000000
1826,-55.726272,254.384567,0.000000
1827,-55.759262,254.176369,0.000000
1828,-55.791992,253.968290,0.000000
1829,-55.824464,253.760330,0.000000
1830,-55.856678,253.552489,0.000000
1831,-55.888636,253.344767,0.000000
1832,-55.920339,253.137166,0.000000
1833,-55.951788,252.929684,0.000000
1834,-55.982984,252.722323,0.000000
1835,-56.013928,252.515083,0.000000
1836,-56.044621,252.307964,0.000000
1837,-56.075065,252.100966,0.000000
1838,-56.105261,251.894090,0.000000
1839,-56.135209,251.687337,0.000000
1840,-56.164911,251.480705,0.000000
1841,-56.194369,251.274196,0.000000
1842,-56.223582,251.067811,0.000000
1843,-56.252553,250.861548,0.000000
1844,-56.281282,250.655409,0.000000
1845,-56.309771,250.449394,0.000000
1846,-56.338020,250.243504,0.000000
1847,-56.366032,250.037737,0.000000
1848,-56.393806,249.832096,0.000000
1849,-56.421344,249.626579,0.000000
1850,-56.448647,249.421188,0.000000
1851,-56.475717,249.215923,0.000000
1852,-56.502553,249.010784,0.000000
1853,-56.529159,248.805770,0.000000
1854,-56.555534,248.600884,0.000000
1855,-56.581679,248.396124,0.000000
1856,-56.607597,248.191491,0.000000
1857,-56.633287,247.986985,0.000000
1858,-56.658751,247.782607,0.000000
1859,-56.683991,247.578357,0.000000
1860,-56.709006,247.374235,0.000000
1861,-56.733799,247.170242,0.000000
1862,-56.758370,246.966377,0.000000
1863,-56.782721,246.762641,0.000000
1864,-56.806852,246.559034,0.000000
1865,-56.830765,246.355557,0.000000
1866,-56.854460,246.152210,0.000000
1867,-56.877939,245.948992,0.000000
1868,-56.901203,245.745905,0.000000
1869,-56.924252,245.542948,0.000000
1870,-56.947089,245.340122,0.000000
1871,-56.969714,245.137426,0.000000
1872,-56.992127,244.934862,0.000000
1873,-57.014331,244.732430,0.000000
1874,-57.036326,244.530129,0.000000
1875,-57.058112,244.327960,0.000000
1876,-57.079692,244.125923,0.000000
1877,-57.101067,243.924019,0.000000
1878,-57.122236,243.722247,0.000000
1879,-57.143202,243.520608,0.000000
1880,-57.163965,243.319102,0.000000
1881,-57.184527,243.117730,0.000000
1882,-57.204888,242.916491,0.000000
1883,-57.225049,242.715386,0.000000
1884,-57.245012,242.514414,0.000000
1885,-57.264777,242.313577,0.000000
1886,-57.284345,242.112875,0.000000
1887,-57.303718,241.912307,0.000000
1888,-57.322896,241.711874,0.000000
1889,-57.341880,241.511576,0.000000
1890,-57.360672,241.311413,0.000000
1891,-57.379272,241.111386,0.000000
1892,-57.397682,240.911494,0.000000
1893,-57.415902,240.711738,0.000000
1894,-57.433933,240.512119,0.000000
1895,-57.451776,240.312635,0.000000
1896,-57.469433,240.113289,0.000000
1897,-57.486903,239.914079,0.000000
1898,-57.504189,239.715005,0.000000
1899,-57.521291,239.516069,0.000000
1900,-57.538210,239.317270,0.000000
1901,-57.554947,239.118609,0.000000
1902,-57.571502,238.920085,0.000000
1903,-57.587878,238.721699,0.000000
1904,-57.604074,238.523452,0.000000
1905,-57.620093,238.325342,0.000000
1906,-57.635933,238.127371,0.000000
1907,-57.651598,237.929538,0.000000
1908,-57.667086,237.731844,0.000000
1909,-57.682400,237.534289,0.000000
1910,-57.697541,237.336873,0.000000
1911,-57.712509,237.139597,0.000000
1912,-57.727304,236.942459,0.000000
1913,-57.741929,236.745462,0.000000
1914,-57.756384,236.548604,0.000000
1915,-57.770669,236.351886,0.000000
1916,-57.784787,236.155309,0.000000
1917,-57.798736,235.958871,0.000000
1918,-57.812520,235.762574,0.000000
1919,-57.826137,235.566418,0.000000
1920,-57.839590,235.370403,0.000000
1921,-57.852879,235.174528,0.000000
1922,-57.866004,234.978794,0.000000
1923,-57.878968,234.783202,0.000000
1924,-57.891770,234.587751,0.000000
1925,-57.904412,234.392442,0.000000
1926,-57.916894,234.197274,0.000000
1927,-57.929217,234.002248,0.000000
1928,-57.941382,233.807364,0.000000
1929,-57.953390,233.612623,0.000000
1930,-57.965242,233.418023,0.000000
1931,-57.976939,233.223566,0.000000
1932,-57.988481,233.029251,0.000000
1933,-57.999869,232.835080,0.000000
1934,-58.011104,232.641051,0.000000
1935,-58.022186,232.447165,0.000000
1936,-58.033118,232.253422,0.000000
1937,-58.043899,232.059822,0.000000
1938,-58.054530,231.866366,0.000000
1939,-58.065012,231.673053,0.000000
1940,-58.075347,231.479884,0.000000
1941,-58.085533,231.286858,0.000000
1942,-58.095574,231.093977,0.000000
1943,-58.105468,230.901239,0.000000
1944,-58.115218,230.708646,0.000000
1945,-58.124823,230.516196,0.000000
1946,-58.134285,230.323892,0.000000
1947,-58.143604,230.131731,0.000000
1948,-58.152782,229.939715,0.000000
1949,-58.161818,229.747844,0.000000
1950,-58.170714,229.556118,0.000000
1951,-58.179470,229.364537,0.000000
1952,-58.188088,229.173101,0.000000
1953,-58.196567,228.981810,0.000000
1954,-58.204909,228.790664,0.000000
1955,-58.213114,228.599664,0.000000
1956,-58.221184,228.408809,0.000000
1957,-58.229119,228.218099,0.000000
1958,-58.236919,228.027536,0.000000
1959,-58.244585,227.837118,0.000000
1960,-58.252119,227.646846,0.000000
1961,-58.259520,227.456720,0.000000
1962,-58.266790,227.266740,0.000000
1963,-58.273929,227.076907,0.000000
1964,-58.280938,226.887220,0.000000
1965,-58.287818,226.697679,0.000000
1966,-58.294569,226.508284,0.000000
1967,-58.301192,226.319036,0.000000
1968,-58.307688,226.129935,0.000000
1969,-58.314058,225.940981,0.000000
1970,-58.320301,225.752173,0.000000
1971,-58.326420,225.563513,0.000000
1972,-58.332414,225.374999,0.000000
1973,-58.338284,225.186633,0.000000
1974,-58.344032,224.998413,0.000000
1975,-58.349656,224.810341,0.000000
1976,-58.355160,224.622417,0.000000
1977,-58.360542,224.434639,0.000000
1978,-58.365803,224.247010,0.000000
1979,-58.370945,224.059527,0.000000
1980,-58.375968,223.872193,0.000000
1981,-58.380873,223.685006,0.000000
1982,-58.385659,223.497967,0.000000
1983,-58.390329,223.311076,0.000000
1984,-58.394882,223.124333,0.000000
1985,-58.399320,222.937738,0.000000
1986,-58.403642,222.751291,0.000000
1987,-58.407850,222.564992,0.000000
1988,-58.411943,222.378842,0.000000
1989,-58.415924,222.192839,0.000000
1990,-58.419792,222.006986,0.000000
1991,-58.423548,221.821280,0.000000
1992,-58.427193,221.635723,0.000000
1993,-58.430727,221.450315,0.000000
1994,-58.434151,221.265055,0.000000
1995,-58.437465,221.079944,0.000000
1996,-58.440671,220.894981,0.000000
1997,-58.443768,220.710168,0.000000
1998,-58.446757,220.525503,0.000000
1999,-58.449640,220.340987,0.000000
