0,-70.000000,0.000000,0.000000
1,-69.750000,0.000000,0.000000
2,-69.501249,0.001667,0.000000
3,-69.253743,0.004986,0.000000
4,-69.007476,0.009945,0.000000
5,-68.762443,0.016528,0.000000
6,-68.518639,0.024723,0.000000
7,-68.276057,0.034517,0.000000
8,-68.034693,0.045895,0.000000
9,-67.794541,0.058844,0.000000
10,-67.555597,0.073351,0.000000
11,-67.317854,0.089402,0.000000
12,-67.081308,0.106985,0.000000
13,-66.845953,0.126087,0.000000
14,-66.611784,0.146693,0.000000
15,-66.378796,0.168792,0.000000
16,-66.146984,0.192371,0.000000
17,-65.916342,0.217417,0.000000
18,-65.686865,0.243916,0.000000
19,-65.458549,0.271857,0.000000
20,-65.231388,0.301228,0.000000
21,-65.005377,0.332014,0.000000
22,-64.780511,0.364205,0.000000
23,-64.556784,0.397788,0.000000
24,-64.334192,0.432750,0.000000
25,-64.112730,0.469079,0.000000
26,-63.892392,0.506764,0.000000
27,-63.673174,0.545792,0.000000
28,-63.455070,0.586152,0.000000
29,-63.238076,0.627831,0.000000
30,-63.022187,0.670818,0.000000
31,-62.807396,0.715100,0.000000
32,-62.593700,0.760667,0.000000
33,-62.381094,0.807507,0.000000
34,-62.169572,0.855608,0.000000
35,-61.959129,0.904959,0.000000
36,-61.749760,0.955548,0.000000
37,-61.541461,1.007365,0.000000
38,-61.334227,1.060397,0.000000
39,-61.128051,1.114634,0.000000
40,-60.922930,1.170065,0.000000
41,-60.718858,1.226679,0.000000
42,-60.515830,1.284464,0.000000
43,-60.313841,1.343410,0.000000
44,-60.112886,1.403507,0.000000
45,-59.912960,1.464742,0.000000
46,-59.714057,1.527107,0.000000
47,-59.516173,1.590589,0.000000
48,-59.319301,1.655180,0.000000
49,-59.123438,1.720867,0.000000
50,-58.928577,1.787641,0.000000
51,-58.734713,1.855492,0.000000
52,-58.541840,1.924409,0.000000
53,-58.349953,1.994382,0.000000
54,-58.159047,2.065401,0.000000
55,-57.969115,2.137456,0.000000
56,-57.780153,2.210537,0.000000
57,-57.592153,2.284634,0.000000
58,-57.405110,2.359738,0.000000
59,-57.219018,2.435838,0.000000
60,-57.033870,2.512925,0.000000
61,-56.849660,2.590989,0.000000
62,-56.666382,2.670022,0.000000
63,-56.484029,2.750012,0.000000
64,-56.302592,2.830952,0.000000
65,-56.122067,2.912832,0.000000
66,-55.942444,2.995642,0.000000
67,-55.763717,3.079373,0.000000
68,-55.585878,3.164017,0.000000
69,-55.408919,3.249565,0.000000
70,-55.232830,3.336007,0.000000
71,-55.057603,3.423334,0.000000
72,-54.883230,3.511539,0.000000
73,-54.709700,3.600613,0.000000
74,-54.537003,3.690546,0.000000
75,-54.365128,3.781331,0.000000
76,-54.194065,3.872959,0.000000
77,-54.023803,3.965422,0.000000
78,-53.854329,4.058712,0.000000
79,-53.685631,4.152820,0.000000
80,-53.517695,4.247740,0.000000
81,-53.350509,4.343463,0.000000
82,-53.184056,4.439981,0.000000
83,-53.018322,4.537288,0.000000
84,-52.853289,4.635375,0.000000
85,-52.688941,4.734235,0.000000
86,-52.525256,4.833861,0.000000
87,-52.362216,4.934246,0.000000
88,-52.199801,5.035384,0.000000
89,-52.037991,5.137268,0.000000
90,-51.876760,5.239890,0.000000
91,-51.716082,5.343245,0.000000
92,-51.555933,5.447327,0.000000
93,-51.396284,5.552130,0.000000
94,-51.237105,5.657648,0.000000
95,-51.078364,5.763875,0.000000
96,-50.920025,5.870806,0.000000
97,-50.762052,5.978437,0.000000
98,-50.604401,6.086761,0.000000
99,-50.447028,6.195776,0.000000
100,-50.289887,6.305477,0.000000
101,-50.132937,6.415859,0.000000
102,-49.976123,6.526920,0.000000
103,-49.819383,6.638656,0.000000
104,-49.662659,6.751065,0.000000
105,-49.505883,6.864144,0.000000
106,-49.348985,6.977891,0.000000
107,-49.191888,7.092304,0.000000
108,-49.034503,7.207384,0.000000
109,-48.876740,7.323129,0.000000
110,-48.718492,7.439541,0.000000
111,-48.559644,7.556619,0.000000
112,-48.400065,7.674366,0.000000
113,-48.239634,7.792784,0.000000
114,-48.078214,7.911877,0.000000
115,-47.915638,8.031650,0.000000
116,-47.751716,8.152107,0.000000
117,-47.586253,8.273255,0.000000
118,-47.419029,8.395102,0.000000
119,-47.249796,8.517658,0.000000
120,-47.078269,8.640934,0.000000
121,-46.904129,8.764943,0.000000
122,-46.727000,8.889699,0.000000
123,-46.546450,9.015220,0.000000
124,-46.361967,9.141526,0.000000
125,-46.173041,9.268641,0.000000
126,-45.979039,9.396592,0.000000
127,-45.779153,9.525410,0.000000
128,-45.572493,9.655131,0.000000
129,-45.357966,9.785797,0.000000
130,-45.134242,9.917458,0.000000
131,-44.899677,10.050171,0.000000
132,-44.652181,10.184006,0.000000
133,-44.389034,10.319045,0.000000
134,-44.106805,10.455388,0.000000
135,-43.801078,10.593158,0.000000
136,-43.465466,10.732507,0.000000
137,-43.091152,10.873629,0.000000
138,-42.664931,11.016776,0.000000
139,-42.165550,11.162287,0.000000
140,-41.557644,11.310642,0.000000
141,-40.774403,11.462556,0.000000
142,-39.668928,11.619185,0.000000
143,-37.824954,11.782661,0.000000
144,-33.337358,11.957886,0.000000
145,0.000000,12.162444,1.000000
146,-58.000000,12.588569,0.000000
147,-57.816111,12.626607,0.000000
148,-57.633143,12.665744,0.000000
149,-57.451090,12.705971,0.000000
150,-57.269947,12.747277,0.000000
151,-57.089707,12.789653,0.000000
152,-56.910365,12.833090,0.000000
153,-56.731914,12.877577,0.000000
154,-56.554348,12.923105,0.000000
155,-56.377660,12.969666,0.000000
156,-56.201845,13.017249,0.000000
157,-56.026894,13.065846,0.000000
158,-55.852801,13.115448,0.000000
159,-55.679559,13.166044,0.000000
160,-55.507160,13.217627,0.000000
161,-55.335596,13.270187,0.000000
162,-55.164859,13.323716,0.000000
163,-54.994942,13.378204,0.000000
164,-54.825834,13.433644,0.000000
165,-54.657526,13.490026,0.000000
166,-54.490009,13.547343,0.000000
167,-54.323273,13.605585,0.000000
168,-54.157307,13.664744,0.000000
169,-53.992102,13.724813,0.000000
170,-53.827645,13.785783,0.000000
171,-53.663924,13.847646,0.000000
172,-53.500927,13.910395,0.000000
173,-53.338641,13.974020,0.000000
174,-53.177052,14.038516,0.000000
175,-53.016145,14.103874,0.000000
176,-52.855904,14.170087,0.000000
177,-52.696313,14.237147,0.000000
178,-52.537353,14.305048,0.000000
179,-52.379005,14.373782,0.000000
180,-52.221252,14.443343,0.000000
181,-52.064073,14.513723,0.000000
182,-51.907447,14.584917,0.000000
183,-51.751348,14.656918,0.000000
184,-51.595754,14.729719,0.000000
185,-51.440637,14.803315,0.000000
186,-51.285971,14.877699,0.000000
187,-51.131725,14.952867,0.000000
188,-50.977868,15.028813,0.000000
189,-50.824364,15.105531,0.000000
190,-50.671176,15.183017,0.000000
191,-50.518262,15.261266,0.000000
192,-50.365579,15.340273,0.000000
193,-50.213088,15.420035,0.000000
194,-50.060742,15.500548,0.000000
195,-49.908487,15.581807,0.000000
196,-49.756265,15.663811,0.000000
197,-49.604017,15.746557,0.000000
198,-49.451681,15.830042,0.000000
199,-49.299187,15.914264,0.000000
200,-49.146457,15.999222,0.000000
201,-48.993411,16.084914,0.000000
202,-48.839955,16.171342,0.000000
203,-48.685989,16.258504,0.000000
204,-48.531400,16.346403,0.000000
205,-48.376062,16.435039,0.000000
206,-48.219865,16.524415,0.000000
207,-48.062671,16.614534,0.000000
208,-47.904318,16.705402,0.000000
209,-47.744628,16.797021,0.000000
210,-47.583412,16.889400,0.000000
211,-47.420464,16.982546,0.000000
212,-47.255544,17.076468,0.000000
213,-47.088384,17.171176,0.000000
214,-46.918675,17.266683,0.000000
215,-46.746066,17.363003,0.000000
216,-46.570144,17.460153,0.000000
217,-46.390436,17.558151,0.000000
218,-46.206442,17.657021,0.000000
219,-46.017588,17.756788,0.000000
220,-45.823132,17.857481,0.000000
221,-45.622204,17.959136,0.000000
222,-45.413817,18.061790,0.000000
223,-45.196748,18.165492,0.000000
224,-44.969496,18.270296,0.000000
225,-44.730163,18.376265,0.000000
226,-44.476306,18.483476,0.000000
227,-44.204712,18.592022,0.000000
228,-43.911648,18.702018,0.000000
229,-43.591477,18.813600,0.000000
230,-43.236554,18.926945,0.000000
231,-42.835779,19.042278,0.000000
232,-42.371798,19.159898,0.000000
233,-41.815946,19.280220,0.000000
234,-41.117775,19.403846,0.000000
235,-40.173693,19.531715,0.000000
236,-38.721754,19.665451,0.000000
237,-35.826387,19.808422,0.000000
238,-23.794233,19.970218,0.000000
239,0.000000,20.211689,1.000000
240,-58.000000,20.610983,0.000000
241,-57.820122,20.622280,0.000000
242,-57.641133,20.634738,0.000000
243,-57.463025,20.648348,0.000000
244,-57.285795,20.663100,0.000000
245,-57.109436,20.678984,0.000000
246,-56.933942,20.695991,0.000000
247,-56.759309,20.714112,0.000000
248,-56.585529,20.733336,0.000000
249,-56.412596,20.753655,0.000000
250,-56.240505,20.775059,0.000000
251,-56.069248,20.797538,0.000000
252,-55.898820,20.821085,0.000000
253,-55.729213,20.845689,0.000000
254,-55.560419,20.871342,0.000000
255,-55.392433,20.898035,0.000000
256,-55.225245,20.925759,0.000000
257,-55.058849,20.954504,0.000000
258,-54.893235,20.984264,0.000000
259,-54.728396,21.015028,0.000000
260,-54.564322,21.046788,0.000000
261,-54.401002,21.079537,0.000000
262,-54.238429,21.113265,0.000000
263,-54.076592,21.147965,0.000000
264,-53.915481,21.183628,0.000000
265,-53.755083,21.220246,0.000000
266,-53.595388,21.257811,0.000000
267,-53.436383,21.296316,0.000000
268,-53.278056,21.335752,0.000000
269,-53.120393,21.376113,0.000000
270,-52.963379,21.417390,0.000000
271,-52.807000,21.459576,0.000000
272,-52.651238,21.502664,0.000000
273,-52.496077,21.546647,0.000000
274,-52.341496,21.591517,0.000000
275,-52.187482,21.637269,0.000000
276,-52.034013,21.683895,0.000000
277,-51.881068,21.731388,0.000000
278,-51.728624,21.779743,0.000000
279,-51.576657,21.828953,0.000000
280,-51.425142,21.879012,0.000000
281,-51.274053,21.929915,0.000000
282,-51.123362,21.981655,0.000000
283,-50.973037,22.034227,0.000000
284,-50.823045,22.087626,0.000000
285,-50.673350,22.141847,0.000000
286,-50.523913,22.196885,0.000000
287,-50.374691,22.252736,0.000000
288,-50.225648,22.309395,0.000000
289,-50.076741,22.366860,0.000000
290,-49.927916,22.425125,0.000000
291,-49.779120,22.484189,0.000000
292,-49.630297,22.544047,0.000000
293,-49.481387,22.604699,0.000000
294,-49.332324,22.666140,0.000000
295,-49.183038,22.728371,0.000000
296,-49.033450,22.791390,0.000000
297,-48.883475,22.855195,0.000000
298,-48.733018,22.919788,0.000000
299,-48.581976,22.985169,0.000000
300,-48.430231,23.051338,0.000000
301,-48.277666,23.118299,0.000000
302,-48.124172,23.186053,0.000000
303,-47.969596,23.254605,0.000000
304,-47.813770,23.323959,0.000000
305,-47.656521,23.394121,0.000000
306,-47.497657,23.465097,0.000000
307,-47.336964,23.536896,0.000000
308,-47.174196,23.609526,0.000000
309,-47.009075,23.683000,0.000000
310,-46.841286,23.757330,0.000000
311,-46.670465,23.832530,0.000000
312,-46.496186,23.908618,0.000000
313,-46.317932,23.985615,0.000000
314,-46.135285,24.063543,0.000000
315,-45.947577,24.142430,0.000000
316,-45.754041,24.222304,0.000000
317,-45.553808,24.303203,0.000000
318,-45.345842,24.385167,0.000000
319,-45.128865,24.468244,0.000000
320,-44.901295,24.552491,0.000000
321,-44.661150,24.637974,0.000000
322,-44.405844,24.724773,0.000000
323,-44.132104,24.812985,0.000000
324,-43.835821,24.902728,0.000000
325,-43.511014,24.994146,0.000000
326,-43.149512,25.087426,0.000000
327,-42.739178,25.182804,0.000000
328,-42.260876,25.280600,0.000000
329,-41.682920,25.381259,0.000000
330,-40.947343,25.485436,0.000000
331,-39.931707,25.594168,0.000000
332,-38.308816,25.709310,0.000000
333,-34.771945,25.834887,0.000000
334,-14.454057,25.983624,0.000000
335,0.000000,26.267318,1.000000
336,-58.000000,26.646427,0.000000
337,-57.823140,26.637606,0.000000
338,-57.647143,26.629993,0.000000
339,-57.472004,26.623579,0.000000
340,-57.297717,26.618353,0.000000
341,-57.124278,26.614307,0.000000
342,-56.951680,26.611431,0.000000
343,-56.779918,26.609715,0.000000
344,-56.608987,26.609150,0.000000
345,-56.438879,26.609726,0.000000
346,-56.269589,26.611435,0.000000
347,-56.101112,26.614266,0.000000
348,-55.933440,26.618211,0.000000
349,-55.766567,26.623261,0.000000
350,-55.600487,26.629406,0.000000
351,-55.435191,26.636638,0.000000
352,-55.270673,26.644948,0.000000
353,-55.106926,26.654327,0.000000
354,-54.943941,26.664766,0.000000
355,-54.781710,26.676258,0.000000
356,-54.620224,26.688792,0.000000
357,-54.459475,26.702361,0.000000
358,-54.299452,26.716957,0.000000
359,-54.140148,26.732571,0.000000
360,-53.981552,26.749194,0.000000
361,-53.823652,26.766820,0.000000
362,-53.666439,26.785440,0.000000
363,-53.509901,26.805045,0.000000
364,-53.354025,26.825629,0.000000
365,-53.198799,26.847183,0.000000
366,-53.044210,26.869701,0.000000
367,-52.890242,26.893174,0.000000
368,-52.736882,26.917595,0.000000
369,-52.584112,26.942957,0.000000
370,-52.431915,26.969253,0.000000
371,-52.280274,26.996476,0.000000
372,-52.129172,27.024619,0.000000
373,-51.978590,27.053676,0.000000
374,-51.828504,27.083640,0.000000
375,-51.678894,27.114505,0.000000
376,-51.529737,27.146264,0.000000
377,-51.381008,27.178911,0.000000
378,-51.232681,27.212441,0.000000
379,-51.084727,27.246849,0.000000
380,-50.937117,27.282128,0.000000
381,-50.789817,27.318273,0.000000
382,-50.642792,27.355280,0.000000
383,-50.496004,27.393144,0.000000
384,-50.349408,27.431860,0.000000
385,-50.202976,27.471424,0.000000
386,-50.056661,27.511833,0.000000
387,-49.910412,27.553083,0.000000
388,-49.764176,27.595170,0.000000
389,-49.617900,27.638091,0.000000
390,-49.471524,27.681845,0.000000
391,-49.324986,27.726429,0.000000
392,-49.178215,27.771841,0.000000
393,-49.031136,27.818080,0.000000
394,-48.883667,27.865145,0.000000
395,-48.735716,27.913037,0.000000
396,-48.587182,27.961755,0.000000
397,-48.437953,28.011302,0.000000
398,-48.287914,28.061678,0.000000
399,-48.136962,28.112886,0.000000
400,-47.984947,28.164930,0.000000
401,-47.831712,28.217814,0.000000
402,-47.677088,28.271543,0.000000
403,-47.520889,28.326124,0.000000
404,-47.362911,28.381564,0.000000
405,-47.202921,28.437873,0.000000
406,-47.040655,28.495061,0.000000
407,-46.875811,28.553139,0.000000
408,-46.708045,28.612123,0.000000
409,-46.536957,28.672029,0.000000
410,-46.362081,28.732876,0.000000
411,-46.182954,28.794686,0.000000
412,-45.998999,28.857484,0.000000
413,-45.809484,28.921299,0.000000
414,-45.613606,28.986165,0.000000
415,-45.410388,29.052120,0.000000
416,-45.198660,29.119211,0.000000
417,-44.976984,29.187489,0.000000
418,-44.743532,29.257017,0.000000
419,-44.495986,29.327870,0.000000
420,-44.231232,29.400138,0.000000
421,-43.945820,29.473929,0.000000
422,-43.634420,29.549377,0.000000
423,-43.289872,29.626650,0.000000
424,-42.901879,29.705962,0.000000
425,-42.454613,29.787596,0.000000
426,-41.921854,29.871940,0.000000
427,-41.259307,29.959554,0.000000
428,-40.377662,30.051294,0.000000
429,-39.061461,30.148605,0.000000
430,-36.609830,30.254367,0.000000
431,-28.455865,30.376120,0.000000
432,0.000000,30.551827,1.000000
433,-58.000000,30.916654,0.000000
434,-57.825275,30.893599,0.000000
435,-57.651396,30.871785,0.000000
436,-57.478357,30.851203,0.000000
437,-57.306153,30.831843,0.000000
438,-57.134779,30.813696,0.000000
439,-56.964230,30.796752,0.000000
440,-56.794500,30.781001,0.000000
441,-56.625584,30.766435,0.000000
442,-56.457475,30.753043,0.000000
443,-56.290167,30.740816,0.000000
444,-56.123656,30.729745,0.000000
445,-55.957935,30.719822,0.000000
446,-55.792997,30.711036,0.000000
447,-55.628835,30.703380,0.000000
448,-55.465443,30.696843,0.000000
449,-55.302814,30.691417,0.000000
450,-55.140941,30.687093,0.000000
451,-54.979815,30.683864,0.000000
452,-54.819429,30.681719,0.000000
453,-54.659775,30.680650,0.000000
454,-54.500843,30.680649,0.000000
455,-54.342625,30.681708,0.000000
456,-54.185112,30.683818,0.000000
457,-54.028295,30.686972,0.000000
458,-53.872162,30.691160,0.000000
459,-53.716704,30.696375,0.000000
460,-53.561909,30.702609,0.000000
461,-53.407766,30.709854,0.000000
462,-53.254263,30.718103,0.000000
463,-53.101387,30.727347,0.000000
464,-52.949124,30.737580,0.000000
465,-52.797460,30.748794,0.000000
466,-52.646379,30.760982,0.000000
467,-52.495864,30.774136,0.000000
468,-52.345898,30.788250,0.000000
469,-52.196467,30.803316,0.000000
470,-52.047551,30.819329,0.000000
471,-51.899130,30.836281,0.000000
472,-51.751183,30.854165,0.000000
473,-51.603688,30.872977,0.000000
474,-51.456621,30.892709,0.000000
475,-51.309958,30.913356,0.000000
476,-51.163672,30.934912,0.000000
477,-51.017736,30.957371,0.000000
478,-50.872118,30.980728,0.000000
479,-50.726785,31.004978,0.000000
480,-50.581702,31.030116,0.000000
481,-50.436830,31.056138,0.000000
482,-50.292129,31.083039,0.000000
483,-50.147567,31.110814,0.000000
484,-50.003095,31.139461,0.000000
485,-49.858664,31.168976,0.000000
486,-49.714221,31.199355,0.000000
487,-49.569713,31.230595,0.000000
488,-49.425079,31.262695,0.000000
489,-49.280258,31.295652,0.000000
490,-49.135180,31.329465,0.000000
491,-48.989768,31.364132,0.000000
492,-48.843939,31.399654,0.000000
493,-48.697603,31.436028,0.000000
494,-48.550656,31.473258,0.000000
495,-48.402987,31.511342,0.000000
496,-48.254493,31.550285,0.000000
497,-48.105056,31.590087,0.000000
498,-47.954533,31.630753,0.000000
499,-47.802761,31.672287,0.000000
500,-47.649579,31.714694,0.000000
501,-47.494798,31.757981,0.000000
502,-47.338215,31.802156,0.000000
503,-47.179596,31.847228,0.000000
504,-47.018677,31.893206,0.000000
505,-46.855158,31.940104,0.000000
506,-46.688694,31.987936,0.000000
507,-46.518882,32.036718,0.000000
508,-46.345258,32.086470,0.000000
509,-46.167378,32.137214,0.000000
510,-45.984645,32.188974,0.000000
511,-45.796335,32.241779,0.000000
512,-45.601651,32.295665,0.000000
513,-45.399615,32.350668,0.000000
514,-45.189058,32.406835,0.000000
515,-44.968542,32.464219,0.000000
516,-44.736247,32.522881,0.000000
517,-44.489856,32.582896,0.000000
518,-44.226291,32.644354,0.000000
519,-43.942084,32.707364,0.000000
520,-43.631927,32.772059,0.000000
521,-43.288709,32.838606,0.000000
522,-42.902181,32.907220,0.000000
523,-42.456563,32.978181,0.000000
524,-41.925806,33.051877,0.000000
525,-41.265962,33.128865,0.000000
526,-40.388468,33.209996,0.000000
527,-39.080256,33.296706,0.000000
528,-36.652388,33.391848,0.000000
529,-28.671282,33.502860,0.000000
530,0.000000,33.666708,1.000000
531,-58.000000,34.021153,0.000000
532,-57.826827,33.987749,0.000000
533,-57.654487,33.955611,0.000000
534,-57.482975,33.924729,0.000000
535,-57.312286,33.895093,0.000000
536,-57.142414,33.866694,0.000000
537,-56.973354,33.839523,0.000000
538,-56.805101,33.813568,0.000000
539,-56.637650,33.788823,0.000000
540,-56.470994,33.765276,0.000000
541,-56.305128,33.742918,0.000000
542,-56.140046,33.721741,0.000000
543,-55.975743,33.701735,0.000000
544,-55.812211,33.682891,0.000000
545,-55.649444,33.665200,0.000000
546,-55.487436,33.648653,0.000000
547,-55.326180,33.633241,0.000000
548,-55.165669,33.618955,0.000000
549,-55.005895,33.605788,0.000000
550,-54.846851,33.593729,0.000000
551,-54.688527,33.582771,0.000000
552,-54.530917,33.572905,0.000000
553,-54.374011,33.564123,0.000000
554,-54.217800,33.556415,0.000000
555,-54.062275,33.549775,0.000000
556,-53.907426,33.544194,0.000000
557,-53.753244,33.539664,0.000000
558,-53.599716,33.536177,0.000000
559,-53.446832,33.533725,0.000000
560,-53.294581,33.532300,0.000000
561,-53.142949,33.531895,0.000000
562,-52.991924,33.532503,0.000000
563,-52.841492,33.534115,0.000000
564,-52.691638,33.536725,0.000000
565,-52.542345,33.540325,0.000000
566,-52.393597,33.544908,0.000000
567,-52.245378,33.550468,0.000000
568,-52.097672,33.556997,0.000000
569,-51.950458,33.564489,0.000000
570,-51.803716,33.572938,0.000000
571,-51.657425,33.582336,0.000000
572,-51.511563,33.592679,0.000000
573,-51.366106,33.603960,0.000000
574,-51.221028,33.616173,0.000000
575,-51.076303,33.629312,0.000000
576,-50.931902,33.643372,0.000000
577,-50.787792,33.658348,0.000000
578,-50.643941,33.674235,0.000000
579,-50.500310,33.691028,0.000000
580,-50.356861,33.708723,0.000000
581,-50.213561,33.727314,0.000000
582,-50.070369,33.746800,0.000000
583,-49.927236,33.767174,0.000000
584,-49.784111,33.788436,0.000000
585,-49.640942,33.810580,0.000000
586,-49.497676,33.833605,0.000000
587,-49.354251,33.857509,0.000000
588,-49.210602,33.882289,0.000000
589,-49.066659,33.907944,0.000000
590,-48.922343,33.934473,0.000000
591,-48.777567,33.961876,0.000000
592,-48.632240,33.990152,0.000000
593,-48.486255,34.019303,0.000000
594,-48.339493,34.049331,0.000000
595,-48.191872,34.080236,0.000000
596,-48.043254,34.112023,0.000000
597,-47.893491,34.144695,0.000000
598,-47.742418,34.178256,0.000000
599,-47.589871,34.212712,0.000000
600,-47.435659,34.248071,0.000000
601,-47.279568,34.284339,0.000000
602,-47.121359,34.321528,0.000000
603,-46.960760,34.359647,0.000000
604,-46.797460,34.398710,0.000000
605,-46.631097,34.438731,0.000000
606,-46.461259,34.479728,0.000000
607,-46.287466,34.521720,0.000000
608,-46.109274,34.564731,0.000000
609,-45.926045,34.608787,0.000000
610,-45.737028,34.653918,0.000000
611,-45.541384,34.700158,0.000000
612,-45.338103,34.747548,0.000000
613,-45.125949,34.796135,0.000000
614,-44.903396,34.845975,0.000000
615,-44.668522,34.897133,0.000000
616,-44.418841,34.949685,0.000000
617,-44.151195,35.003728,0.000000
618,-43.861688,35.059374,0.000000
619,-43.544626,35.116765,0.000000
620,-43.192283,35.176078,0.000000
621,-42.793284,35.237542,0.000000
622,-42.329864,35.301462,0.000000
623,-41.772731,35.368258,0.000000
624,-41.069757,35.438546,0.000000
625,-40.113338,35.513285,0.000000
626,-38.628104,35.594152,0.000000
627,-35.605292,35.684651,0.000000
628,-22.185956,35.795000,0.000000
629,0.000000,35.994444,1.000000
630,-58.000000,36.341129,0.000000
631,-57.827987,36.299992,0.000000
632,-57.656798,36.260139,0.000000
633,-57.486427,36.221560,0.000000
634,-57.316869,36.184245,0.000000
635,-57.148119,36.148185,0.000000
636,-56.980172,36.113370,0.000000
637,-56.813023,36.079791,0.000000
638,-56.646667,36.047438,0.000000
639,-56.481097,36.016302,0.000000
640,-56.316308,35.986374,0.000000
641,-56.152294,35.957644,0.000000
642,-55.989050,35.930103,0.000000
643,-55.826569,35.903743,0.000000
644,-55.664845,35.878553,0.000000
645,-55.503872,35.854526,0.000000
646,-55.343642,35.831651,0.000000
647,-55.184148,35.809922,0.000000
648,-55.025384,35.789328,0.000000
649,-54.867342,35.769861,0.000000
650,-54.710014,35.751512,0.000000
651,-54.553391,35.734274,0.000000
652,-54.397464,35.718137,0.000000
653,-54.242226,35.703093,0.000000
654,-54.087667,35.689135,0.000000
655,-53.933778,35.676253,0.000000
656,-53.780548,35.664441,0.000000
657,-53.627967,35.653689,0.000000
658,-53.476024,35.643990,0.000000
659,-53.324707,35.635337,0.000000
660,-53.174005,35.627721,0.000000
661,-53.023905,35.621135,0.000000
662,-52.874393,35.615572,0.000000
663,-52.725454,35.611024,0.000000
664,-52.577073,35.607484,0.000000
665,-52.429234,35.604945,0.000000
666,-52.281920,35.603401,0.000000
667,-52.135116,35.602843,0.000000
668,-51.988803,35.603266,0.000000
669,-51.842961,35.604663,0.000000
670,-51.697568,35.607028,0.000000
671,-51.552604,35.610354,0.000000
672,-51.408045,35.614636,0.000000
673,-51.263868,35.619867,0.000000
674,-51.120045,35.626041,0.000000
675,-50.976550,35.633154,0.000000
676,-50.833350,35.641200,0.000000
677,-50.690415,35.650174,0.000000
678,-50.547708,35.660070,0.000000
679,-50.405191,35.670885,0.000000
680,-50.262829,35.682614,0.000000
681,-50.120586,35.695254,0.000000
682,-49.978415,35.708799,0.000000
683,-49.836267,35.723247,0.000000
684,-49.694092,35.738594,0.000000
685,-49.551838,35.754838,0.000000
686,-49.409445,35.771976,0.000000
687,-49.266852,35.790007,0.000000
688,-49.123992,35.808928,0.000000
689,-48.980790,35.828738,0.000000
690,-48.837164,35.849437,0.000000
691,-48.693026,35.871025,0.000000
692,-48.548276,35.893501,0.000000
693,-48.402805,35.916867,0.000000
694,-48.256511,35.941126,0.000000
695,-48.109284,35.966279,0.000000
696,-47.960982,35.992329,0.000000
697,-47.811448,36.019282,0.000000
698,-47.660525,36.047141,0.000000
699,-47.508031,36.075914,0.000000
700,-47.353770,36.105607,0.000000
701,-47.197518,36.136230,0.000000
702,-47.039019,36.167792,0.000000
703,-46.877983,36.200306,0.000000
704,-46.714083,36.233785,0.000000
705,-46.546934,36.268245,0.000000
706,-46.376089,36.303705,0.000000
707,-46.201105,36.340185,0.000000
708,-46.021440,36.377711,0.000000
709,-45.836414,36.416309,0.000000
710,-45.645232,36.456012,0.000000
711,-45.446997,36.496857,0.000000
712,-45.240603,36.538887,0.000000
713,-45.024709,36.582154,0.000000
714,-44.797620,36.626715,0.000000
715,-44.557205,36.672642,0.000000
716,-44.300659,36.720018,0.000000
717,-44.024648,36.768947,0.000000
718,-43.724498,36.819553,0.000000
719,-43.393726,36.871991,0.000000
720,-43.023303,36.926460,0.000000
721,-42.599537,36.983216,0.000000
722,-42.100342,37.042609,0.000000
723,-41.489055,37.105131,0.000000
724,-40.695344,37.171520,0.000000
725,-39.562263,37.242979,0.000000
726,-37.635977,37.321754,0.000000
727,-32.726756,37.413109,0.000000
728,0.000000,37.536887,1.000000
729,-58.000000,37.878430,0.000000
730,-57.828756,37.832169,0.000000
731,-57.658329,37.787203,0.000000
732,-57.488714,37.743524,0.000000
733,-57.319905,37.701121,0.000000
734,-57.151899,37.659984,0.000000
735,-56.984690,37.620105,0.000000
736,-56.818273,37.581473,0.000000
737,-56.652641,37.544080,0.000000
738,-56.487791,37.507915,0.000000
739,-56.323716,37.472970,0.000000
740,-56.160410,37.439236,0.000000
741,-55.997868,37.406702,0.000000
742,-55.836084,37.375361,0.000000
743,-55.675050,37.345202,0.000000
744,-55.514762,37.316218,0.000000
745,-55.355212,37.288399,0.000000
746,-55.196393,37.261736,0.000000
747,-55.038298,37.236221,0.000000
748,-54.880920,37.211845,0.000000
749,-54.724251,37.188599,0.000000
750,-54.568282,37.166476,0.000000
751,-54.413005,37.145466,0.000000
752,-54.258411,37.125561,0.000000
753,-54.104492,37.106753,0.000000
754,-53.951238,37.089034,0.000000
755,-53.798640,37.072395,0.000000
756,-53.646686,37.056830,0.000000
757,-53.495366,37.042329,0.000000
758,-53.344669,37.028885,0.000000
759,-53.194583,37.016491,0.000000
760,-53.045095,37.005139,0.000000
761,-52.896192,36.994821,0.000000
762,-52.747859,36.985531,0.000000
763,-52.600082,36.977260,0.000000
764,-52.452844,36.970002,0.000000
765,-52.306129,36.963750,0.000000
766,-52.159923,36.958496,0.000000
767,-52.014206,36.954235,0.000000
768,-51.868959,36.950960,0.000000
769,-51.724161,36.948663,0.000000
770,-51.579791,36.947340,0.000000
771,-51.435827,36.946984,0.000000
772,-51.292245,36.947588,0.000000
773,-51.149019,36.949148,0.000000
774,-51.006122,36.951657,0.000000
775,-50.863524,36.955111,0.000000
776,-50.721194,36.959504,0.000000
777,-50.579097,36.964831,0.000000
778,-50.437195,36.971087,0.000000
779,-50.295451,36.978269,0.000000
780,-50.153834,36.986372,0.000000
781,-50.012297,36.995392,0.000000
782,-49.870794,37.005325,0.000000
783,-49.729274,37.016169,0.000000
784,-49.587685,37.027920,0.000000
785,-49.445971,37.040575,0.000000
786,-49.304072,37.054134,0.000000
787,-49.161924,37.068593,0.000000
788,-49.019452,37.083951,0.000000
789,-48.876580,37.100208,0.000000
790,-48.733220,37.117364,0.000000
791,-48.589277,37.135418,0.000000
792,-48.444645,37.154371,0.000000
793,-48.299216,37.174226,0.000000
794,-48.152895,37.194983,0.000000
795,-48.005544,37.216648,0.000000
796,-47.857015,37.239222,0.000000
797,-47.707144,37.262711,0.000000
798,-47.555768,37.287121,0.000000
799,-47.402693,37.312459,0.000000
800,-47.247702,37.338733,0.000000
801,-47.090555,37.365952,0.000000
802,-46.930979,37.394129,0.000000
803,-46.768658,37.423275,0.000000
804,-46.603231,37.453406,0.000000
805,-46.434276,37.484540,0.000000
806,-46.261334,37.516696,0.000000
807,-46.083934,37.549899,0.000000
808,-45.901431,37.584173,0.000000
809,-45.713078,37.619549,0.000000
810,-45.518027,37.656064,0.000000
811,-45.315249,37.693756,0.000000
812,-45.103501,37.732676,0.000000
813,-44.881238,37.772877,0.000000
814,-44.646505,37.814425,0.000000
815,-44.396787,37.857401,0.000000
816,-44.128928,37.901897,0.000000
817,-43.838898,37.948032,0.000000
818,-43.520942,37.995946,0.000000
819,-43.167142,38.045819,0.000000
820,-42.765896,38.097886,0.000000
821,-42.298969,38.152453,0.000000
822,-41.736256,38.209952,0.000000
823,-41.023622,38.271011,0.000000
824,-40.048588,38.336616,0.000000
825,-38.518902,38.408504,0.000000
826,-35.330780,38.490349,0.000000
827,-19.954751,38.593176,0.000000
828,0.000000,38.798167,1.000000
829,-58.000000,39.135507,0.000000
830,-57.829385,39.085055,0.000000
831,-57.659581,39.035909,0.000000
832,-57.490584,38.988059,0.000000
833,-57.322389,38.941495,0.000000
834,-57.154991,38.896207,0.000000
835,-56.988384,38.852187,0.000000
836,-56.822565,38.809423,0.000000
837,-56.657527,38.767908,0.000000
838,-56.493265,38.727632,0.000000
839,-56.329773,38.688584,0.000000
840,-56.167046,38.650757,0.000000
841,-56.005079,38.614141,0.000000
842,-55.843864,38.578727,0.000000
843,-55.683395,38.544505,0.000000
844,-55.523667,38.511468,0.000000
845,-55.364673,38.479605,0.000000
846,-55.206406,38.448909,0.000000
847,-55.048858,38.419370,0.000000
848,-54.892023,38.390979,0.000000
849,-54.735893,38.363729,0.000000
850,-54.580459,38.337611,0.000000
851,-54.425712,38.312616,0.000000
852,-54.271646,38.288736,0.000000
853,-54.118250,38.265962,0.000000
854,-53.965516,38.244287,0.000000
855,-53.813433,38.223703,0.000000
856,-53.661992,38.204201,0.000000
857,-53.511182,38.185774,0.000000
858,-53.360991,38.168413,0.000000
859,-53.211408,38.152112,0.000000
860,-53.062421,38.136862,0.000000
861,-52.914016,38.122656,0.000000
862,-52.766179,38.109488,0.000000
863,-52.618896,38.097348,0.000000
864,-52.472150,38.086231,0.000000
865,-52.325924,38.076129,0.000000
866,-52.180206,38.067036,0.000000
867,-52.034976,38.058944,0.000000
868,-51.890215,38.051848,0.000000
869,-51.745903,38.045740,0.000000
870,-51.602018,38.040615,0.000000
871,-51.458540,38.036466,0.000000
872,-51.315444,38.033288,0.000000
873,-51.172705,38.031074,0.000000
874,-51.030297,38.029819,0.000000
875,-50.888190,38.029518,0.000000
876,-50.746353,38.030165,0.000000
877,-50.604753,38.031755,0.000000
878,-50.463352,38.034284,0.000000
879,-50.322113,38.037748,0.000000
880,-50.181006,38.042141,0.000000
881,-50.039987,38.047461,0.000000
882,-49.899008,38.053702,0.000000
883,-49.758019,38.060863,0.000000
884,-49.616971,38.068940,0.000000
885,-49.475809,38.077931,0.000000
886,-49.334475,38.087832,0.000000
887,-49.192903,38.098643,0.000000
888,-49.051025,38.110362,0.000000
889,-48.908764,38.122987,0.000000
890,-48.766035,38.136518,0.000000
891,-48.622746,38.150956,0.000000
892,-48.478795,38.166302,0.000000
893,-48.334065,38.182555,0.000000
894,-48.188476,38.199720,0.000000
895,-48.041893,38.217797,0.000000
896,-47.894171,38.236792,0.000000
897,-47.745151,38.256708,0.000000
898,-47.594673,38.277552,0.000000
899,-47.442548,38.299329,0.000000
900,-47.288572,38.322047,0.000000
901,-47.132512,38.345717,0.000000
902,-46.974102,38.370348,0.000000
903,-46.813042,38.395952,0.000000
904,-46.648988,38.422546,0.000000
905,-46.481537,38.450144,0.000000
906,-46.310209,38.478766,0.000000
907,-46.134605,38.508436,0.000000
908,-45.954100,38.539177,0.000000
909,-45.767973,38.571019,0.000000
910,-45.575422,38.603996,0.000000
911,-45.375481,38.638146,0.000000
912,-45.166980,38.673516,0.000000
913,-44.948478,38.710158,0.000000
914,-44.718162,38.748134,0.000000
915,-44.473711,38.787519,0.000000
916,-44.212067,38.828403,0.000000
917,-43.929751,38.870894,0.000000
918,-43.621463,38.915126,0.000000
919,-43.280093,38.961266,0.000000
920,-42.895419,39.009528,0.000000
921,-42.451709,39.060193,0.000000
922,-41.922988,39.113648,0.000000
923,-41.265390,39.170449,0.000000
924,-40.390719,39.231445,0.000000
925,-39.086973,39.298069,0.000000
926,-36.669862,39.373162,0.000000
927,-28.761096,39.464119,0.000000
928,0.000000,39.607498,1.000000
929,-58.000000,39.942140,0.000000
930,-57.829788,39.888999,0.000000
931,-57.660384,39.837171,0.000000
932,-57.491784,39.786644,0.000000
933,-57.323982,39.737410,0.000000
934,-57.156974,39.689459,0.000000
935,-56.990755,39.642781,0.000000
936,-56.825320,39.597367,0.000000
937,-56.660662,39.553207,0.000000
938,-56.496778,39.510292,0.000000
939,-56.333660,39.468612,0.000000
940,-56.171305,39.428159,0.000000
941,-56.009705,39.388923,0.000000
942,-55.848856,39.350895,0.000000
943,-55.688750,39.314067,0.000000
944,-55.529382,39.278428,0.000000
945,-55.370744,39.243971,0.000000
946,-55.212831,39.210686,0.000000
947,-55.055634,39.178565,0.000000
948,-54.899148,39.147599,0.000000
949,-54.743363,39.117779,0.000000
950,-54.588272,39.089097,0.000000
951,-54.433867,39.061545,0.000000
952,-54.280138,39.035114,0.000000
953,-54.127078,39.009796,0.000000
954,-53.974677,38.985583,0.000000
955,-53.822926,38.962467,0.000000
956,-53.671813,38.940439,0.000000
957,-53.521330,38.919492,0.000000
958,-53.371464,38.899618,0.000000
959,-53.222204,38.880810,0.000000
960,-53.073538,38.863059,0.000000
961,-52.925452,38.846359,0.000000
962,-52.777934,38.830701,0.000000
963,-52.630967,38.816079,0.000000
964,-52.484536,38.802486,0.000000
965,-52.338624,38.789914,0.000000
966,-52.193219,38.778357,0.000000
967,-52.048302,38.767807,0.000000
968,-51.903853,38.758259,0.000000
969,-51.759852,38.749706,0.000000
970,-51.616279,38.742141,0.000000
971,-51.473112,38.735559,0.000000
972,-51.330328,38.729953,0.000000
973,-51.187901,38.725318,0.000000
974,-51.045806,38.721647,0.000000
975,-50.904014,38.718936,0.000000
976,-50.762493,38.717180,0.000000
977,-50.621212,38.716373,0.000000
978,-50.480133,38.716510,0.000000
979,-50.339216,38.717587,0.000000
980,-50.198436,38.719601,0.000000
981,-50.057747,38.722546,0.000000
982,-49.917104,38.726419,0.000000
983,-49.776456,38.731217,0.000000
984,-49.635755,38.736937,0.000000
985,-49.494947,38.743575,0.000000
986,-49.353973,38.751130,0.000000
987,-49.212771,38.759600,0.000000
988,-49.071271,38.768983,0.000000
989,-48.929399,38.779278,0.000000
990,-48.787072,38.790484,0.000000
991,-48.644199,38.802602,0.000000
992,-48.500680,38.815632,0.000000
993,-48.356404,38.829575,0.000000
994,-48.211281,38.844434,0.000000
995,-48.065186,38.860211,0.000000
996,-47.917978,38.876909,0.000000
997,-47.769501,38.894533,0.000000
998,-47.619591,38.913087,0.000000
999,-47.468072,38.932580,0.000000
1000,-47.314738,38.953017,0.000000
1001,-47.159365,38.974409,0.000000
1002,-47.001696,38.996765,0.000000
1003,-46.841435,39.020098,0.000000
1004,-46.678248,39.044422,0.000000
1005,-46.511741,39.069752,0.000000
1006,-46.341463,39.096108,0.000000
1007,-46.166987,39.123511,0.000000
1008,-45.987736,39.151986,0.000000
1009,-45.803010,39.181561,0.000000
1010,-45.612033,39.212269,0.000000
1011,-45.413873,39.244148,0.000000
1012,-45.207394,39.277242,0.000000
1013,-44.991232,39.311602,0.000000
1014,-44.763645,39.347288,0.000000
1015,-44.522433,39.384373,0.000000
1016,-44.264719,39.422942,0.000000
1017,-43.987110,39.463101,0.000000
1018,-43.684715,39.504976,0.000000
1019,-43.350876,39.548728,0.000000
1020,-42.976121,39.594560,0.000000
1021,-42.546104,39.642737,0.000000
1022,-42.037423,39.693621,0.000000
1023,-41.411202,39.747726,0.000000
1024,-40.591342,39.805826,0.000000
1025,-39.403631,39.869197,0.000000
1026,-37.327315,39.940276,0.000000
1027,-31.615396,40.024959,0.000000
1028,0.000000,40.147440,1.000000
1029,-58.000000,40.480282,0.000000
1030,-57.830057,40.425348,0.000000
1031,-57.660920,40.371730,0.000000
1032,-57.492584,40.319418,0.000000
1033,-57.325045,40.268402,0.000000
1034,-57.158298,40.218674,0.000000
1035,-56.992337,40.170223,0.000000
1036,-56.827157,40.123040,0.000000
1037,-56.662754,40.077116,0.000000
1038,-56.499121,40.032440,0.000000
1039,-56.336254,39.989005,0.000000
1040,-56.174146,39.946800,0.000000
1041,-56.012792,39.905816,0.000000
1042,-55.852186,39.866045,0.000000
1043,-55.692322,39.827477,0.000000
1044,-55.533194,39.790103,0.000000
1045,-55.374794,39.753915,0.000000
1046,-55.217117,39.718903,0.000000
1047,-55.060155,39.685059,0.000000
1048,-54.903901,39.652375,0.000000
1049,-54.748347,39.620841,0.000000
1050,-54.593485,39.590449,0.000000
1051,-54.439306,39.561191,0.000000
1052,-54.285803,39.533058,0.000000
1053,-54.132967,39.506043,0.000000
1054,-53.980789,39.480136,0.000000
1055,-53.829258,39.455330,0.000000
1056,-53.678366,39.431617,0.000000
1057,-53.528100,39.408990,0.000000
1058,-53.378451,39.387439,0.000000
1059,-53.229406,39.366958,0.000000
1060,-53.080954,39.347539,0.000000
1061,-52.933082,39.329174,0.000000
1062,-52.785775,39.311856,0.000000
1063,-52.639020,39.295578,0.000000
1064,-52.492799,39.280333,0.000000
1065,-52.347097,39.266113,0.000000
1066,-52.201900,39.252912,0.000000
1067,-52.057191,39.240723,0.000000
1068,-51.912950,39.229539,0.000000
1069,-51.769157,39.219354,0.000000
1070,-51.625792,39.210162,0.000000
1071,-51.482832,39.201956,0.000000
1072,-51.340256,39.194731,0.000000
1073,-51.198037,39.188480,0.000000
1074,-51.056151,39.183198,0.000000
1075,-50.914568,39.178880,0.000000
1076,-50.773258,39.175520,0.000000
1077,-50.632189,39.173113,0.000000
1078,-50.491323,39.171655,0.000000
1079,-50.350621,39.171140,0.000000
1080,-50.210058,39.171566,0.000000
1081,-50.069590,39.172927,0.000000
1082,-49.929170,39.175220,0.000000
1083,-49.788749,39.178441,0.000000
1084,-49.648278,39.182588,0.000000
1085,-49.507705,39.187658,0.000000
1086,-49.366971,39.193647,0.000000
1087,-49.226014,39.200555,0.000000
1088,-49.084766,39.208380,0.000000
1089,-48.943154,39.217120,0.000000
1090,-48.801094,39.226776,0.000000
1091,-48.658499,39.237346,0.000000
1092,-48.515266,39.248831,0.000000
1093,-48.371290,39.261233,0.000000
1094,-48.226475,39.274554,0.000000
1095,-48.080703,39.288796,0.000000
1096,-47.933834,39.303962,0.000000
1097,-47.785714,39.320056,0.000000
1098,-47.636185,39.337085,0.000000
1099,-47.485066,39.355053,0.000000
1100,-47.332158,39.373969,0.000000
1101,-47.177239,39.393842,0.000000
1102,-47.020055,39.414681,0.000000
1103,-46.860320,39.436498,0.000000
1104,-46.697701,39.459307,0.000000
1105,-46.531819,39.483125,0.000000
1106,-46.362225,39.507969,0.000000
1107,-46.188491,39.533861,0.000000
1108,-46.010065,39.560825,0.000000
1109,-45.826273,39.588888,0.000000
1110,-45.636321,39.618084,0.000000
1111,-45.439315,39.648448,0.000000
1112,-45.234166,39.680024,0.000000
1113,-45.019523,39.712863,0.000000
1114,-44.793718,39.747023,0.000000
1115,-44.554612,39.782575,0.000000
1116,-44.299435,39.819603,0.000000
1117,-44.024882,39.858208,0.000000
1118,-43.726302,39.898514,0.000000
1119,-43.397282,39.940677,0.000000
1120,-43.028841,39.984893,0.000000
1121,-42.607483,40.031418,0.000000
1122,-42.111391,40.080597,0.000000
1123,-41.504436,40.132919,0.000000
1124,-40.717561,40.189113,0.000000
1125,-39.597541,40.250365,0.000000
1126,-37.704648,40.318880,0.000000
1127,-32.959590,40.399787,0.000000
1128,0.000000,40.512057,1.000000
1129,-58.000000,40.843683,0.000000
1130,-57.830239,40.787537,0.000000
1131,-57.661282,40.732711,0.000000
1132,-57.493125,40.679193,0.000000
1133,-57.325763,40.626975,0.000000
1134,-57.159191,40.576047,0.000000
1135,-56.993405,40.526399,0.000000
1136,-56.828398,40.478021,0.000000
1137,-56.664166,40.430905,0.000000
1138,-56.500704,40.385041,0.000000
1139,-56.338005,40.340420,0.000000
1140,-56.176065,40.297032,0.000000
1141,-56.014877,40.254868,0.000000
1142,-55.854436,40.213919,0.000000
1143,-55.694735,40.174176,0.000000
1144,-55.535768,40.135631,0.000000
1145,-55.377530,40.098274,0.000000
1146,-55.220012,40.062096,0.000000
1147,-55.063208,40.027089,0.000000
1148,-54.907111,39.993244,0.000000
1149,-54.751712,39.960552,0.000000
1150,-54.597005,39.929006,0.000000
1151,-54.442980,39.898596,0.000000
1152,-54.289629,39.869314,0.000000
1153,-54.136944,39.841152,0.000000
1154,-53.984916,39.814102,0.000000
1155,-53.833535,39.788155,0.000000
1156,-53.682790,39.763304,0.000000
1157,-53.532672,39.739542,0.000000
1158,-53.383169,39.716859,0.000000
1159,-53.234270,39.695248,0.000000
1160,-53.085963,39.674702,0.000000
1161,-52.938234,39.655213,0.000000
1162,-52.791071,39.636774,0.000000
1163,-52.644458,39.619378,0.000000
1164,-52.498379,39.603017,0.000000
1165,-52.352818,39.587684,0.000000
1166,-52.207763,39.573373,0.000000
1167,-52.063195,39.560077,0.000000
1168,-51.919094,39.547789,0.000000
1169,-51.775441,39.536502,0.000000
1170,-51.632216,39.526211,0.000000
1171,-51.489396,39.516909,0.000000
1172,-51.346959,39.508590,0.000000
1173,-51.204881,39.501248,0.000000
1174,-51.063136,39.494878,0.000000
1175,-50.921695,39.489474,0.000000
1176,-50.780527,39.485031,0.000000
1177,-50.639601,39.481544,0.000000
1178,-50.498880,39.479009,0.000000
1179,-50.358323,39.477419,0.000000
1180,-50.217907,39.476772,0.000000
1181,-50.077587,39.477064,0.000000
1182,-49.937318,39.478290,0.000000
1183,-49.797050,39.480447,0.000000
1184,-49.656735,39.483531,0.000000
1185,-49.516320,39.487541,0.000000
1186,-49.375747,39.492474,0.000000
1187,-49.234956,39.498328,0.000000
1188,-49.093878,39.505100,0.000000
1189,-48.952439,39.512791,0.000000
1190,-48.810559,39.521398,0.000000
1191,-48.668149,39.530923,0.000000
1192,-48.525111,39.541366,0.000000
1193,-48.381335,39.552727,0.000000
1194,-48.236729,39.565009,0.000000
1195,-48.091176,39.578214,0.000000
1196,-47.944536,39.592346,0.000000
1197,-47.796655,39.607408,0.000000
1198,-47.647378,39.623405,0.000000
1199,-47.496526,39.640345,0.000000
1200,-47.343905,39.658233,0.000000
1201,-47.189293,39.677080,0.000000
1202,-47.032440,39.696894,0.000000
1203,-46.873059,39.717689,0.000000
1204,-46.710822,39.739476,0.000000
1205,-46.545356,39.762272,0.000000
1206,-46.376222,39.786095,0.000000
1207,-46.202983,39.810967,0.000000
1208,-46.025103,39.836911,0.000000
1209,-45.841925,39.863954,0.000000
1210,-45.652664,39.892128,0.000000
1211,-45.456435,39.921469,0.000000
1212,-45.252167,39.952022,0.000000
1213,-45.038544,39.983834,0.000000
1214,-44.813916,40.016964,0.000000
1215,-44.576206,40.051481,0.000000
1216,-44.322706,40.087468,0.000000
1217,-44.050154,40.125025,0.000000
1218,-43.754071,40.164274,0.000000
1219,-43.428207,40.205366,0.000000
1220,-43.063912,40.248494,0.000000
1221,-42.648176,40.293906,0.000000
1222,-42.160206,40.341938,0.000000
1223,-41.565569,40.393064,0.000000
1224,-40.799562,40.447983,0.000000
1225,-39.721117,40.507826,0.000000
1226,-37.936256,40.574659,0.000000
1227,-33.700856,40.653169,0.000000
1228,0.000000,40.759652,1.000000
1229,-58.000000,41.090454,0.000000
1230,-57.830362,41.033485,0.000000
1231,-57.661528,40.977838,0.000000
1232,-57.493492,40.923502,0.000000
1233,-57.326250,40.870467,0.000000
1234,-57.159798,40.818724,0.000000
1235,-56.994130,40.768262,0.000000
1236,-56.829241,40.719074,0.000000
1237,-56.665125,40.671149,0.000000
1238,-56.501778,40.624478,0.000000
1239,-56.339194,40.579051,0.000000
1240,-56.177367,40.534859,0.000000
1241,-56.016292,40.491894,0.000000
1242,-55.855963,40.450146,0.000000
1243,-55.696373,40.409605,0.000000
1244,-55.537517,40.370264,0.000000
1245,-55.379387,40.332113,0.000000
1246,-55.221977,40.295144,0.000000
1247,-55.065281,40.259347,0.000000
1248,-54.909290,40.224714,0.000000
1249,-54.753997,40.191236,0.000000
1250,-54.599395,40.158905,0.000000
1251,-54.445474,40.127713,0.000000
1252,-54.292227,40.097651,0.000000
1253,-54.139645,40.068710,0.000000
1254,-53.987719,40.040884,0.000000
1255,-53.836439,40.014163,0.000000
1256,-53.685795,39.988539,0.000000
1257,-53.535776,39.964005,0.000000
1258,-53.386373,39.940554,0.000000
1259,-53.237573,39.918176,0.000000
1260,-53.089364,39.896865,0.000000
1261,-52.941733,39.876613,0.000000
1262,-52.794666,39.857413,0.000000
1263,-52.648150,39.839257,0.000000
1264,-52.502168,39.822138,0.000000
1265,-52.356704,39.806050,0.000000
1266,-52.211745,39.790985,0.000000
1267,-52.067272,39.776937,0.000000
1268,-51.923267,39.763899,0.000000
1269,-51.779709,39.751864,0.000000
1270,-51.636579,39.740826,0.000000
1271,-51.493854,39.730780,0.000000
1272,-51.351513,39.721718,0.000000
1273,-51.209531,39.713636,0.000000
1274,-51.067881,39.706527,0.000000
1275,-50.926535,39.700386,0.000000
1276,-50.785464,39.695207,0.000000
1277,-50.644635,39.690987,0.000000
1278,-50.504012,39.687719,0.000000
1279,-50.363557,39.685400,0.000000
1280,-50.223240,39.684025,0.000000
1281,-50.083020,39.683590,0.000000
1282,-49.942853,39.684092,0.000000
1283,-49.802689,39.685526,0.000000
1284,-49.662479,39.687889,0.000000
1285,-49.522171,39.691180,0.000000
1286,-49.381709,39.695395,0.000000
1287,-49.241030,39.700532,0.000000
1288,-49.100067,39.706590,0.000000
1289,-48.958746,39.713568,0.000000
1290,-48.816989,39.721464,0.000000
1291,-48.674705,39.730279,0.000000
1292,-48.531799,39.740014,0.000000
1293,-48.388159,39.750668,0.000000
1294,-48.243694,39.762245,0.000000
1295,-48.098288,39.774746,0.000000
1296,-47.951803,39.788175,0.000000
1297,-47.804087,39.802536,0.000000
1298,-47.654983,39.817833,0.000000
1299,-47.504313,39.834074,0.000000
1300,-47.351886,39.851265,0.000000
1301,-47.197479,39.869415,0.000000
1302,-47.040844,39.888534,0.000000
1303,-46.881699,39.908633,0.000000
1304,-46.719724,39.929726,0.000000
1305,-46.554541,39.951829,0.000000
1306,-46.385714,39.974959,0.000000
1307,-46.212810,39.999138,0.000000
1308,-46.035308,40.024389,0.000000
1309,-45.852540,40.050739,0.000000
1310,-45.663744,40.078219,0.000000
1311,-45.468040,40.106867,0.000000
1312,-45.264365,40.136724,0.000000
1313,-45.051423,40.167839,0.000000
1314,-44.827589,40.200270,0.000000
1315,-44.590822,40.234085,0.000000
1316,-44.338450,40.269366,0.000000
1317,-44.067236,40.306212,0.000000
1318,-43.772827,40.344743,0.000000
1319,-43.449069,40.385108,0.000000
1320,-43.087530,40.427497,0.000000
1321,-42.675516,40.472156,0.000000
1322,-42.192893,40.519412,0.000000
1323,-41.606346,40.569728,0.000000
1324,-40.853819,40.623786,0.000000
1325,-39.801916,40.682681,0.000000
1326,-38.084314,40.748393,0.000000
1327,-34.146282,40.825336,0.000000
1328,-6.386680,40.928277,0.000000
1329,0.000000,41.215938,1.000000
1330,-58.000000,41.545218,0.000000
1331,-57.830589,41.486734,0.000000
1332,-57.661981,41.429574,0.000000
1333,-57.494169,41.373729,0.000000
1334,-57.327149,41.319189,0.000000
1335,-57.160916,41.265944,0.000000
1336,-56.995466,41.213985,0.000000
1337,-56.830794,41.163302,0.000000
1338,-56.666893,41.113885,0.000000
1339,-56.503759,41.065726,0.000000
1340,-56.341385,41.018816,0.000000
1341,-56.179768,40.973144,0.000000
1342,-56.018901,40.928701,0.000000
1343,-55.858777,40.885480,0.000000
1344,-55.699392,40.843470,0.000000
1345,-55.540738,40.802662,0.000000
1346,-55.382809,40.763048,0.000000
1347,-55.225599,40.724619,0.000000
1348,-55.069101,40.687367,0.000000
1349,-54.913307,40.651282,0.000000
1350,-54.758209,40.616355,0.000000
1351,-54.603800,40.582579,0.000000
1352,-54.450071,40.549945,0.000000
1353,-54.297015,40.518445,0.000000
1354,-54.144622,40.488070,0.000000
1355,-53.992884,40.458812,0.000000
1356,-53.841790,40.430664,0.000000
1357,-53.691332,40.403616,0.000000
1358,-53.541497,40.377662,0.000000
1359,-53.392277,40.352793,0.000000
1360,-53.243659,40.329002,0.000000
1361,-53.095630,40.306281,0.000000
1362,-52.948180,40.284623,0.000000
1363,-52.801293,40.264019,0.000000
1364,-52.654955,40.244464,0.000000
1365,-52.509151,40.225949,0.000000
1366,-52.363864,40.208469,0.000000
1367,-52.219080,40.192015,0.000000
1368,-52.074784,40.176581,0.000000
1369,-51.930954,40.162160,0.000000
1370,-51.787572,40.148747,0.000000
1371,-51.644616,40.136334,0.000000
1372,-51.502067,40.124915,0.000000
1373,-51.359901,40.114485,0.000000
1374,-51.218094,40.105037,0.000000
1375,-51.076621,40.096567,0.000000
1376,-50.935452,40.089067,0.000000
1377,-50.794559,40.082534,0.000000
1378,-50.653909,40.076962,0.000000
1379,-50.513466,40.072346,0.000000
1380,-50.373193,40.068682,0.000000
1381,-50.233060,40.065965,0.000000
1382,-50.093026,40.064191,0.000000
1383,-49.953047,40.063357,0.000000
1384,-49.813074,40.063459,0.000000
1385,-49.673058,40.064493,0.000000
1386,-49.532948,40.066458,0.000000
1387,-49.392689,40.069350,0.000000
1388,-49.252216,40.073168,0.000000
1389,-49.111465,40.077909,0.000000
1390,-48.970362,40.083573,0.000000
1391,-48.828829,40.090159,0.000000
1392,-48.686778,40.097666,0.000000
1393,-48.544112,40.106095,0.000000
1394,-48.400724,40.115447,0.000000
1395,-48.256517,40.125724,0.000000
1396,-48.111382,40.136929,0.000000
1397,-47.965182,40.149063,0.000000
1398,-47.817765,40.162132,0.000000
1399,-47.668975,40.176139,0.000000
1400,-47.518639,40.191092,0.000000
1401,-47.366565,40.206998,0.000000
1402,-47.212538,40.223864,0.000000
1403,-47.056310,40.241701,0.000000
1404,-46.897603,40.260520,0.000000
1405,-46.736102,40.280334,0.000000
1406,-46.571434,40.301159,0.000000
1407,-46.403176,40.323012,0.000000
1408,-46.230883,40.345914,0.000000
1409,-46.054057,40.369889,0.000000
1410,-45.872049,40.394962,0.000000
1411,-45.684103,40.421165,0.000000
1412,-45.489352,40.448534,0.000000
1413,-45.286761,40.477110,0.000000
1414,-45.075059,40.506941,0.000000
1415,-44.852675,40.538084,0.000000
1416,-44.617611,40.570606,0.000000
1417,-44.367287,40.604587,0.000000
1418,-44.098514,40.640123,0.000000
1419,-43.807128,40.677332,0.000000
1420,-43.487189,40.716360,0.000000
1421,-43.130602,40.757391,0.000000
1422,-42.725280,40.800662,0.000000
1423,-42.252209,40.846492,0.000000
1424,-41.679994,40.895322,0.000000
1425,-40.951256,40.947804,0.000000
1426,-39.945132,41.004970,0.000000
1427,-38.340205,41.068652,0.000000
1428,-34.864482,41.142822,0.000000
1429,-15.472103,41.239916,0.000000
1430,0.000000,41.465969,1.000000
1431,-58.000000,41.794416,0.000000
1432,-57.830714,41.735101,0.000000
1433,-57.662229,41.677113,0.000000
1434,-57.494539,41.620441,0.000000
1435,-57.327641,41.565076,0.000000
1436,-57.161529,41.511008,0.000000
1437,-56.996199,41.458228,0.000000
1438,-56.831645,41.406726,0.000000
1439,-56.667861,41.356492,0.000000
1440,-56.504844,41.307518,0.000000
1441,-56.342586,41.259794,0.000000
1442,-56.181084,41.213311,0.000000
1443,-56.020330,41.168059,0.000000
1444,-55.860320,41.124030,0.000000
1445,-55.701046,41.081215,0.000000
1446,-55.542503,41.039604,0.000000
1447,-55.384685,40.999188,0.000000
1448,-55.227584,40.959960,0.000000
1449,-55.071194,40.921909,0.000000
1450,-54.915508,40.885028,0.000000
1451,-54.760517,40.849308,0.000000
1452,-54.606214,40.814741,0.000000
1453,-54.452591,40.781317,0.000000
1454,-54.299638,40.749028,0.000000
1455,-54.147349,40.717867,0.000000
1456,-53.995714,40.687825,0.000000
1457,-53.844723,40.658895,0.000000
1458,-53.694366,40.631067,0.000000
1459,-53.544633,40.604334,0.000000
1460,-53.395512,40.578689,0.000000
1461,-53.246994,40.554123,0.000000
1462,-53.099065,40.530629,0.000000
1463,-52.951713,40.508200,0.000000
1464,-52.804924,40.486828,0.000000
1465,-52.658684,40.466506,0.000000
1466,-52.512977,40.447226,0.000000
1467,-52.367787,40.428982,0.000000
1468,-52.223100,40.411767,0.000000
1469,-52.078900,40.395574,0.000000
1470,-51.935166,40.380396,0.000000
1471,-51.791880,40.366227,0.000000
1472,-51.649021,40.353060,0.000000
1473,-51.506567,40.340890,0.000000
1474,-51.364498,40.329710,0.000000
1475,-51.222787,40.319514,0.000000
1476,-51.081410,40.310297,0.000000
1477,-50.940338,40.302054,0.000000
1478,-50.799542,40.294778,0.000000
1479,-50.658990,40.288465,0.000000
1480,-50.518646,40.283110,0.000000
1481,-50.378473,40.278709,0.000000
1482,-50.238440,40.275257,0.000000
1483,-50.098508,40.272749,0.000000
1484,-49.958632,40.271184,0.000000
1485,-49.818762,40.270555,0.000000
1486,-49.678854,40.270862,0.000000
1487,-49.538852,40.272100,0.000000
1488,-49.398702,40.274267,0.000000
1489,-49.258342,40.277362,0.000000
1490,-49.117707,40.281382,0.000000
1491,-48.976724,40.286326,0.000000
1492,-48.835313,40.292193,0.000000
1493,-48.693389,40.298984,0.000000
1494,-48.550855,40.306698,0.000000
1495,-48.407604,40.315336,0.000000
1496,-48.263538,40.324901,0.000000
1497,-48.118551,40.335395,0.000000
1498,-47.972506,40.346820,0.000000
1499,-47.825251,40.359180,0.000000
1500,-47.676634,40.372481,0.000000
1501,-47.526481,40.386729,0.000000
1502,-47.374602,40.401930,0.000000
1503,-47.220782,40.418093,0.000000
1504,-47.064776,40.435227,0.000000
1505,-46.906309,40.453344,0.000000
1506,-46.745063,40.472458,0.000000
1507,-46.580678,40.492583,0.000000
1508,-46.412728,40.513736,0.000000
1509,-46.240768,40.535939,0.000000
1510,-46.064314,40.559214,0.000000
1511,-45.882717,40.583588,0.000000
1512,-45.695227,40.609091,0.000000
1513,-45.500992,40.635759,0.000000
1514,-45.298987,40.663633,0.000000
1515,-45.087957,40.692761,0.000000
1516,-44.866350,40.723199,0.000000
1517,-44.632204,40.755013,0.000000
1518,-44.382981,40.788281,0.000000
1519,-44.115520,40.823101,0.000000
1520,-43.825764,40.859587,0.000000
1521,-43.507883,40.897883,0.000000
1522,-43.153932,40.938171,0.000000
1523,-42.752188,40.980684,0.000000
1524,-42.284196,41.025734,0.000000
1525,-41.719512,41.073754,0.000000
1526,-41.003195,41.125378,0.000000
1527,-40.020560,41.181605,0.000000
1528,-38.472042,41.244196,0.000000
1529,-35.210795,41.316902,0.000000
1530,-18.891684,41.411107,0.000000
1531,0.000000,41.613792,1.000000
1532,-58.000000,41.941746,0.000000
1533,-57.830788,41.881940,0.000000
1534,-57.662375,41.823462,0.000000
1535,-57.494758,41.766301,0.000000
1536,-57.327932,41.710448,0.000000
1537,-57.161892,41.655894,0.000000
1538,-56.996632,41.602628,0.000000
1539,-56.832148,41.550642,0.000000
1540,-56.668434,41.499925,0.000000
1541,-56.505485,41.450469,0.000000
1542,-56.343296,41.402265,0.000000
1543,-56.181861,41.355302,0.000000
1544,-56.021175,41.309572,0.000000
1545,-55.861232,41.265065,0.000000
1546,-55.702024,41.221774,0.000000
1547,-55.543547,41.179687,0.000000
1548,-55.385794,41.138798,0.000000
1549,-55.228758,41.099097,0.000000
1550,-55.072432,41.060575,0.000000
1551,-54.916809,41.023223,0.000000
1552,-54.761881,40.987034,0.000000
1553,-54.607641,40.951998,0.000000
1554,-54.454080,40.918107,0.000000
1555,-54.301189,40.885353,0.000000
1556,-54.148961,40.853727,0.000000
1557,-53.997387,40.823222,0.000000
1558,-53.846456,40.793828,0.000000
1559,-53.696159,40.765539,0.000000
1560,-53.546486,40.738346,0.000000
1561,-53.397425,40.712242,0.000000
1562,-53.248965,40.687218,0.000000
1563,-53.101095,40.663268,0.000000
1564,-52.953801,40.640383,0.000000
1565,-52.807070,40.618556,0.000000
1566,-52.660888,40.597781,0.000000
1567,-52.515239,40.578049,0.000000
1568,-52.370106,40.559354,0.000000
1569,-52.225477,40.541688,0.000000
1570,-52.081333,40.525046,0.000000
1571,-51.937657,40.509421,0.000000
1572,-51.794427,40.494805,0.000000
1573,-51.651624,40.481193,0.000000
1574,-51.509228,40.468578,0.000000
1575,-51.367215,40.456954,0.000000
1576,-51.225561,40.446316,0.000000
1577,-51.084241,40.436658,0.000000
1578,-50.943226,40.427975,0.000000
1579,-50.802488,40.420260,0.000000
1580,-50.661993,40.413509,0.000000
1581,-50.521708,40.407717,0.000000
1582,-50.381594,40.402880,0.000000
1583,-50.241620,40.398993,0.000000
1584,-50.101748,40.396053,0.000000
1585,-49.961932,40.394054,0.000000
1586,-49.822125,40.392994,0.000000
1587,-49.682279,40.392870,0.000000
1588,-49.542341,40.393679,0.000000
1589,-49.402257,40.395418,0.000000
1590,-49.261964,40.398084,0.000000
1591,-49.121397,40.401678,0.000000
1592,-48.980484,40.406196,0.000000
1593,-48.839146,40.411639,0.000000
1594,-48.697297,40.418006,0.000000
1595,-48.554841,40.425297,0.000000
1596,-48.411671,40.433514,0.000000
1597,-48.267688,40.442658,0.000000
1598,-48.122789,40.452731,0.000000
1599,-47.976836,40.463737,0.000000
1600,-47.829677,40.475679,0.000000
1601,-47.681163,40.488562,0.000000
1602,-47.531119,40.502392,0.000000
1603,-47.379354,40.517177,0.000000
1604,-47.225654,40.532924,0.000000
1605,-47.069777,40.549643,0.000000
1606,-46.911448,40.567346,0.000000
1607,-46.750357,40.586045,0.000000
1608,-46.586135,40.605756,0.000000
1609,-46.418367,40.626496,0.000000
1610,-46.246601,40.648285,0.000000
1611,-46.070362,40.671147,0.000000
1612,-45.889007,40.695107,0.000000
1613,-45.701785,40.720197,0.000000
1614,-45.507853,40.746451,0.000000
1615,-45.306193,40.773910,0.000000
1616,-45.095561,40.802622,0.000000
1617,-44.874413,40.832643,0.000000
1618,-44.640804,40.864038,0.000000
1619,-44.392225,40.896886,0.000000
1620,-44.125529,40.931282,0.000000
1621,-43.836716,40.967341,0.000000
1622,-43.520035,41.005205,0.000000
1623,-43.167646,41.045054,0.000000
1624,-42.767970,41.087119,0.000000
1625,-42.302895,41.131709,0.000000
1626,-41.742559,41.179251,0.000000
1627,-41.033378,41.230370,0.000000
1628,-40.064108,41.286046,0.000000
1629,-38.547082,41.347998,0.000000
1630,-35.404494,41.419858,0.000000
1631,-20.582434,41.512428,0.000000
1632,0.000000,41.703504,1.000000
1633,-58.000000,42.031159,0.000000
1634,-57.830832,41.971055,0.000000
1635,-57.662465,41.912279,0.000000
1636,-57.494892,41.854822,0.000000
1637,-57.328109,41.798673,0.000000
1638,-57.162111,41.743824,0.000000
1639,-56.996895,41.690263,0.000000
1640,-56.832453,41.637983,0.000000
1641,-56.668782,41.586974,0.000000
1642,-56.505875,41.537225,0.000000
1643,-56.343727,41.488729,0.000000
1644,-56.182334,41.441475,0.000000
1645,-56.021688,41.395454,0.000000
1646,-55.861785,41.350658,0.000000
1647,-55.702618,41.307077,0.000000
1648,-55.544181,41.264703,0.000000
1649,-55.386467,41.223526,0.000000
1650,-55.229470,41.183538,0.000000
1651,-55.073183,41.144730,0.000000
1652,-54.917598,41.107093,0.000000
1653,-54.762709,41.070618,0.000000
1654,-54.608507,41.035298,0.000000
1655,-54.454984,41.001124,0.000000
1656,-54.302130,40.968087,0.000000
1657,-54.149940,40.936179,0.000000
1658,-53.998402,40.905392,0.000000
1659,-53.847508,40.875718,0.000000
1660,-53.697248,40.847149,0.000000
1661,-53.547611,40.819677,0.000000
1662,-53.398586,40.793294,0.000000
1663,-53.250162,40.767992,0.000000
1664,-53.102327,40.743765,0.000000
1665,-52.955069,40.720603,0.000000
1666,-52.808373,40.698501,0.000000
1667,-52.662226,40.677450,0.000000
1668,-52.516612,40.657444,0.000000
1669,-52.371514,40.638475,0.000000
1670,-52.226919,40.620537,0.000000
1671,-52.082810,40.603622,0.000000
1672,-51.939168,40.587724,0.000000
1673,-51.795972,40.572838,0.000000
1674,-51.653204,40.558955,0.000000
1675,-51.510842,40.546070,0.000000
1676,-51.368864,40.534178,0.000000
1677,-51.227244,40.523272,0.000000
1678,-51.085959,40.513346,0.000000
1679,-50.944979,40.504395,0.000000
1680,-50.804276,40.496414,0.000000
1681,-50.663816,40.489397,0.000000
1682,-50.523566,40.483340,0.000000
1683,-50.383488,40.478239,0.000000
1684,-50.243550,40.474088,0.000000
1685,-50.103715,40.470884,0.000000
1686,-49.963936,40.468623,0.000000
1687,-49.824167,40.467301,0.000000
1688,-49.684359,40.466916,0.000000
1689,-49.544460,40.467464,0.000000
1690,-49.404415,40.468943,0.000000
1691,-49.264163,40.471350,0.000000
1692,-49.123638,40.474684,0.000000
1693,-48.982767,40.478945,0.000000
1694,-48.841472,40.484130,0.000000
1695,-48.699669,40.490239,0.000000
1696,-48.557259,40.497274,0.000000
1697,-48.414138,40.505235,0.000000
1698,-48.270207,40.514123,0.000000
1699,-48.125360,40.523941,0.000000
1700,-47.979463,40.534692,0.000000
1701,-47.832363,40.546380,0.000000
1702,-47.683908,40.559010,0.000000
1703,-47.533928,40.572587,0.000000
1704,-47.382234,40.587119,0.000000
1705,-47.228607,40.602614,0.000000
1706,-47.072810,40.619081,0.000000
1707,-46.914568,40.636532,0.000000
1708,-46.753568,40.654980,0.000000
1709,-46.589448,40.674439,0.000000
1710,-46.421790,40.694928,0.000000
1711,-46.250144,40.716467,0.000000
1712,-46.074038,40.739077,0.000000
1713,-45.892828,40.762787,0.000000
1714,-45.705774,40.787625,0.000000
1715,-45.512027,40.813628,0.000000
1716,-45.310578,40.840836,0.000000
1717,-45.100184,40.869296,0.000000
1718,-44.879316,40.899064,0.000000
1719,-44.646041,40.930205,0.000000
1720,-44.397856,40.962797,0.000000
1721,-44.131617,40.996935,0.000000
1722,-43.843382,41.032735,0.000000
1723,-43.527412,41.070336,0.000000
1724,-43.175950,41.109919,0.000000
1725,-42.777517,41.151713,0.000000
1726,-42.314216,41.196024,0.000000
1727,-41.756504,41.243276,0.000000
1728,-41.051550,41.294088,0.000000
1729,-40.090218,41.349431,0.000000
1730,-38.591689,41.410998,0.000000
1731,-35.517209,41.482350,0.000000
1732,-21.501826,41.573961,0.000000
1733,0.000000,41.758702,1.000000
1734,-58.000000,42.086173,0.000000
1735,-57.830860,42.025886,0.000000
1736,-57.662519,41.966927,0.000000
1737,-57.494973,41.909287,0.000000
1738,-57.328217,41.852957,0.000000
1739,-57.162247,41.797925,0.000000
1740,-56.997056,41.744184,0.000000
1741,-56.832641,41.691723,0.000000
1742,-56.668995,41.640533,0.000000
1743,-56.506114,41.590604,0.000000
1744,-56.343992,41.541928,0.000000
1745,-56.182624,41.494495,0.000000
1746,-56.022004,41.448296,0.000000
1747,-55.862125,41.403322,0.000000
1748,-55.702983,41.359563,0.000000
1749,-55.544570,41.317012,0.000000
1750,-55.386881,41.275658,0.000000
1751,-55.229908,41.235493,0.000000
1752,-55.073645,41.196509,0.000000
1753,-54.918084,41.158696,0.000000
1754,-54.763219,41.122046,0.000000
1755,-54.609040,41.086551,0.000000
1756,-54.455540,41.052203,0.000000
1757,-54.302709,41.018992,0.000000
1758,-54.150542,40.986910,0.000000
1759,-53.999027,40.955950,0.000000
1760,-53.848156,40.926104,0.000000
1761,-53.697918,40.897362,0.000000
1762,-53.548303,40.869718,0.000000
1763,-53.399300,40.843164,0.000000
1764,-53.250898,40.817691,0.000000
1765,-53.103085,40.793293,0.000000
1766,-52.955849,40.769962,0.000000
1767,-52.809175,40.747689,0.000000
1768,-52.663049,40.726469,0.000000
1769,-52.517456,40.706294,0.000000
1770,-52.372380,40.687157,0.000000
1771,-52.227806,40.669050,0.000000
1772,-52.083719,40.651968,0.000000
1773,-51.940098,40.635903,0.000000
1774,-51.796924,40.620850,0.000000
1775,-51.654177,40.606801,0.000000
1776,-51.511835,40.593750,0.000000
1777,-51.369878,40.581692,0.000000
1778,-51.228280,40.570621,0.000000
1779,-51.087016,40.560530,0.000000
1780,-50.946057,40.551415,0.000000
1781,-50.805375,40.543270,0.000000
1782,-50.664938,40.536090,0.000000
1783,-50.524709,40.529870,0.000000
1784,-50.384653,40.524606,0.000000
1785,-50.244737,40.520292,0.000000
1786,-50.104924,40.516927,0.000000
1787,-49.965168,40.514504,0.000000
1788,-49.825422,40.513021,0.000000
1789,-49.685638,40.512475,0.000000
1790,-49.545763,40.512862,0.000000
1791,-49.405741,40.514181,0.000000
1792,-49.265514,40.516429,0.000000
1793,-49.125014,40.519604,0.000000
1794,-48.984170,40.523705,0.000000
1795,-48.842902,40.528732,0.000000
1796,-48.701127,40.534683,0.000000
1797,-48.558747,40.541560,0.000000
1798,-48.415656,40.549363,0.000000
1799,-48.271755,40.558095,0.000000
1800,-48.126941,40.567756,0.000000
1801,-47.981077,40.578350,0.000000
1802,-47.834014,40.589882,0.000000
1803,-47.685599,40.602356,0.000000
1804,-47.535659,40.615777,0.000000
1805,-47.384004,40.630153,0.000000
1806,-47.230424,40.645493,0.000000
1807,-47.074675,40.661805,0.000000
1808,-46.916485,40.679101,0.000000
1809,-46.755540,40.697394,0.000000
1810,-46.591481,40.716699,0.000000
1811,-46.423891,40.737034,0.000000
1812,-46.252318,40.758418,0.000000
1813,-46.076292,40.780874,0.000000
1814,-45.895171,40.804429,0.000000
1815,-45.708216,40.829114,0.000000
1816,-45.514586,40.854962,0.000000
1817,-45.313262,40.882015,0.000000
1818,-45.103019,40.910320,0.000000
1819,-44.882321,40.939932,0.000000
1820,-44.649238,40.970916,0.000000
1821,-44.401292,41.003352,0.000000
1822,-44.135344,41.037332,0.000000
1823,-43.847463,41.072972,0.000000
1824,-43.531934,41.110412,0.000000
1825,-43.181034,41.149831,0.000000
1826,-42.783379,41.191458,0.000000
1827,-42.321147,41.235598,0.000000
1828,-41.765014,41.282671,0.000000
1829,-41.062703,41.333296,0.000000
1830,-40.106201,41.388433,0.000000
1831,-38.618875,41.449764,0.000000
1832,-35.585268,41.520805,0.000000
1833,-22.035089,41.611834,0.000000
1834,0.000000,41.792894,1.000000
1835,-58.000000,42.120251,0.000000
1836,-57.830877,42.059850,0.000000
1837,-57.662553,42.000778,0.000000
1838,-57.495024,41.943025,0.000000
1839,-57.328285,41.886582,0.000000
1840,-57.162331,41.831438,0.000000
1841,-56.997156,41.777584,0.000000
1842,-56.832757,41.725011,0.000000
1843,-56.669128,41.673710,0.000000
1844,-56.506263,41.623670,0.000000
1845,-56.344157,41.574882,0.000000
1846,-56.182804,41.527338,0.000000
1847,-56.022199,41.481029,0.000000
1848,-55.862336,41.435944,0.000000
1849,-55.703209,41.392075,0.000000
1850,-55.544812,41.349414,0.000000
1851,-55.387137,41.307950,0.000000
1852,-55.230179,41.267676,0.000000
1853,-55.073931,41.228583,0.000000
1854,-54.918385,41.190661,0.000000
1855,-54.763534,41.153903,0.000000
1856,-54.609370,41.118300,0.000000
1857,-54.455884,41.083843,0.000000
1858,-54.303068,41.050524,0.000000
1859,-54.150915,41.018335,0.000000
1860,-53.999414,40.987268,0.000000
1861,-53.848557,40.957314,0.000000
1862,-53.698333,40.928466,0.000000
1863,-53.548732,40.900716,0.000000
1864,-53.399743,40.874055,0.000000
1865,-53.251354,40.848477,0.000000
1866,-53.103555,40.823973,0.000000
1867,-52.956332,40.800536,0.000000
1868,-52.809671,40.778159,0.000000
1869,-52.663559,40.756834,0.000000
1870,-52.517980,40.736554,0.000000
1871,-52.372916,40.717312,0.000000
1872,-52.228356,40.699102,0.000000
1873,-52.084281,40.681916,0.000000
1874,-51.940674,40.665747,0.000000
1875,-51.797513,40.650590,0.000000
1876,-51.654779,40.636438,0.000000
1877,-51.512451,40.623285,0.000000
1878,-51.370507,40.611124,0.000000
1879,-51.228922,40.599951,0.000000
1880,-51.087671,40.589758,0.000000
1881,-50.946726,40.580541,0.000000
1882,-50.806057,40.572294,0.000000
1883,-50.665633,40.565013,0.000000
1884,-50.525418,40.558692,0.000000
1885,-50.385376,40.553327,0.000000
1886,-50.245474,40.548913,0.000000
1887,-50.105674,40.545447,0.000000
1888,-49.965933,40.542924,0.000000
1889,-49.826201,40.541342,0.000000
1890,-49.686431,40.540696,0.000000
1891,-49.546570,40.540984,0.000000
1892,-49.406564,40.542204,0.000000
1893,-49.266351,40.544353,0.000000
1894,-49.125867,40.547429,0.000000
1895,-48.985039,40.551432,0.000000
1896,-48.843788,40.556360,0.000000
1897,-48.702030,40.562214,0.000000
1898,-48.559667,40.568993,0.000000
1899,-48.416595,40.576698,0.000000
1900,-48.272714,40.585332,0.000000
1901,-48.127920,40.594896,0.000000
1902,-47.982077,40.605394,0.000000
1903,-47.835036,40.616829,0.000000
1904,-47.686642,40.629206,0.000000
1905,-47.536727,40.642531,0.000000
1906,-47.385100,40.656811,0.000000
1907,-47.231547,40.672054,0.000000
1908,-47.075830,40.688270,0.000000
1909,-46.917673,40.705470,0.000000
1910,-46.756766,40.723668,0.000000
1911,-46.592747,40.742877,0.000000
1912,-46.425197,40.763116,0.000000
1913,-46.253671,40.784404,0.000000
1914,-46.077694,40.806765,0.000000
1915,-45.896628,40.830224,0.000000
1916,-45.709733,40.854813,0.000000
1917,-45.516171,40.880565,0.000000
1918,-45.314934,40.907522,0.000000
1919,-45.104776,40.935731,0.000000
1920,-44.884181,40.965247,0.000000
1921,-44.651219,40.996135,0.000000
1922,-44.403420,41.028473,0.000000
1923,-44.137645,41.062355,0.000000
1924,-43.849973,41.097896,0.000000
1925,-43.534738,41.135237,0.000000
1926,-43.184203,41.174554,0.000000
1927,-42.787011,41.216078,0.000000
1928,-42.325460,41.260111,0.000000
1929,-41.770323,41.307074,0.000000
1930,-41.069597,41.357582,0.000000
1931,-40.116072,41.412592,0.000000
1932,-38.635640,41.473776,0.000000
1933,-35.626963,41.544626,0.000000
1934,-22.353690,41.635298,0.000000
1935,0.000000,41.814156,1.000000
1936,-58.000000,42.141442,0.000000
1937,-57.830888,42.080970,0.000000
1938,-57.662574,42.021828,0.000000
1939,-57.495056,41.964004,0.000000
1940,-57.328327,41.907491,0.000000
1941,-57.162383,41.852277,0.000000
1942,-56.997219,41.798353,0.000000
1943,-56.832830,41.745711,0.000000
1944,-56.669210,41.694340,0.000000
1945,-56.506355,41.644230,0.000000
1946,-56.344259,41.595374,0.000000
1947,-56.182916,41.547761,0.000000
1948,-56.022321,41.501382,0.000000
1949,-55.862467,41.456229,0.000000
1950,-55.703350,41.412292,0.000000
1951,-55.544962,41.369562,0.000000
1952,-55.387297,41.328030,0.000000
1953,-55.230348,41.287688,0.000000
1954,-55.074109,41.248527,0.000000
1955,-54.918573,41.210538,0.000000
1956,-54.763731,41.173712,0.000000
1957,-54.609575,41.138041,0.000000
1958,-54.456098,41.103517,0.000000
1959,-54.303291,41.070132,0.000000
1960,-54.151147,41.037876,0.000000
1961,-53.999655,41.006742,0.000000
1962,-53.848806,40.976722,0.000000
1963,-53.698591,40.947808,0.000000
1964,-53.548998,40.919991,0.000000
1965,-53.400018,40.893264,0.000000
1966,-53.251638,40.867620,0.000000
1967,-53.103847,40.843050,0.000000
1968,-52.956632,40.819548,0.000000
1969,-52.809980,40.797105,0.000000
1970,-52.663876,40.775715,0.000000
1971,-52.518305,40.755370,0.000000
1972,-52.373250,40.736063,0.000000
1973,-52.228698,40.717788,0.000000
1974,-52.084631,40.700538,0.000000
1975,-51.941032,40.684305,0.000000
1976,-51.797879,40.669084,0.000000
1977,-51.655154,40.654868,0.000000
1978,-51.512834,40.641650,0.000000
1979,-51.370898,40.629426,0.000000
1980,-51.229321,40.618189,0.000000
1981,-51.088078,40.607932,0.000000
1982,-50.947141,40.598652,0.000000
1983,-50.806481,40.590342,0.000000
1984,-50.666065,40.582998,0.000000
1985,-50.525859,40.576614,0.000000
1986,-50.385824,40.571186,0.000000
1987,-50.245931,40.566710,0.000000
1988,-50.106140,40.563182,0.000000
1989,-49.966407,40.560597,0.000000
1990,-49.826684,40.558952,0.000000
1991,-49.686923,40.558244,0.000000
1992,-49.547071,40.558471,0.000000
1993,-49.407075,40.559629,0.000000
1994,-49.266872,40.561716,0.000000
1995,-49.126398,40.564731,0.000000
1996,-48.985580,40.568673,0.000000
1997,-48.844340,40.573540,0.000000
1998,-48.702593,40.579333,0.000000
1999,-48.560241,40.586051,0.000000
