0,-70.000000,0.000000,0.000000
1,-69.849999,0.000000,0.000000
2,-69.700899,-0.000500,0.000000
3,-69.552693,-0.001497,0.000000
4,-69.405375,-0.002987,0.000000
5,-69.258941,-0.004968,0.000000
6,-69.113384,-0.007437,0.000000
7,-68.968699,-0.010390,0.000000
8,-68.824881,-0.013824,0.000000
9,-68.681924,-0.017737,0.000000
10,-68.539822,-0.022124,0.000000
11,-68.398571,-0.026984,0.000000
12,-68.258165,-0.032313,0.000000
13,-68.118599,-0.038109,0.000000
14,-67.979867,-0.044367,0.000000
15,-67.841964,-0.051086,0.000000
16,-67.704885,-0.058263,0.000000
17,-67.568625,-0.065894,0.000000
18,-67.433178,-0.073976,0.000000
19,-67.298540,-0.082508,0.000000
20,-67.164706,-0.091485,0.000000
21,-67.031670,-0.100905,0.000000
22,-66.899427,-0.110766,0.000000
23,-66.767972,-0.121064,0.000000
24,-66.637301,-0.131798,0.000000
25,-66.507409,-0.142963,0.000000
26,-66.378290,-0.154557,0.000000
27,-66.249939,-0.166578,0.000000
28,-66.122353,-0.179022,0.000000
29,-65.995525,-0.191888,0.000000
30,-65.869452,-0.205173,0.000000
31,-65.744129,-0.218873,0.000000
32,-65.619550,-0.232986,0.000000
33,-65.495711,-0.247510,0.000000
34,-65.372608,-0.262441,0.000000
35,-65.250236,-0.277779,0.000000
36,-65.128590,-0.293519,0.000000
37,-65.007665,-0.309659,0.000000
38,-64.887458,-0.326197,0.000000
39,-64.767963,-0.343130,0.000000
40,-64.649176,-0.360455,0.000000
41,-64.531093,-0.378171,0.000000
42,-64.413709,-0.396275,0.000000
43,-64.297020,-0.414764,0.000000
44,-64.181021,-0.433636,0.000000
45,-64.065708,-0.452888,0.000000
46,-63.951077,-0.472518,0.000000
47,-63.837123,-0.492523,0.000000
48,-63.723842,-0.512902,0.000000
49,-63.611230,-0.533651,0.000000
50,-63.499282,-0.554769,0.000000
51,-63.387995,-0.576254,0.000000
52,-63.277364,-0.598101,0.000000
53,-63.167385,-0.620311,0.000000
54,-63.058054,-0.642879,0.000000
55,-62.949367,-0.665805,0.000000
56,-62.841320,-0.689085,0.000000
57,-62.733908,-0.712718,0.000000
58,-62.627127,-0.736700,0.000000
59,-62.520974,-0.761031,0.000000
60,-62.415445,-0.785707,0.000000
61,-62.310535,-0.810727,0.000000
62,-62.206241,-0.836089,0.000000
63,-62.102559,-0.861789,0.000000
64,-61.999485,-0.887827,0.000000
65,-61.897014,-0.914199,0.000000
66,-61.795143,-0.940904,0.000000
67,-61.693869,-0.967940,0.000000
68,-61.593187,-0.995305,0.000000
69,-61.493094,-1.022996,0.000000
70,-61.393586,-1.051011,0.000000
71,-61.294658,-1.079349,0.000000
72,-61.196308,-1.108007,0.000000
73,-61.098532,-1.136983,0.000000
74,-61.001326,-1.166275,0.000000
75,-60.904685,-1.195882,0.000000
76,-60.808608,-1.225801,0.000000
77,-60.713089,-1.256031,0.000000
78,-60.618126,-1.286568,0.000000
79,-60.523715,-1.317412,0.000000
80,-60.429852,-1.348561,0.000000
81,-60.336533,-1.380012,0.000000
82,-60.243755,-1.411763,0.000000
83,-60.151515,-1.443814,0.000000
84,-60.059809,-1.476161,0.000000
85,-59.968634,-1.508802,0.000000
86,-59.877985,-1.541737,0.000000
87,-59.787860,-1.574963,0.000000
88,-59.698256,-1.608479,0.000000
89,-59.609168,-1.642282,0.000000
90,-59.520593,-1.676371,0.000000
91,-59.432529,-1.710743,0.000000
92,-59.344971,-1.745398,0.000000
93,-59.257916,-1.780333,0.000000
94,-59.171361,-1.815546,0.000000
95,-59.085302,-1.851036,0.000000
96,-58.999737,-1.886802,0.000000
97,-58.914662,-1.922840,0.000000
98,-58.830074,-1.959150,0.000000
99,-58.745968,-1.995731,0.000000
100,-58.662343,-2.032579,0.000000
101,-58.579195,-2.069693,0.000000
102,-58.496520,-2.107073,0.000000
103,-58.414316,-2.144715,0.000000
104,-58.332578,-2.182619,0.000000
105,-58.251305,-2.220783,0.000000
106,-58.170493,-2.259205,0.000000
107,-58.090139,-2.297884,0.000000
108,-58.010239,-2.336817,0.000000
109,-57.930790,-2.376004,0.000000
110,-57.851789,-2.415443,0.000000
111,-57.773234,-2.455132,0.000000
112,-57.695120,-2.495069,0.000000
113,-57.617445,-2.535254,0.000000
114,-57.540207,-2.575684,0.000000
115,-57.463400,-2.616358,0.000000
116,-57.387024,-2.657275,0.000000
117,-57.311074,-2.698432,0.000000
118,-57.235548,-2.739829,0.000000
119,-57.160443,-2.781464,0.000000
120,-57.085754,-2.823335,0.000000
121,-57.011481,-2.865441,0.000000
122,-56.937619,-2.907781,0.000000
123,-56.864165,-2.950353,0.000000
124,-56.791117,-2.993156,0.000000
125,-56.718471,-3.036188,0.000000
126,-56.646225,-3.079448,0.000000
127,-56.574375,-3.122934,0.000000
128,-56.502918,-3.166645,0.000000
129,-56.431852,-3.210579,0.000000
130,-56.361173,-3.254736,0.000000
131,-56.290880,-3.299114,0.000000
132,-56.220968,-3.343711,0.000000
133,-56.151435,-3.388527,0.000000
134,-56.082277,-3.433559,0.000000
135,-56.013493,-3.478807,0.000000
136,-55.945079,-3.524269,0.000000
137,-55.877031,-3.569944,0.000000
138,-55.809347,-3.615831,0.000000
139,-55.742024,-3.661928,0.000000
140,-55.675060,-3.708234,0.000000
141,-55.608452,-3.754747,0.000000
142,-55.542196,-3.801467,0.000000
143,-55.476290,-3.848393,0.000000
144,-55.410731,-3.895523,0.000000
145,-55.345516,-3.942855,0.000000
146,-55.280642,-3.990389,0.000000
147,-55.216106,-4.038123,0.000000
148,-55.151905,-4.086057,0.000000
149,-55.088037,-4.134188,0.000000
150,-55.024498,-4.182517,0.000000
151,-54.961286,-4.231041,0.000000
152,-54.898398,-4.279760,0.000000
153,-54.835831,-4.328672,0.000000
154,-54.773582,-4.377776,0.000000
155,-54.711648,-4.427071,0.000000
156,-54.650026,-4.476557,0.000000
157,-54.588713,-4.526231,0.000000
158,-54.527706,-4.576094,0.000000
159,-54.467003,-4.626142,0.000000
160,-54.406599,-4.676377,0.000000
161,-54.346494,-4.726796,0.000000
162,-54.286685,-4.777399,0.000000
163,-54.227167,-4.828184,0.000000
164,-54.167940,-4.879151,0.000000
165,-54.108998,-4.930298,0.000000
166,-54.050339,-4.981624,0.000000
167,-53.991961,-5.033129,0.000000
168,-53.933858,-5.084812,0.000000
169,-53.876029,-5.136671,0.000000
170,-53.818473,-5.188705,0.000000
171,-53.761185,-5.240914,0.000000
172,-53.704164,-5.293296,0.000000
173,-53.647407,-5.345851,0.000000
174,-53.590908,-5.398578,0.000000
175,-53.534667,-5.451475,0.000000
176,-53.478681,-5.504543,0.000000
177,-53.422946,-5.557779,0.000000
178,-53.367461,-5.611183,0.000000
179,-53.312219,-5.664754,0.000000
180,-53.257220,-5.718492,0.000000
181,-53.202461,-5.772395,0.000000
182,-53.147938,-5.826463,0.000000
183,-53.093650,-5.880694,0.000000
184,-53.039591,-5.935088,0.000000
185,-52.985760,-5.989645,0.000000
186,-52.932151,-6.044362,0.000000
187,-52.878766,-6.099240,0.000000
188,-52.825597,-6.154278,0.000000
189,-52.772644,-6.209474,0.000000
190,-52.719901,-6.264829,0.000000
191,-52.667366,-6.320341,0.000000
192,-52.615036,-6.376010,0.000000
193,-52.562908,-6.431834,0.000000
194,-52.510979,-6.487814,0.000000
195,-52.459243,-6.543948,0.000000
196,-52.407700,-6.600236,0.000000
197,-52.356348,-6.656677,0.000000
198,-52.305183,-6.713270,0.000000
199,-52.254202,-6.770015,0.000000
200,-52.203400,-6.826911,0.000000
201,-52.152775,-6.883957,0.000000
202,-52.102322,-6.941153,0.000000
203,-52.052039,-6.998498,0.000000
204,-52.001922,-7.055992,0.000000
205,-51.951968,-7.113634,0.000000
206,-51.902171,-7.171422,0.000000
207,-51.852525,-7.229358,0.000000
208,-51.803031,-7.287440,0.000000
209,-51.753689,-7.345667,0.000000
210,-51.704489,-7.404040,0.000000
211,-51.655434,-7.462557,0.000000
212,-51.606515,-7.521218,0.000000
213,-51.557733,-7.580022,0.000000
214,-51.509080,-7.638970,0.000000
215,-51.460554,-7.698060,0.000000
216,-51.412154,-7.757292,0.000000
217,-51.363873,-7.816666,0.000000
218,-51.315709,-7.876180,0.000000
219,-51.267656,-7.935836,0.000000
220,-51.219710,-7.995632,0.000000
221,-51.171867,-8.055567,0.000000
222,-51.124122,-8.115643,0.000000
223,-51.076473,-8.175857,0.000000
224,-51.028916,-8.236210,0.000000
225,-50.981449,-8.296702,0.000000
226,-50.934061,-8.357331,0.000000
227,-50.886751,-8.418099,0.000000
228,-50.839513,-8.479003,0.000000
229,-50.792347,-8.540045,0.000000
230,-50.745244,-8.601224,0.000000
231,-50.698199,-8.662539,0.000000
232,-50.651207,-8.723991,0.000000
233,-50.604264,-8.785579,0.000000
234,-50.557365,-8.847303,0.000000
235,-50.510500,-8.909163,0.000000
236,-50.463670,-8.971158,0.000000
237,-50.416867,-9.033289,0.000000
238,-50.370088,-9.095555,0.000000
239,-50.323335,-9.157956,0.000000
240,-50.276594,-9.220492,0.000000
241,-50.229861,-9.283163,0.000000
242,-50.183134,-9.345969,0.000000
243,-50.136399,-9.408910,0.000000
244,-50.089656,-9.471986,0.000000
245,-50.042901,-9.535196,0.000000
246,-49.996122,-9.598541,0.000000
247,-49.949287,-9.662021,0.000000
248,-49.902420,-9.725636,0.000000
249,-49.855510,-9.789386,0.000000
250,-49.808556,-9.853272,0.000000
251,-49.761548,-9.917292,0.000000
252,-49.714473,-9.981448,0.000000
253,-49.667338,-10.045739,0.000000
254,-49.620113,-10.110166,0.000000
255,-49.572812,-10.174729,0.000000
256,-49.525411,-10.239428,0.000000
257,-49.477910,-10.304263,0.000000
258,-49.430298,-10.369235,0.000000
259,-49.382565,-10.434345,0.000000
260,-49.334699,-10.499591,0.000000
261,-49.286683,-10.564976,0.000000
262,-49.238530,-10.630498,0.000000
263,-49.190211,-10.696160,0.000000
264,-49.141727,-10.761960,0.000000
265,-49.093050,-10.827900,0.000000
266,-49.044176,-10.893981,0.000000
267,-48.995104,-10.960202,0.000000
268,-48.945813,-11.026565,0.000000
269,-48.896293,-11.093070,0.000000
270,-48.846527,-11.159718,0.000000
271,-48.796499,-11.226510,0.000000
272,-48.746192,-11.293446,0.000000
273,-48.695580,-11.360527,0.000000
274,-48.644663,-11.427755,0.000000
275,-48.593433,-11.495130,0.000000
276,-48.541843,-11.562654,0.000000
277,-48.489895,-11.630327,0.000000
278,-48.437553,-11.698150,0.000000
279,-48.384828,-11.766126,0.000000
280,-48.331693,-11.834254,0.000000
281,-48.278123,-11.902537,0.000000
282,-48.224085,-11.970976,0.000000
283,-48.169573,-12.039572,0.000000
284,-48.114542,-12.108327,0.000000
285,-48.058973,-12.177242,0.000000
286,-48.002837,-12.246320,0.000000
287,-47.946095,-12.315562,0.000000
288,-47.888701,-12.384969,0.000000
289,-47.830629,-12.454545,0.000000
290,-47.771852,-12.524292,0.000000
291,-47.712325,-12.594211,0.000000
292,-47.652006,-12.664305,0.000000
293,-47.590866,-12.734577,0.000000
294,-47.528848,-12.805029,0.000000
295,-47.465940,-12.875664,0.000000
296,-47.402069,-12.946486,0.000000
297,-47.337127,-13.017497,0.000000
298,-47.271123,-13.088701,0.000000
299,-47.203933,-13.160101,0.000000
300,-47.135535,-13.231701,0.000000
301,-47.065807,-13.303505,0.000000
302,-46.994677,-13.375518,0.000000
303,-46.922059,-13.447744,0.000000
304,-46.847865,-13.520187,0.000000
305,-46.771946,-13.592854,0.000000
306,-46.694184,-13.665750,0.000000
307,-46.614464,-13.738881,0.000000
308,-46.532620,-13.812253,0.000000
309,-46.448490,-13.885874,0.000000
310,-46.361867,-13.959750,0.000000
311,-46.272635,-14.033891,0.000000
312,-46.180542,-14.108304,0.000000
313,-46.085297,-14.182999,0.000000
314,-45.986671,-14.257987,0.000000
315,-45.884173,-14.333279,0.000000
316,-45.777576,-14.408887,0.000000
317,-45.666386,-14.484826,0.000000
318,-45.550240,-14.561109,0.000000
319,-45.428474,-14.637755,0.000000
320,-45.300474,-14.714781,0.000000
321,-45.165410,-14.792207,0.000000
322,-45.022329,-14.870058,0.000000
323,-44.870067,-14.948361,0.000000
324,-44.707248,-15.027144,0.000000
325,-44.532119,-15.106444,0.000000
326,-44.342366,-15.186302,0.000000
327,-44.135440,-15.266765,0.000000
328,-43.907554,-15.347891,0.000000
329,-43.653402,-15.429750,0.000000
330,-43.366603,-15.512429,0.000000
331,-43.037468,-15.596036,0.000000
332,-42.651304,-15.680712,0.000000
333,-42.183973,-15.766648,0.000000
334,-41.594772,-15.854112,0.000000
335,-40.803651,-15.943512,0.000000
336,-39.628221,-16.035518,0.000000
337,-37.504478,-16.131412,0.000000
338,-31.329158,-16.234353,0.000000
339,0.000000,-16.357845,1.000000
340,-58.000000,-16.585725,0.000000
341,-57.913487,-16.620197,0.000000
342,-57.827466,-16.654945,0.000000
343,-57.741933,-16.689968,0.000000
344,-57.656886,-16.725265,0.000000
345,-57.572321,-16.760834,0.000000
346,-57.488234,-16.796673,0.000000
347,-57.404622,-16.832779,0.000000
348,-57.321482,-16.869153,0.000000
349,-57.238809,-16.905792,0.000000
350,-57.156602,-16.942694,0.000000
351,-57.074856,-16.979858,0.000000
352,-56.993567,-17.017281,0.000000
353,-56.912734,-17.054964,0.000000
354,-56.832351,-17.092903,0.000000
355,-56.752416,-17.131097,0.000000
356,-56.672926,-17.169546,0.000000
357,-56.593876,-17.208246,0.000000
358,-56.515264,-17.247197,0.000000
359,-56.437087,-17.286397,0.000000
360,-56.359340,-17.325845,0.000000
361,-56.282021,-17.365538,0.000000
362,-56.205127,-17.405476,0.000000
363,-56.128654,-17.445657,0.000000
364,-56.052598,-17.486080,0.000000
365,-55.976957,-17.526742,0.000000
366,-55.901726,-17.567644,0.000000
367,-55.826903,-17.608782,0.000000
368,-55.752485,-17.650156,0.000000
369,-55.678468,-17.691764,0.000000
370,-55.604848,-17.733606,0.000000
371,-55.531623,-17.775678,0.000000
372,-55.458789,-17.817981,0.000000
373,-55.386343,-17.860512,0.000000
374,-55.314282,-17.903271,0.000000
375,-55.242603,-17.946255,0.000000
376,-55.171300,-17.989465,0.000000
377,-55.100373,-18.032897,0.000000
378,-55.029817,-18.076552,0.000000
379,-54.959629,-18.120427,0.000000
380,-54.889805,-18.164521,0.000000
381,-54.820342,-18.208834,0.000000
382,-54.751238,-18.253363,0.000000
383,-54.682488,-18.298107,0.000000
384,-54.614088,-18.343066,0.000000
385,-54.546036,-18.388238,0.000000
386,-54.478328,-18.433622,0.000000
387,-54.410960,-18.479217,0.000000
388,-54.343930,-18.525020,0.000000
389,-54.277235,-18.571032,0.000000
390,-54.210871,-18.617251,0.000000
391,-54.144834,-18.663676,0.000000
392,-54.079122,-18.710305,0.000000
393,-54.013730,-18.757138,0.000000
394,-53.948655,-18.804173,0.000000
395,-53.883891,-18.851409,0.000000
396,-53.819437,-18.898846,0.000000
397,-53.755290,-18.946481,0.000000
398,-53.691445,-18.994315,0.000000
399,-53.627901,-19.042345,0.000000
400,-53.564653,-19.090571,0.000000
401,-53.501699,-19.138992,0.000000
402,-53.439032,-19.187607,0.000000
403,-53.376652,-19.236414,0.000000
404,-53.314553,-19.285413,0.000000
405,-53.252733,-19.334603,0.000000
406,-53.191188,-19.383982,0.000000
407,-53.129913,-19.433550,0.000000
408,-53.068907,-19.483306,0.000000
409,-53.008164,-19.533249,0.000000
410,-52.947681,-19.583377,0.000000
411,-52.887453,-19.633690,0.000000
412,-52.827478,-19.684187,0.000000
413,-52.767750,-19.734868,0.000000
414,-52.708266,-19.785730,0.000000
415,-52.649023,-19.836774,0.000000
416,-52.590016,-19.887998,0.000000
417,-52.531241,-19.939402,0.000000
418,-52.472694,-19.990985,0.000000
419,-52.414369,-20.042746,0.000000
420,-52.356267,-20.094684,0.000000
421,-52.298385,-20.146798,0.000000
422,-52.240714,-20.199087,0.000000
423,-52.183252,-20.251552,0.000000
424,-52.125993,-20.304191,0.000000
425,-52.068937,-20.357003,0.000000
426,-52.012076,-20.409987,0.000000
427,-51.955409,-20.463143,0.000000
428,-51.898924,-20.516471,0.000000
429,-51.842617,-20.569969,0.000000
430,-51.786493,-20.623637,0.000000
431,-51.730539,-20.677474,0.000000
432,-51.674755,-20.731480,0.000000
433,-51.619138,-20.785653,0.000000
434,-51.563682,-20.839994,0.000000
435,-51.508381,-20.894502,0.000000
436,-51.453232,-20.949176,0.000000
437,-51.398226,-21.004015,0.000000
438,-51.343364,-21.059020,0.000000
439,-51.288640,-21.114189,0.000000
440,-51.234044,-21.169522,0.000000
441,-51.179577,-21.225019,0.000000
442,-51.125226,-21.280679,0.000000
443,-51.070995,-21.336501,0.000000
444,-51.016870,-21.392485,0.000000
445,-50.962851,-21.448632,0.000000
446,-50.908930,-21.504939,0.000000
447,-50.855102,-21.561408,0.000000
448,-50.801364,-21.618037,0.000000
449,-50.747702,-21.674826,0.000000
450,-50.694116,-21.731776,0.000000
451,-50.640597,-21.788885,0.000000
452,-50.587138,-21.846153,0.000000
453,-50.533735,-21.903580,0.000000
454,-50.480377,-21.961167,0.000000
455,-50.427060,-22.018912,0.000000
456,-50.373781,-22.076815,0.000000
457,-50.320536,-22.134877,0.000000
458,-50.267309,-22.193097,0.000000
459,-50.214098,-22.251475,0.000000
460,-50.160897,-22.310011,0.000000
461,-50.107692,-22.368704,0.000000
462,-50.054483,-22.427556,0.000000
463,-50.001252,-22.486565,0.000000
464,-49.947999,-22.545732,0.000000
465,-49.894699,-22.605056,0.000000
466,-49.841348,-22.664539,0.000000
467,-49.787954,-22.724180,0.000000
468,-49.734493,-22.783978,0.000000
469,-49.680965,-22.843935,0.000000
470,-49.627366,-22.904051,0.000000
471,-49.573665,-22.964325,0.000000
472,-49.519858,-23.024758,0.000000
473,-49.465951,-23.085350,0.000000
474,-49.411927,-23.146102,0.000000
475,-49.357763,-23.207013,0.000000
476,-49.303454,-23.268085,0.000000
477,-49.248984,-23.329317,0.000000
478,-49.194346,-23.390711,0.000000
479,-49.139526,-23.452266,0.000000
480,-49.084494,-23.513984,0.000000
481,-49.029257,-23.575864,0.000000
482,-48.973781,-23.637908,0.000000
483,-48.918057,-23.700116,0.000000
484,-48.862080,-23.762489,0.000000
485,-48.805815,-23.825028,0.000000
486,-48.749247,-23.887733,0.000000
487,-48.692366,-23.950607,0.000000
488,-48.635145,-24.013649,0.000000
489,-48.577561,-24.076860,0.000000
490,-48.519576,-24.140243,0.000000
491,-48.461192,-24.203797,0.000000
492,-48.402378,-24.267525,0.000000
493,-48.343122,-24.331428,0.000000
494,-48.283398,-24.395507,0.000000
495,-48.223158,-24.459764,0.000000
496,-48.162373,-24.524200,0.000000
497,-48.101031,-24.588818,0.000000
498,-48.039093,-24.653618,0.000000
499,-47.976516,-24.718603,0.000000
500,-47.913200,-24.783775,0.000000
501,-47.849180,-24.849136,0.000000
502,-47.784413,-24.914689,0.000000
503,-47.718854,-24.980436,0.000000
504,-47.652446,-25.046380,0.000000
505,-47.585113,-25.112523,0.000000
506,-47.516845,-25.178868,0.000000
507,-47.447551,-25.245419,0.000000
508,-47.377175,-25.312179,0.000000
509,-47.305675,-25.379151,0.000000
510,-47.232929,-25.446339,0.000000
511,-47.158898,-25.513747,0.000000
512,-47.083462,-25.581379,0.000000
513,-47.006566,-25.649241,0.000000
514,-46.928058,-25.717336,0.000000
515,-46.847852,-25.785670,0.000000
516,-46.765801,-25.854248,0.000000
517,-46.681786,-25.923078,0.000000
518,-46.595645,-25.992164,0.000000
519,-46.507181,-26.061514,0.000000
520,-46.416186,-26.131136,0.000000
521,-46.322501,-26.201039,0.000000
522,-46.225901,-26.271230,0.000000
523,-46.126137,-26.341720,0.000000
524,-46.022890,-26.412519,0.000000
525,-45.915817,-26.483638,0.000000
526,-45.804341,-26.555091,0.000000
527,-45.688216,-26.626891,0.000000
528,-45.566950,-26.699055,0.000000
529,-45.439925,-26.771599,0.000000
530,-45.306395,-26.844542,0.000000
531,-45.165577,-26.917906,0.000000
532,-45.016432,-26.991714,0.000000
533,-44.857798,-27.065996,0.000000
534,-44.688042,-27.140781,0.000000
535,-44.505369,-27.216107,0.000000
536,-44.307211,-27.292017,0.000000
537,-44.090767,-27.368562,0.000000
538,-43.852113,-27.445804,0.000000
539,-43.585183,-27.523815,0.000000
540,-43.282860,-27.602689,0.000000
541,-42.934178,-27.682546,0.000000
542,-42.521760,-27.763537,0.000000
543,-42.017139,-27.845877,0.000000
544,-41.370994,-27.929871,0.000000
545,-40.480804,-28.015991,0.000000
546,-39.090454,-28.105050,0.000000
547,-36.303001,-28.198713,0.000000
548,-25.018147,-28.301637,0.000000
549,0.000000,-28.442143,1.000000
550,-58.000000,-28.665995,0.000000
551,-57.907447,-28.696440,0.000000
552,-57.815423,-28.727183,0.000000
553,-57.723926,-28.758222,0.000000
554,-57.632950,-28.789556,0.000000
555,-57.542493,-28.821183,0.000000
556,-57.452551,-28.853101,0.000000
557,-57.363120,-28.885308,0.000000
558,-57.274196,-28.917803,0.000000
559,-57.185776,-28.950583,0.000000
560,-57.097855,-28.983647,0.000000
561,-57.010431,-29.016993,0.000000
562,-56.923499,-29.050619,0.000000
563,-56.837056,-29.084524,0.000000
564,-56.751098,-29.118705,0.000000
565,-56.665622,-29.153162,0.000000
566,-56.580623,-29.187892,0.000000
567,-56.496097,-29.222894,0.000000
568,-56.412042,-29.258166,0.000000
569,-56.328454,-29.293707,0.000000
570,-56.245329,-29.329514,0.000000
571,-56.162663,-29.365586,0.000000
572,-56.080453,-29.401922,0.000000
573,-55.998695,-29.438520,0.000000
574,-55.917384,-29.475378,0.000000
575,-55.836518,-29.512495,0.000000
576,-55.756093,-29.549869,0.000000
577,-55.676105,-29.587499,0.000000
578,-55.596551,-29.625383,0.000000
579,-55.517427,-29.663519,0.000000
580,-55.438730,-29.701906,0.000000
581,-55.360454,-29.740543,0.000000
582,-55.282597,-29.779428,0.000000
583,-55.205156,-29.818560,0.000000
584,-55.128126,-29.857936,0.000000
585,-55.051504,-29.897557,0.000000
586,-54.975286,-29.937419,0.000000
587,-54.899468,-29.977522,0.000000
588,-54.824046,-30.017865,0.000000
589,-54.749016,-30.058445,0.000000
590,-54.674375,-30.099262,0.000000
591,-54.600119,-30.140315,0.000000
592,-54.526244,-30.181601,0.000000
593,-54.452745,-30.223120,0.000000
594,-54.379619,-30.264869,0.000000
595,-54.306865,-30.306849,0.000000
596,-54.234476,-30.349057,0.000000
597,-54.162448,-30.391492,0.000000
598,-54.090780,-30.434154,0.000000
599,-54.019465,-30.477040,0.000000
600,-53.948500,-30.520149,0.000000
601,-53.877879,-30.563481,0.000000
602,-53.807600,-30.607033,0.000000
603,-53.737658,-30.650806,0.000000
604,-53.668052,-30.694796,0.000000
605,-53.598776,-30.739005,0.000000
606,-53.529825,-30.783429,0.000000
607,-53.461196,-30.828068,0.000000
608,-53.392885,-30.872922,0.000000
609,-53.324889,-30.917988,0.000000
610,-53.257201,-30.963265,0.000000
611,-53.189820,-31.008754,0.000000
612,-53.122739,-31.054451,0.000000
613,-53.055955,-31.100357,0.000000
614,-52.989464,-31.146471,0.000000
615,-52.923261,-31.192790,0.000000
616,-52.857342,-31.239315,0.000000
617,-52.791702,-31.286044,0.000000
618,-52.726336,-31.332977,0.000000
619,-52.661240,-31.380111,0.000000
620,-52.596407,-31.427447,0.000000
621,-52.531833,-31.474983,0.000000
622,-52.467516,-31.522719,0.000000
623,-52.403448,-31.570653,0.000000
624,-52.339628,-31.618784,0.000000
625,-52.276051,-31.667112,0.000000
626,-52.212712,-31.715637,0.000000
627,-52.149606,-31.764356,0.000000
628,-52.086726,-31.813269,0.000000
629,-52.024068,-31.862375,0.000000
630,-51.961627,-31.911674,0.000000
631,-51.899394,-31.961165,0.000000
632,-51.837365,-32.010846,0.000000
633,-51.775539,-32.060718,0.000000
634,-51.713907,-32.110779,0.000000
635,-51.652464,-32.161030,0.000000
636,-51.591209,-32.211468,0.000000
637,-51.530132,-32.262093,0.000000
638,-51.469229,-32.312905,0.000000
639,-51.408493,-32.363903,0.000000
640,-51.347920,-32.415087,0.000000
641,-51.287503,-32.466456,0.000000
642,-51.227235,-32.518009,0.000000
643,-51.167112,-32.569745,0.000000
644,-51.107122,-32.621665,0.000000
645,-51.047267,-32.673767,0.000000
646,-50.987533,-32.726052,0.000000
647,-50.927916,-32.778518,0.000000
648,-50.868406,-32.831165,0.000000
649,-50.809003,-32.883993,0.000000
650,-50.749692,-32.937002,0.000000
651,-50.690470,-32.990191,0.000000
652,-50.631328,-33.043559,0.000000
653,-50.572258,-33.097107,0.000000
654,-50.513249,-33.150833,0.000000
655,-50.454294,-33.204739,0.000000
656,-50.395385,-33.258823,0.000000
657,-50.336521,-33.313085,0.000000
658,-50.277691,-33.367526,0.000000
659,-50.218884,-33.422144,0.000000
660,-50.160095,-33.476941,0.000000
661,-50.101312,-33.531915,0.000000
662,-50.042524,-33.587066,0.000000
663,-49.983719,-33.642396,0.000000
664,-49.924866,-33.697902,0.000000
665,-49.865976,-33.753587,0.000000
666,-49.807048,-33.809449,0.000000
667,-49.748058,-33.865489,0.000000
668,-49.688996,-33.921707,0.000000
669,-49.629862,-33.978103,0.000000
670,-49.570633,-34.034677,0.000000
671,-49.511303,-34.091430,0.000000
672,-49.451838,-34.148362,0.000000
673,-49.392244,-34.205473,0.000000
674,-49.332510,-34.262764,0.000000
675,-49.272614,-34.320235,0.000000
676,-49.212533,-34.377886,0.000000
677,-49.152268,-34.435718,0.000000
678,-49.091791,-34.493732,0.000000
679,-49.031079,-34.551928,0.000000
680,-48.970128,-34.610307,0.000000
681,-48.908922,-34.668870,0.000000
682,-48.847415,-34.727617,0.000000
683,-48.785609,-34.786550,0.000000
684,-48.723459,-34.845669,0.000000
685,-48.660967,-34.904975,0.000000
686,-48.598088,-34.964470,0.000000
687,-48.534793,-35.024155,0.000000
688,-48.471064,-35.084031,0.000000
689,-48.406877,-35.144100,0.000000
690,-48.342215,-35.204362,0.000000
691,-48.277042,-35.264820,0.000000
692,-48.211318,-35.325475,0.000000
693,-48.145014,-35.386328,0.000000
694,-48.078087,-35.447383,0.000000
695,-48.010505,-35.508640,0.000000
696,-47.942215,-35.570102,0.000000
697,-47.873153,-35.631771,0.000000
698,-47.803249,-35.693650,0.000000
699,-47.732523,-35.755742,0.000000
700,-47.660883,-35.818048,0.000000
701,-47.588305,-35.880572,0.000000
702,-47.514697,-35.943318,0.000000
703,-47.440003,-36.006287,0.000000
704,-47.364132,-36.069485,0.000000
705,-47.287029,-36.132915,0.000000
706,-47.208604,-36.196581,0.000000
707,-47.128771,-36.260486,0.000000
708,-47.047410,-36.324637,0.000000
709,-46.964402,-36.389037,0.000000
710,-46.879678,-36.453693,0.000000
711,-46.793025,-36.518609,0.000000
712,-46.704343,-36.583793,0.000000
713,-46.613421,-36.649251,0.000000
714,-46.520079,-36.714989,0.000000
715,-46.424111,-36.781017,0.000000
716,-46.325359,-36.847343,0.000000
717,-46.223518,-36.913976,0.000000
718,-46.118379,-36.980927,0.000000
719,-46.009524,-37.048205,0.000000
720,-45.896640,-37.115824,0.000000
721,-45.779097,-37.183796,0.000000
722,-45.656640,-37.252138,0.000000
723,-45.528606,-37.320865,0.000000
724,-45.394422,-37.389996,0.000000
725,-45.253172,-37.459551,0.000000
726,-45.103988,-37.529554,0.000000
727,-44.945707,-37.600031,0.000000
728,-44.776911,-37.671012,0.000000
729,-44.595887,-37.742532,0.000000
730,-44.400278,-37.814631,0.000000
731,-44.187448,-37.887359,0.000000
732,-43.953699,-37.960772,0.000000
733,-43.693965,-38.034939,0.000000
734,-43.401269,-38.109947,0.000000
735,-43.066277,-38.185906,0.000000
736,-42.674176,-38.262957,0.000000
737,-42.200831,-38.341289,0.000000
738,-41.605405,-38.421172,0.000000
739,-40.807096,-38.503014,0.000000
740,-39.622924,-38.587489,0.000000
741,-37.480980,-38.675883,0.000000
742,-31.223614,-38.771388,0.000000
743,0.000000,-38.887719,1.000000
744,-58.000000,-39.108089,0.000000
745,-57.902226,-39.135053,0.000000
746,-57.805014,-39.162334,0.000000
747,-57.708360,-39.189930,0.000000
748,-57.612260,-39.217839,0.000000
749,-57.516710,-39.246059,0.000000
750,-57.421707,-39.274588,0.000000
751,-57.327245,-39.303424,0.000000
752,-57.233322,-39.332565,0.000000
753,-57.139933,-39.362010,0.000000
754,-57.047074,-39.391756,0.000000
755,-56.954742,-39.421802,0.000000
756,-56.862932,-39.452145,0.000000
757,-56.771640,-39.482785,0.000000
758,-56.680862,-39.513718,0.000000
759,-56.590595,-39.544944,0.000000
760,-56.500834,-39.576461,0.000000
761,-56.411575,-39.608266,0.000000
762,-56.322814,-39.640358,0.000000
763,-56.234548,-39.672735,0.000000
764,-56.146772,-39.705395,0.000000
765,-56.059483,-39.738338,0.000000
766,-55.972677,-39.771560,0.000000
767,-55.886348,-39.805060,0.000000
768,-55.800494,-39.838838,0.000000
769,-55.715110,-39.872890,0.000000
770,-55.630192,-39.907215,0.000000
771,-55.545738,-39.941812,0.000000
772,-55.461741,-39.976679,0.000000
773,-55.378200,-40.011814,0.000000
774,-55.295109,-40.047216,0.000000
775,-55.212464,-40.082883,0.000000
776,-55.130261,-40.118814,0.000000
777,-55.048496,-40.155007,0.000000
778,-54.967166,-40.191460,0.000000
779,-54.886265,-40.228173,0.000000
780,-54.805791,-40.265142,0.000000
781,-54.725737,-40.302368,0.000000
782,-54.646101,-40.339848,0.000000
783,-54.566877,-40.377581,0.000000
784,-54.488063,-40.415566,0.000000
785,-54.409652,-40.453800,0.000000
786,-54.331641,-40.492283,0.000000
787,-54.254028,-40.531014,0.000000
788,-54.176806,-40.569990,0.000000
789,-54.099972,-40.609211,0.000000
790,-54.023522,-40.648674,0.000000
791,-53.947450,-40.688380,0.000000
792,-53.871751,-40.728325,0.000000
793,-53.796421,-40.768510,0.000000
794,-53.721456,-40.808932,0.000000
795,-53.646853,-40.849591,0.000000
796,-53.572606,-40.890485,0.000000
797,-53.498712,-40.931613,0.000000
798,-53.425164,-40.972973,0.000000
799,-53.351958,-41.014565,0.000000
800,-53.279090,-41.056387,0.000000
801,-53.206556,-41.098438,0.000000
802,-53.134351,-41.140717,0.000000
803,-53.062468,-41.183222,0.000000
804,-52.990904,-41.225952,0.000000
805,-52.919655,-41.268907,0.000000
806,-52.848713,-41.312086,0.000000
807,-52.778076,-41.355486,0.000000
808,-52.707736,-41.399107,0.000000
809,-52.637688,-41.442948,0.000000
810,-52.567927,-41.487008,0.000000
811,-52.498449,-41.531286,0.000000
812,-52.429245,-41.575781,0.000000
813,-52.360312,-41.620491,0.000000
814,-52.291649,-41.665417,0.000000
815,-52.223247,-41.710556,0.000000
816,-52.155100,-41.755909,0.000000
817,-52.087202,-41.801473,0.000000
818,-52.019549,-41.847248,0.000000
819,-51.952133,-41.893234,0.000000
820,-51.884945,-41.939429,0.000000
821,-51.817981,-41.985833,0.000000
822,-51.751235,-42.032444,0.000000
823,-51.684702,-42.079263,0.000000
824,-51.618376,-42.126287,0.000000
825,-51.552248,-42.173517,0.000000
826,-51.486317,-42.220952,0.000000
827,-51.420572,-42.268590,0.000000
828,-51.355008,-42.316432,0.000000
829,-51.289619,-42.364477,0.000000
830,-51.224397,-42.412723,0.000000
831,-51.159334,-42.461171,0.000000
832,-51.094422,-42.509819,0.000000
833,-51.029651,-42.558668,0.000000
834,-50.965016,-42.607716,0.000000
835,-50.900511,-42.656964,0.000000
836,-50.836128,-42.706410,0.000000
837,-50.771851,-42.756054,0.000000
838,-50.707677,-42.805895,0.000000
839,-50.643595,-42.855934,0.000000
840,-50.579597,-42.906170,0.000000
841,-50.515673,-42.956603,0.000000
842,-50.451810,-43.007232,0.000000
843,-50.388003,-43.058057,0.000000
844,-50.324250,-43.109077,0.000000
845,-50.260530,-43.160294,0.000000
846,-50.196842,-43.211705,0.000000
847,-50.133169,-43.263312,0.000000
848,-50.069502,-43.315113,0.000000
849,-50.005828,-43.367110,0.000000
850,-49.942133,-43.419301,0.000000
851,-49.878401,-43.471688,0.000000
852,-49.814610,-43.524269,0.000000
853,-49.750765,-43.577046,0.000000
854,-49.686854,-43.630017,0.000000
855,-49.622855,-43.683184,0.000000
856,-49.558763,-43.736547,0.000000
857,-49.494559,-43.790106,0.000000
858,-49.430228,-43.843861,0.000000
859,-49.365752,-43.897812,0.000000
860,-49.301109,-43.951960,0.000000
861,-49.236287,-44.006306,0.000000
862,-49.171270,-44.060849,0.000000
863,-49.106036,-44.115591,0.000000
864,-49.040568,-44.170533,0.000000
865,-48.974839,-44.225674,0.000000
866,-48.908827,-44.281016,0.000000
867,-48.842514,-44.336559,0.000000
868,-48.775869,-44.392305,0.000000
869,-48.708869,-44.448255,0.000000
870,-48.641481,-44.504409,0.000000
871,-48.573685,-44.560770,0.000000
872,-48.505434,-44.617337,0.000000
873,-48.436721,-44.674113,0.000000
874,-48.367500,-44.731099,0.000000
875,-48.297753,-44.788297,0.000000
876,-48.227435,-44.845709,0.000000
877,-48.156508,-44.903335,0.000000
878,-48.084924,-44.961179,0.000000
879,-48.012638,-45.019242,0.000000
880,-47.939620,-45.077527,0.000000
881,-47.865741,-45.136036,0.000000
882,-47.791033,-45.194771,0.000000
883,-47.715423,-45.253736,0.000000
884,-47.638818,-45.312933,0.000000
885,-47.561179,-45.372366,0.000000
886,-47.482463,-45.432038,0.000000
887,-47.402548,-45.491953,0.000000
888,-47.321363,-45.552113,0.000000
889,-47.238835,-45.612525,0.000000
890,-47.154813,-45.673191,0.000000
891,-47.069226,-45.734117,0.000000
892,-46.981972,-45.795309,0.000000
893,-46.892870,-45.856770,0.000000
894,-46.801835,-45.918508,0.000000
895,-46.708655,-45.980529,0.000000
896,-46.613136,-46.042840,0.000000
897,-46.515099,-46.105449,0.000000
898,-46.414274,-46.168363,0.000000
899,-46.310518,-46.231593,0.000000
900,-46.203517,-46.295147,0.000000
901,-46.092985,-46.359037,0.000000
902,-45.978558,-46.423274,0.000000
903,-45.859594,-46.487871,0.000000
904,-45.735855,-46.552843,0.000000
905,-45.606765,-46.618206,0.000000
906,-45.471706,-46.683977,0.000000
907,-45.329934,-46.750177,0.000000
908,-45.180538,-46.816827,0.000000
909,-45.022349,-46.883953,0.000000
910,-44.854079,-46.951584,0.000000
911,-44.674143,-47.019753,0.000000
912,-44.480359,-47.088499,0.000000
913,-44.269952,-47.157869,0.000000
914,-44.039946,-47.227916,0.000000
915,-43.785655,-47.298707,0.000000
916,-43.500605,-47.370322,0.000000
917,-43.176157,-47.442863,0.000000
918,-42.799247,-47.516461,0.000000
919,-42.349005,-47.591292,0.000000
920,-41.790193,-47.667598,0.000000
921,-41.056532,-47.745741,0.000000
922,-40.005724,-47.826304,0.000000
923,-38.234332,-47.910343,0.000000
924,-33.940191,-48.000258,0.000000
925,0.000000,-48.104458,1.000000
926,-58.000000,-48.321756,0.000000
927,-57.897619,-48.345649,0.000000
928,-57.795829,-48.369875,0.000000
929,-57.694625,-48.394432,0.000000
930,-57.594004,-48.419318,0.000000
931,-57.493960,-48.444532,0.000000
932,-57.394491,-48.470071,0.000000
933,-57.295591,-48.495932,0.000000
934,-57.197256,-48.522115,0.000000
935,-57.099483,-48.548617,0.000000
936,-57.002267,-48.575436,0.000000
937,-56.905603,-48.602570,0.000000
938,-56.809488,-48.630017,0.000000
939,-56.713918,-48.657775,0.000000
940,-56.618887,-48.685843,0.000000
941,-56.524392,-48.714218,0.000000
942,-56.430428,-48.742898,0.000000
943,-56.336991,-48.771883,0.000000
944,-56.244078,-48.801169,0.000000
945,-56.151684,-48.830755,0.000000
946,-56.059804,-48.860639,0.000000
947,-55.968435,-48.890819,0.000000
948,-55.877570,-48.921294,0.000000
949,-55.787208,-48.952062,0.000000
950,-55.697343,-48.983120,0.000000
951,-55.607971,-49.014468,0.000000
952,-55.519087,-49.046103,0.000000
953,-55.430689,-49.078024,0.000000
954,-55.342771,-49.110229,0.000000
955,-55.255328,-49.142717,0.000000
956,-55.168358,-49.175485,0.000000
957,-55.081854,-49.208532,0.000000
958,-54.995812,-49.241856,0.000000
959,-54.910229,-49.275456,0.000000
960,-54.825099,-49.309330,0.000000
961,-54.740418,-49.343477,0.000000
962,-54.656181,-49.377894,0.000000
963,-54.572384,-49.412581,0.000000
964,-54.489022,-49.447535,0.000000
965,-54.406090,-49.482756,0.000000
966,-54.323584,-49.518241,0.000000
967,-54.241500,-49.553990,0.000000
968,-54.159833,-49.590000,0.000000
969,-54.078578,-49.626271,0.000000
970,-53.997731,-49.662800,0.000000
971,-53.917283,-49.699587,0.000000
972,-53.837233,-49.736629,0.000000
973,-53.757577,-49.773926,0.000000
974,-53.678308,-49.811476,0.000000
975,-53.599422,-49.849278,0.000000
976,-53.520914,-49.887330,0.000000
977,-53.442778,-49.925631,0.000000
978,-53.365009,-49.964180,0.000000
979,-53.287604,-50.002976,0.000000
980,-53.210556,-50.042016,0.000000
981,-53.133860,-50.081300,0.000000
982,-53.057510,-50.120827,0.000000
983,-52.981500,-50.160595,0.000000
984,-52.905827,-50.200603,0.000000
985,-52.830483,-50.240850,0.000000
986,-52.755463,-50.281335,0.000000
987,-52.680760,-50.322056,0.000000
988,-52.606371,-50.363013,0.000000
989,-52.532288,-50.404204,0.000000
990,-52.458505,-50.445628,0.000000
991,-52.385015,-50.487284,0.000000
992,-52.311816,-50.529172,0.000000
993,-52.238898,-50.571289,0.000000
994,-52.166256,-50.613636,0.000000
995,-52.093886,-50.656211,0.000000
996,-52.021780,-50.699012,0.000000
997,-51.949928,-50.742040,0.000000
998,-51.878324,-50.785293,0.000000
999,-51.806958,-50.828770,0.000000
1000,-51.735830,-50.872470,0.000000
1001,-51.664933,-50.916393,0.000000
1002,-51.594256,-50.960538,0.000000
1003,-51.523791,-51.004904,0.000000
1004,-51.453537,-51.049489,0.000000
1005,-51.383480,-51.094295,0.000000
1006,-51.313618,-51.139318,0.000000
1007,-51.243937,-51.184560,0.000000
1008,-51.174434,-51.230018,0.000000
1009,-51.105098,-51.275693,0.000000
1010,-51.035919,-51.321585,0.000000
1011,-50.966893,-51.367691,0.000000
1012,-50.898001,-51.414012,0.000000
1013,-50.829245,-51.460547,0.000000
1014,-50.760607,-51.507296,0.000000
1015,-50.692082,-51.554258,0.000000
1016,-50.623655,-51.601433,0.000000
1017,-50.555320,-51.648821,0.000000
1018,-50.487058,-51.696420,0.000000
1019,-50.418861,-51.744231,0.000000
1020,-50.350731,-51.792253,0.000000
1021,-50.282653,-51.840487,0.000000
1022,-50.214606,-51.888931,0.000000
1023,-50.146587,-51.937586,0.000000
1024,-50.078580,-51.986452,0.000000
1025,-50.010572,-52.035527,0.000000
1026,-49.942545,-52.084814,0.000000
1027,-49.874478,-52.134310,0.000000
1028,-49.806355,-52.184017,0.000000
1029,-49.738171,-52.233935,0.000000
1030,-49.669914,-52.284063,0.000000
1031,-49.601572,-52.334402,0.000000
1032,-49.533124,-52.384952,0.000000
1033,-49.464557,-52.435713,0.000000
1034,-49.395854,-52.486686,0.000000
1035,-49.326981,-52.537871,0.000000
1036,-49.257934,-52.589268,0.000000
1037,-49.188689,-52.640878,0.000000
1038,-49.119213,-52.692702,0.000000
1039,-49.049495,-52.744741,0.000000
1040,-48.979513,-52.796994,0.000000
1041,-48.909234,-52.849463,0.000000
1042,-48.838635,-52.902150,0.000000
1043,-48.767695,-52.955053,0.000000
1044,-48.696369,-53.008176,0.000000
1045,-48.624635,-53.061519,0.000000
1046,-48.552468,-53.115083,0.000000
1047,-48.479810,-53.168869,0.000000
1048,-48.406635,-53.222880,0.000000
1049,-48.332923,-53.277117,0.000000
1050,-48.258629,-53.331582,0.000000
1051,-48.183711,-53.386276,0.000000
1052,-48.108121,-53.441201,0.000000
1053,-48.031819,-53.496360,0.000000
1054,-47.954746,-53.551756,0.000000
1055,-47.876794,-53.607389,0.000000
1056,-47.797975,-53.663264,0.000000
1057,-47.718200,-53.719383,0.000000
1058,-47.637410,-53.775749,0.000000
1059,-47.555516,-53.832366,0.000000
1060,-47.472476,-53.889237,0.000000
1061,-47.388186,-53.946365,0.000000
1062,-47.302542,-54.003756,0.000000
1063,-47.215439,-54.061413,0.000000
1064,-47.126791,-54.119341,0.000000
1065,-47.036449,-54.177545,0.000000
1066,-46.944294,-54.236031,0.000000
1067,-46.850178,-54.294805,0.000000
1068,-46.753921,-54.353872,0.000000
1069,-46.655362,-54.413241,0.000000
1070,-46.554258,-54.472919,0.000000
1071,-46.450400,-54.532914,0.000000
1072,-46.343506,-54.593235,0.000000
1073,-46.233416,-54.653892,0.000000
1074,-46.119720,-54.714896,0.000000
1075,-46.002038,-54.776259,0.000000
1076,-45.880001,-54.837993,0.000000
1077,-45.752917,-54.900114,0.000000
1078,-45.620417,-54.962637,0.000000
1079,-45.481840,-55.025581,0.000000
1080,-45.336356,-55.088967,0.000000
1081,-45.183055,-55.152816,0.000000
1082,-45.020856,-55.217155,0.000000
1083,-44.848342,-55.282013,0.000000
1084,-44.663886,-55.347424,0.000000
1085,-44.465133,-55.413429,0.000000
1086,-44.249226,-55.480074,0.000000
1087,-44.012934,-55.547416,0.000000
1088,-43.751441,-55.615524,0.000000
1089,-43.457613,-55.684481,0.000000
1090,-43.122558,-55.754394,0.000000
1091,-42.732046,-55.825400,0.000000
1092,-42.262989,-55.897685,0.000000
1093,-41.676300,-55.971509,0.000000
1094,-40.896944,-56.047264,0.000000
1095,-39.755287,-56.125592,0.000000
1096,-37.741181,-56.207699,0.000000
1097,-32.234645,-56.296493,0.000000
1098,0.000000,-56.403612,1.000000
1099,-58.000000,-56.618144,0.000000
1100,-57.893471,-56.639271,0.000000
1101,-57.787558,-56.660746,0.000000
1102,-57.682258,-56.682567,0.000000
1103,-57.577565,-56.704732,0.000000
1104,-57.473475,-56.727239,0.000000
1105,-57.369984,-56.750085,0.000000
1106,-57.267088,-56.773268,0.000000
1107,-57.164781,-56.796787,0.000000
1108,-57.063060,-56.820639,0.000000
1109,-56.961920,-56.844822,0.000000
1110,-56.861357,-56.869334,0.000000
1111,-56.761366,-56.894173,0.000000
1112,-56.661942,-56.919337,0.000000
1113,-56.563081,-56.944824,0.000000
1114,-56.464779,-56.970632,0.000000
1115,-56.367030,-56.996759,0.000000
1116,-56.269832,-57.023203,0.000000
1117,-56.173179,-57.049963,0.000000
1118,-56.077066,-57.077035,0.000000
1119,-55.981490,-57.104420,0.000000
1120,-55.886445,-57.132113,0.000000
1121,-55.791926,-57.160114,0.000000
1122,-55.697930,-57.188421,0.000000
1123,-55.604452,-57.217032,0.000000
1124,-55.511488,-57.245945,0.000000
1125,-55.419032,-57.275158,0.000000
1126,-55.327081,-57.304669,0.000000
1127,-55.235629,-57.334477,0.000000
1128,-55.144672,-57.364580,0.000000
1129,-55.054204,-57.394977,0.000000
1130,-54.964222,-57.425664,0.000000
1131,-54.874721,-57.456642,0.000000
1132,-54.785695,-57.487907,0.000000
1133,-54.697140,-57.519459,0.000000
1134,-54.609050,-57.551295,0.000000
1135,-54.521421,-57.583414,0.000000
1136,-54.434247,-57.615815,0.000000
1137,-54.347524,-57.648496,0.000000
1138,-54.261248,-57.681454,0.000000
1139,-54.175413,-57.714690,0.000000
1140,-54.090014,-57.748200,0.000000
1141,-54.005047,-57.781984,0.000000
1142,-53.920504,-57.816040,0.000000
1143,-53.836379,-57.850366,0.000000
1144,-53.752670,-57.884961,0.000000
1145,-53.669370,-57.919824,0.000000
1146,-53.586476,-57.954953,0.000000
1147,-53.503980,-57.990346,0.000000
1148,-53.421877,-58.026003,0.000000
1149,-53.340161,-58.061921,0.000000
1150,-53.258828,-58.098100,0.000000
1151,-53.177871,-58.134538,0.000000
1152,-53.097284,-58.171234,0.000000
1153,-53.017063,-58.208186,0.000000
1154,-52.937200,-58.245393,0.000000
1155,-52.857690,-58.282853,0.000000
1156,-52.778526,-58.320567,0.000000
1157,-52.699700,-58.358532,0.000000
1158,-52.621208,-58.396746,0.000000
1159,-52.543042,-58.435210,0.000000
1160,-52.465196,-58.473921,0.000000
1161,-52.387662,-58.512879,0.000000
1162,-52.310438,-58.552083,0.000000
1163,-52.233515,-58.591531,0.000000
1164,-52.156886,-58.631222,0.000000
1165,-52.080545,-58.671155,0.000000
1166,-52.004482,-58.711330,0.000000
1167,-51.928692,-58.751744,0.000000
1168,-51.853157,-58.792398,0.000000
1169,-51.777882,-58.833290,0.000000
1170,-51.702856,-58.874419,0.000000
1171,-51.628071,-58.915785,0.000000
1172,-51.553520,-58.957386,0.000000
1173,-51.479194,-58.999222,0.000000
1174,-51.405085,-59.041291,0.000000
1175,-51.331180,-59.083594,0.000000
1176,-51.257480,-59.126129,0.000000
1177,-51.183966,-59.168895,0.000000
1178,-51.110634,-59.211892,0.000000
1179,-51.037471,-59.255119,0.000000
1180,-50.964471,-59.298576,0.000000
1181,-50.891626,-59.342262,0.000000
1182,-50.818919,-59.386176,0.000000
1183,-50.746339,-59.430317,0.000000
1184,-50.673877,-59.474686,0.000000
1185,-50.601521,-59.519281,0.000000
1186,-50.529258,-59.564103,0.000000
1187,-50.457075,-59.609151,0.000000
1188,-50.384959,-59.654424,0.000000
1189,-50.312913,-59.699923,0.000000
1190,-50.240908,-59.745646,0.000000
1191,-50.168941,-59.791595,0.000000
1192,-50.096993,-59.837768,0.000000
1193,-50.025052,-59.884165,0.000000
1194,-49.953100,-59.930787,0.000000
1195,-49.881105,-59.977633,0.000000
1196,-49.809073,-60.024703,0.000000
1197,-49.736976,-60.071998,0.000000
1198,-49.664813,-60.119518,0.000000
1199,-49.592549,-60.167262,0.000000
1200,-49.520180,-60.215231,0.000000
1201,-49.447676,-60.263425,0.000000
1202,-49.375014,-60.311845,0.000000
1203,-49.302190,-60.360491,0.000000
1204,-49.229169,-60.409363,0.000000
1205,-49.155929,-60.458463,0.000000
1206,-49.082448,-60.507790,0.000000
1207,-49.008703,-60.557346,0.000000
1208,-48.934661,-60.607132,0.000000
1209,-48.860300,-60.657147,0.000000
1210,-48.785593,-60.707394,0.000000
1211,-48.710482,-60.757872,0.000000
1212,-48.634954,-60.808585,0.000000
1213,-48.558962,-60.859532,0.000000
1214,-48.482475,-60.910716,0.000000
1215,-48.405443,-60.962137,0.000000
1216,-48.327862,-61.013798,0.000000
1217,-48.249665,-61.065701,0.000000
1218,-48.170817,-61.117847,0.000000
1219,-48.091257,-61.170238,0.000000
1220,-48.010945,-61.222877,0.000000
1221,-47.929807,-61.275766,0.000000
1222,-47.847728,-61.328908,0.000000
1223,-47.764730,-61.382306,0.000000
1224,-47.680689,-61.435963,0.000000
1225,-47.595581,-61.489882,0.000000
1226,-47.509253,-61.544067,0.000000
1227,-47.421679,-61.598521,0.000000
1228,-47.332756,-61.653249,0.000000
1229,-47.242348,-61.708256,0.000000
1230,-47.150353,-61.763545,0.000000
1231,-47.056652,-61.819123,0.000000
1232,-46.961096,-61.874994,0.000000
1233,-46.863554,-61.931165,0.000000
1234,-46.763813,-61.987643,0.000000
1235,-46.661680,-62.044434,0.000000
1236,-46.556914,-62.101547,0.000000
1237,-46.449305,-62.158990,0.000000
1238,-46.338557,-62.216773,0.000000
1239,-46.224446,-62.274906,0.000000
1240,-46.106625,-62.333399,0.000000
1241,-45.984671,-62.392266,0.000000
1242,-45.858031,-62.451519,0.000000
1243,-45.726233,-62.511175,0.000000
1244,-45.588702,-62.571251,0.000000
1245,-45.444779,-62.631765,0.000000
1246,-45.293637,-62.692738,0.000000
1247,-45.134235,-62.754195,0.000000
1248,-44.965239,-62.816163,0.000000
1249,-44.785232,-62.878673,0.000000
1250,-44.592247,-62.941763,0.000000
1251,-44.383714,-63.005475,0.000000
1252,-44.156792,-63.069861,0.000000
1253,-43.907215,-63.134981,0.000000
1254,-43.629288,-63.200912,0.000000
1255,-43.315335,-63.267748,0.000000
1256,-42.953922,-63.335607,0.000000
1257,-42.527913,-63.404649,0.000000
1258,-42.007083,-63.475088,0.000000
1259,-41.339888,-63.547239,0.000000
1260,-40.417682,-63.621590,0.000000
1261,-38.965759,-63.698991,0.000000
1262,-35.982121,-63.781205,0.000000
1263,-22.690377,-63.873338,0.000000
1264,0.000000,-64.009745,1.000000
1265,-58.000000,-64.221742,0.000000
1266,-57.889669,-64.240335,0.000000
1267,-57.779978,-64.259289,0.000000
1268,-57.670923,-64.278602,0.000000
1269,-57.562498,-64.298273,0.000000
1270,-57.454700,-64.318299,0.000000
1271,-57.347524,-64.338677,0.000000
1272,-57.240964,-64.359406,0.000000
1273,-57.135017,-64.380483,0.000000
1274,-57.029678,-64.401906,0.000000
1275,-56.924942,-64.423673,0.000000
1276,-56.820804,-64.445782,0.000000
1277,-56.717260,-64.468231,0.000000
1278,-56.614304,-64.491017,0.000000
1279,-56.511933,-64.514139,0.000000
1280,-56.410141,-64.537594,0.000000
1281,-56.308924,-64.561381,0.000000
1282,-56.208277,-64.585498,0.000000
1283,-56.108196,-64.609942,0.000000
1284,-56.008676,-64.634711,0.000000
1285,-55.909711,-64.659804,0.000000
1286,-55.811296,-64.685218,0.000000
1287,-55.713428,-64.710952,0.000000
1288,-55.616101,-64.737004,0.000000
1289,-55.519311,-64.763371,0.000000
1290,-55.423053,-64.790052,0.000000
1291,-55.327321,-64.817045,0.000000
1292,-55.232112,-64.844349,0.000000
1293,-55.137419,-64.871960,0.000000
1294,-55.043239,-64.899878,0.000000
1295,-54.949565,-64.928101,0.000000
1296,-54.856393,-64.956626,0.000000
1297,-54.763718,-64.985452,0.000000
1298,-54.671534,-65.014578,0.000000
1299,-54.579835,-65.044002,0.000000
1300,-54.488617,-65.073721,0.000000
1301,-54.397873,-65.103734,0.000000
1302,-54.307601,-65.134040,0.000000
1303,-54.217794,-65.164637,0.000000
1304,-54.128447,-65.195522,0.000000
1305,-54.039554,-65.226696,0.000000
1306,-53.951110,-65.258155,0.000000
1307,-53.863106,-65.289898,0.000000
1308,-53.775539,-65.321925,0.000000
1309,-53.688404,-65.354232,0.000000
1310,-53.601695,-65.386820,0.000000
1311,-53.515406,-65.419685,0.000000
1312,-53.429531,-65.452827,0.000000
1313,-53.344065,-65.486244,0.000000
1314,-53.259000,-65.519935,0.000000
1315,-53.174331,-65.553899,0.000000
1316,-53.090053,-65.588133,0.000000
1317,-53.006158,-65.622637,0.000000
1318,-52.922639,-65.657409,0.000000
1319,-52.839491,-65.692447,0.000000
1320,-52.756704,-65.727751,0.000000
1321,-52.674274,-65.763320,0.000000
1322,-52.592192,-65.799151,0.000000
1323,-52.510453,-65.835244,0.000000
1324,-52.429047,-65.871597,0.000000
1325,-52.347967,-65.908210,0.000000
1326,-52.267213,-65.945081,0.000000
1327,-52.186771,-65.982208,0.000000
1328,-52.106633,-66.019592,0.000000
1329,-52.026794,-66.057230,0.000000
1330,-51.947245,-66.095121,0.000000
1331,-51.867970,-66.133265,0.000000
1332,-51.788971,-66.171661,0.000000
1333,-51.710236,-66.210307,0.000000
1334,-51.631759,-66.249203,0.000000
1335,-51.553528,-66.288347,0.000000
1336,-51.475536,-66.327739,0.000000
1337,-51.397772,-66.367378,0.000000
1338,-51.320227,-66.407263,0.000000
1339,-51.242896,-66.447393,0.000000
1340,-51.165761,-66.487768,0.000000
1341,-51.088819,-66.528386,0.000000
1342,-51.012055,-66.569247,0.000000
1343,-50.935460,-66.610351,0.000000
1344,-50.859019,-66.651696,0.000000
1345,-50.782725,-66.693282,0.000000
1346,-50.706566,-66.735108,0.000000
1347,-50.630523,-66.777175,0.000000
1348,-50.554586,-66.819480,0.000000
1349,-50.478742,-66.862025,0.000000
1350,-50.402975,-66.904809,0.000000
1351,-50.327280,-66.947831,0.000000
1352,-50.251638,-66.991090,0.000000
1353,-50.176042,-67.034588,0.000000
1354,-50.100471,-67.078323,0.000000
1355,-50.024908,-67.122295,0.000000
1356,-49.949338,-67.166505,0.000000
1357,-49.873719,-67.210951,0.000000
1358,-49.798062,-67.255635,0.000000
1359,-49.722345,-67.300556,0.000000
1360,-49.646544,-67.345715,0.000000
1361,-49.570648,-67.391111,0.000000
1362,-49.494640,-67.436745,0.000000
1363,-49.418485,-67.482618,0.000000
1364,-49.342166,-67.528728,0.000000
1365,-49.265661,-67.575078,0.000000
1366,-49.188936,-67.621668,0.000000
1367,-49.111979,-67.668497,0.000000
1368,-49.034758,-67.715568,0.000000
1369,-48.957245,-67.762880,0.000000
1370,-48.879399,-67.810435,0.000000
1371,-48.801194,-67.858234,0.000000
1372,-48.722590,-67.906277,0.000000
1373,-48.643561,-67.954566,0.000000
1374,-48.564050,-68.003103,0.000000
1375,-48.484037,-68.051888,0.000000
1376,-48.403437,-68.100924,0.000000
1377,-48.322263,-68.150212,0.000000
1378,-48.240450,-68.199754,0.000000
1379,-48.157944,-68.249553,0.000000
1380,-48.074702,-68.299610,0.000000
1381,-47.990662,-68.349928,0.000000
1382,-47.905701,-68.400509,0.000000
1383,-47.819806,-68.451356,0.000000
1384,-47.732888,-68.502473,0.000000
1385,-47.644889,-68.553863,0.000000
1386,-47.555720,-68.605528,0.000000
1387,-47.465277,-68.657474,0.000000
1388,-47.373470,-68.709704,0.000000
1389,-47.280230,-68.762223,0.000000
1390,-47.185372,-68.815034,0.000000
1391,-47.088796,-68.868145,0.000000
1392,-46.990351,-68.921559,0.000000
1393,-46.889890,-68.975284,0.000000
1394,-46.787202,-69.029326,0.000000
1395,-46.682108,-69.083692,0.000000
1396,-46.574369,-69.138391,0.000000
1397,-46.463711,-69.193430,0.000000
1398,-46.349884,-69.248820,0.000000
1399,-46.232661,-69.304571,0.000000
1400,-46.111608,-69.360693,0.000000
1401,-45.986350,-69.417201,0.000000
1402,-45.856187,-69.474108,0.000000
1403,-45.720803,-69.531429,0.000000
1404,-45.579534,-69.589182,0.000000
1405,-45.431638,-69.647388,0.000000
1406,-45.276330,-69.706066,0.000000
1407,-45.112400,-69.765243,0.000000
1408,-44.938557,-69.824947,0.000000
1409,-44.753172,-69.885210,0.000000
1410,-44.554191,-69.946071,0.000000
1411,-44.338964,-70.007575,0.000000
1412,-44.104133,-70.069776,0.000000
1413,-43.845439,-70.132739,0.000000
1414,-43.556381,-70.196543,0.000000
1415,-43.228659,-70.261289,0.000000
1416,-42.849439,-70.327107,0.000000
1417,-42.398672,-70.394166,0.000000
1418,-41.841695,-70.462706,0.000000
1419,-41.114882,-70.533079,0.000000
1420,-40.082723,-70.605852,0.000000
1421,-38.366621,-70.682041,0.000000
1422,-34.335939,-70.763925,0.000000
1423,-4.086803,-70.859217,0.000000
1424,0.000000,-71.055308,1.000000
1425,-58.000000,-71.264956,0.000000
1426,-57.886147,-71.281201,0.000000
1427,-57.772957,-71.297820,0.000000
1428,-57.660424,-71.314811,0.000000
1429,-57.548543,-71.332171,0.000000
1430,-57.437310,-71.349898,0.000000
1431,-57.326719,-71.367991,0.000000
1432,-57.216767,-71.386446,0.000000
1433,-57.107448,-71.405261,0.000000
1434,-56.998757,-71.424434,0.000000
1435,-56.890689,-71.443964,0.000000
1436,-56.783240,-71.463847,0.000000
1437,-56.676405,-71.484081,0.000000
1438,-56.570178,-71.504665,0.000000
1439,-56.464555,-71.525596,0.000000
1440,-56.359530,-71.546873,0.000000
1441,-56.255100,-71.568492,0.000000
1442,-56.151258,-71.590452,0.000000
1443,-56.048001,-71.612751,0.000000
1444,-55.945323,-71.635387,0.000000
1445,-55.843218,-71.658357,0.000000
1446,-55.741682,-71.681660,0.000000
1447,-55.640710,-71.705294,0.000000
1448,-55.540297,-71.729257,0.000000
1449,-55.440437,-71.753546,0.000000
1450,-55.341127,-71.778160,0.000000
1451,-55.242359,-71.803097,0.000000
1452,-55.144131,-71.828355,0.000000
1453,-55.046434,-71.853931,0.000000
1454,-54.949266,-71.879825,0.000000
1455,-54.852619,-71.906034,0.000000
1456,-54.756490,-71.932557,0.000000
1457,-54.660871,-71.959391,0.000000
1458,-54.565759,-71.986535,0.000000
1459,-54.471145,-72.013987,0.000000
1460,-54.377026,-72.041745,0.000000
1461,-54.283396,-72.069808,0.000000
1462,-54.190250,-72.098173,0.000000
1463,-54.097582,-72.126840,0.000000
1464,-54.005385,-72.155806,0.000000
1465,-53.913654,-72.185069,0.000000
1466,-53.822379,-72.214628,0.000000
1467,-53.731559,-72.244482,0.000000
1468,-53.641188,-72.274629,0.000000
1469,-53.551257,-72.305067,0.000000
1470,-53.461763,-72.335794,0.000000
1471,-53.372697,-72.366810,0.000000
1472,-53.284052,-72.398112,0.000000
1473,-53.195824,-72.429699,0.000000
1474,-53.108005,-72.461569,0.000000
1475,-53.020587,-72.493722,0.000000
1476,-52.933565,-72.526156,0.000000
1477,-52.846932,-72.558868,0.000000
1478,-52.760680,-72.591859,0.000000
1479,-52.674799,-72.625126,0.000000
1480,-52.589284,-72.658668,0.000000
1481,-52.504128,-72.692484,0.000000
1482,-52.419320,-72.726573,0.000000
1483,-52.334855,-72.760933,0.000000
1484,-52.250726,-72.795563,0.000000
1485,-52.166925,-72.830462,0.000000
1486,-52.083442,-72.865629,0.000000
1487,-52.000270,-72.901062,0.000000
1488,-51.917399,-72.936761,0.000000
1489,-51.834813,-72.972724,0.000000
1490,-51.752511,-73.008951,0.000000
1491,-51.670486,-73.045439,0.000000
1492,-51.588724,-73.082189,0.000000
1493,-51.507219,-73.119199,0.000000
1494,-51.425960,-73.156469,0.000000
1495,-51.344939,-73.193997,0.000000
1496,-51.264138,-73.231782,0.000000
1497,-51.183552,-73.269825,0.000000
1498,-51.103168,-73.308123,0.000000
1499,-51.022980,-73.346676,0.000000
1500,-50.942969,-73.385484,0.000000
1501,-50.863126,-73.424546,0.000000
1502,-50.783436,-73.463860,0.000000
1503,-50.703886,-73.503427,0.000000
1504,-50.624466,-73.543247,0.000000
1505,-50.545152,-73.583317,0.000000
1506,-50.465937,-73.623639,0.000000
1507,-50.386802,-73.664211,0.000000
1508,-50.307749,-73.705034,0.000000
1509,-50.228748,-73.746106,0.000000
1510,-50.149792,-73.787429,0.000000
1511,-50.070853,-73.829000,0.000000
1512,-49.991920,-73.870821,0.000000
1513,-49.912951,-73.912891,0.000000
1514,-49.833955,-73.955210,0.000000
1515,-49.754907,-73.997778,0.000000
1516,-49.675785,-74.040596,0.000000
1517,-49.596582,-74.083663,0.000000
1518,-49.517254,-74.126980,0.000000
1519,-49.437788,-74.170547,0.000000
1520,-49.358162,-74.214364,0.000000
1521,-49.278347,-74.258432,0.000000
1522,-49.198309,-74.302751,0.000000
1523,-49.118038,-74.347323,0.000000
1524,-49.037494,-74.392147,0.000000
1525,-48.956643,-74.437224,0.000000
1526,-48.875464,-74.482556,0.000000
1527,-48.793899,-74.528144,0.000000
1528,-48.711923,-74.573988,0.000000
1529,-48.629507,-74.620091,0.000000
1530,-48.546583,-74.666452,0.000000
1531,-48.463114,-74.713075,0.000000
1532,-48.379051,-74.759960,0.000000
1533,-48.294378,-74.807110,0.000000
1534,-48.209025,-74.854526,0.000000
1535,-48.122940,-74.902211,0.000000
1536,-48.036053,-74.950167,0.000000
1537,-47.948297,-74.998397,0.000000
1538,-47.859581,-75.046903,0.000000
1539,-47.769827,-75.095689,0.000000
1540,-47.679011,-75.144758,0.000000
1541,-47.587027,-75.194113,0.000000
1542,-47.493738,-75.243758,0.000000
1543,-47.399073,-75.293697,0.000000
1544,-47.302944,-75.343936,0.000000
1545,-47.205169,-75.394478,0.000000
1546,-47.105678,-75.445329,0.000000
1547,-47.004257,-75.496495,0.000000
1548,-46.900776,-75.547982,0.000000
1549,-46.795055,-75.599797,0.000000
1550,-46.686852,-75.651947,0.000000
1551,-46.575959,-75.704440,0.000000
1552,-46.462072,-75.757285,0.000000
1553,-46.344910,-75.810492,0.000000
1554,-46.224264,-75.864073,0.000000
1555,-46.099662,-75.918037,0.000000
1556,-45.970671,-75.972399,0.000000
1557,-45.836632,-76.027172,0.000000
1558,-45.697179,-76.082374,0.000000
1559,-45.551565,-76.138023,0.000000
1560,-45.399090,-76.194138,0.000000
1561,-45.238756,-76.250743,0.000000
1562,-45.069354,-76.307864,0.000000
1563,-44.889467,-76.365530,0.000000
1564,-44.697383,-76.423777,0.000000
1565,-44.490748,-76.482644,0.000000
1566,-44.266535,-76.542181,0.000000
1567,-44.021420,-76.602445,0.000000
1568,-43.750345,-76.663506,0.000000
1569,-43.446000,-76.725450,0.000000
1570,-43.098492,-76.788388,0.000000
1571,-42.693017,-76.852464,0.000000
1572,-42.204737,-76.917870,0.000000
1573,-41.590955,-76.984881,0.000000
1574,-40.767372,-77.053916,0.000000
1575,-39.539850,-77.125674,0.000000
1576,-37.288700,-77.201499,0.000000
1577,-30.379716,-77.284803,0.000000
1578,0.000000,-77.391109,1.000000
1579,-58.000000,-77.598645,0.000000
1580,-57.882980,-77.612779,0.000000
1581,-57.766643,-77.627298,0.000000
1582,-57.650982,-77.642200,0.000000
1583,-57.535993,-77.657483,0.000000
1584,-57.421670,-77.673143,0.000000
1585,-57.308010,-77.689180,0.000000
1586,-57.195006,-77.705590,0.000000
1587,-57.082654,-77.722372,0.000000
1588,-56.970949,-77.739522,0.000000
1589,-56.859886,-77.757039,0.000000
1590,-56.749460,-77.774920,0.000000
1591,-56.639664,-77.793164,0.000000
1592,-56.530495,-77.811767,0.000000
1593,-56.421948,-77.830728,0.000000
1594,-56.314016,-77.850045,0.000000
1595,-56.206696,-77.869715,0.000000
1596,-56.099982,-77.889736,0.000000
1597,-55.993869,-77.910106,0.000000
1598,-55.888349,-77.930823,0.000000
1599,-55.783421,-77.951885,0.000000
1600,-55.679078,-77.973290,0.000000
1601,-55.575315,-77.995035,0.000000
1602,-55.472125,-78.017119,0.000000
1603,-55.369506,-78.039539,0.000000
1604,-55.267449,-78.062295,0.000000
1605,-55.165951,-78.085382,0.000000
1606,-55.065006,-78.108801,0.000000
1607,-54.964608,-78.132548,0.000000
1608,-54.864751,-78.156621,0.000000
1609,-54.765430,-78.181020,0.000000
1610,-54.666638,-78.205742,0.000000
1611,-54.568371,-78.230784,0.000000
1612,-54.470622,-78.256146,0.000000
1613,-54.373384,-78.281825,0.000000
1614,-54.276654,-78.307820,0.000000
1615,-54.180424,-78.334129,0.000000
1616,-54.084689,-78.360749,0.000000
1617,-53.989442,-78.387680,0.000000
1618,-53.894675,-78.414919,0.000000
1619,-53.800383,-78.442465,0.000000
1620,-53.706561,-78.470316,0.000000
1621,-53.613203,-78.498471,0.000000
1622,-53.520300,-78.526928,0.000000
1623,-53.427846,-78.555684,0.000000
1624,-53.335837,-78.584740,0.000000
1625,-53.244264,-78.614092,0.000000
1626,-53.153118,-78.643740,0.000000
1627,-53.062396,-78.673681,0.000000
1628,-52.972087,-78.703915,0.000000
1629,-52.882186,-78.734440,0.000000
1630,-52.792683,-78.765255,0.000000
1631,-52.703572,-78.796358,0.000000
1632,-52.614844,-78.827747,0.000000
1633,-52.526493,-78.859421,0.000000
1634,-52.438505,-78.891380,0.000000
1635,-52.350877,-78.923621,0.000000
1636,-52.263603,-78.956144,0.000000
1637,-52.176670,-78.988946,0.000000
1638,-52.090071,-79.022028,0.000000
1639,-52.003797,-79.055387,0.000000
1640,-51.917836,-79.089022,0.000000
1641,-51.832176,-79.122933,0.000000
1642,-51.746810,-79.157118,0.000000
1643,-51.661729,-79.191576,0.000000
1644,-51.576927,-79.226307,0.000000
1645,-51.492390,-79.261308,0.000000
1646,-51.408105,-79.296580,0.000000
1647,-51.324063,-79.332121,0.000000
1648,-51.240260,-79.367930,0.000000
1649,-51.156674,-79.404006,0.000000
1650,-51.073301,-79.440349,0.000000
1651,-50.990118,-79.476958,0.000000
1652,-50.907118,-79.513832,0.000000
1653,-50.824288,-79.550970,0.000000
1654,-50.741615,-79.588372,0.000000
1655,-50.659081,-79.626037,0.000000
1656,-50.576676,-79.663965,0.000000
1657,-50.494378,-79.702155,0.000000
1658,-50.412169,-79.740606,0.000000
1659,-50.330047,-79.779319,0.000000
1660,-50.247990,-79.818292,0.000000
1661,-50.165981,-79.857526,0.000000
1662,-50.084003,-79.897020,0.000000
1663,-50.002035,-79.936775,0.000000
1664,-49.920059,-79.976789,0.000000
1665,-49.838034,-80.017063,0.000000
1666,-49.755954,-80.057597,0.000000
1667,-49.673808,-80.098391,0.000000
1668,-49.591559,-80.139446,0.000000
1669,-49.509198,-80.180761,0.000000
1670,-49.426695,-80.222337,0.000000
1671,-49.344021,-80.264174,0.000000
1672,-49.261149,-80.306272,0.000000
1673,-49.178050,-80.348633,0.000000
1674,-49.094690,-80.391256,0.000000
1675,-49.011047,-80.434144,0.000000
1676,-48.927076,-80.477295,0.000000
1677,-48.842744,-80.520713,0.000000
1678,-48.758005,-80.564397,0.000000
1679,-48.672833,-80.608348,0.000000
1680,-48.587171,-80.652570,0.000000
1681,-48.500975,-80.697061,0.000000
1682,-48.414191,-80.741826,0.000000
1683,-48.326779,-80.786864,0.000000
1684,-48.238685,-80.832180,0.000000
1685,-48.149849,-80.877773,0.000000
1686,-48.060212,-80.923648,0.000000
1687,-47.969712,-80.969806,0.000000
1688,-47.878215,-81.016250,0.000000
1689,-47.785684,-81.062984,0.000000
1690,-47.692060,-81.110011,0.000000
1691,-47.597222,-81.157334,0.000000
1692,-47.501081,-81.204957,0.000000
1693,-47.403551,-81.252885,0.000000
1694,-47.304479,-81.301122,0.000000
1695,-47.203780,-81.349674,0.000000
1696,-47.101272,-81.398545,0.000000
1697,-46.996806,-81.447741,0.000000
1698,-46.890202,-81.497269,0.000000
1699,-46.781299,-81.547136,0.000000
1700,-46.669806,-81.597349,0.000000
1701,-46.555502,-81.647917,0.000000
1702,-46.438065,-81.698850,0.000000
1703,-46.317244,-81.750156,0.000000
1704,-46.192741,-81.801849,0.000000
1705,-46.064091,-81.853939,0.000000
1706,-45.930848,-81.906441,0.000000
1707,-45.792350,-81.959369,0.000000
1708,-45.647988,-82.012741,0.000000
1709,-45.497192,-82.066577,0.000000
1710,-45.338962,-82.120898,0.000000
1711,-45.172346,-82.175727,0.000000
1712,-44.996007,-82.231094,0.000000
1713,-44.808360,-82.287031,0.000000
1714,-44.607394,-82.343574,0.000000
1715,-44.390455,-82.400768,0.000000
1716,-44.154444,-82.458666,0.000000
1717,-43.894970,-82.517332,0.000000
1718,-43.605660,-82.576842,0.000000
1719,-43.278866,-82.637298,0.000000
1720,-42.901985,-82.698823,0.000000
1721,-42.455661,-82.761583,0.000000
1722,-41.906770,-82.825810,0.000000
1723,-41.196420,-82.891846,0.000000
1724,-40.197900,-82.960227,0.000000
1725,-38.570873,-83.031914,0.000000
1726,-34.924144,-83.109000,0.000000
1727,-12.401922,-83.198217,0.000000
1728,0.000000,-83.362478,1.000000
1729,-58.000000,-83.568023,0.000000
1730,-57.879996,-83.580167,0.000000
1731,-57.760692,-83.592707,0.000000
1732,-57.642083,-83.605641,0.000000
1733,-57.524164,-83.618965,0.000000
1734,-57.406931,-83.632678,0.000000
1735,-57.290377,-83.646778,0.000000
1736,-57.174497,-83.661261,0.000000
1737,-57.059288,-83.676125,0.000000
1738,-56.944742,-83.691369,0.000000
1739,-56.830855,-83.706989,0.000000
1740,-56.717622,-83.722984,0.000000
1741,-56.605037,-83.739351,0.000000
1742,-56.493095,-83.756088,0.000000
1743,-56.381791,-83.773192,0.000000
1744,-56.271120,-83.790662,0.000000
1745,-56.161075,-83.808494,0.000000
1746,-56.051653,-83.826688,0.000000
1747,-55.942847,-83.845240,0.000000
1748,-55.834652,-83.864149,0.000000
1749,-55.727061,-83.883412,0.000000
1750,-55.620071,-83.903027,0.000000
1751,-55.513675,-83.922993,0.000000
1752,-55.407869,-83.943306,0.000000
1753,-55.302645,-83.963966,0.000000
1754,-55.198000,-83.984969,0.000000
1755,-55.093926,-84.006314,0.000000
1756,-54.990419,-84.027999,0.000000
1757,-54.887472,-84.050021,0.000000
1758,-54.785080,-84.072380,0.000000
1759,-54.683236,-84.095072,0.000000
1760,-54.581934,-84.118096,0.000000
1761,-54.481168,-84.141450,0.000000
1762,-54.380930,-84.165132,0.000000
1763,-54.281219,-84.189141,0.000000
1764,-54.182024,-84.213474,0.000000
1765,-54.083341,-84.238129,0.000000
1766,-53.985162,-84.263105,0.000000
1767,-53.887480,-84.288400,0.000000
1768,-53.790289,-84.314013,0.000000
1769,-53.693583,-84.339940,0.000000
1770,-53.597355,-84.366182,0.000000
1771,-53.501597,-84.392735,0.000000
1772,-53.406304,-84.419599,0.000000
1773,-53.311468,-84.446771,0.000000
1774,-53.217081,-84.474251,0.000000
1775,-53.123137,-84.502036,0.000000
1776,-53.029627,-84.530125,0.000000
1777,-52.936544,-84.558516,0.000000
1778,-52.843879,-84.587208,0.000000
1779,-52.751626,-84.616199,0.000000
1780,-52.659775,-84.645488,0.000000
1781,-52.568317,-84.675074,0.000000
1782,-52.477243,-84.704955,0.000000
1783,-52.386543,-84.735129,0.000000
1784,-52.296213,-84.765595,0.000000
1785,-52.206242,-84.796353,0.000000
1786,-52.116622,-84.827400,0.000000
1787,-52.027339,-84.858735,0.000000
1788,-51.938387,-84.890358,0.000000
1789,-51.849750,-84.922266,0.000000
1790,-51.761425,-84.954460,0.000000
1791,-51.673395,-84.986937,0.000000
1792,-51.585656,-85.019696,0.000000
1793,-51.498191,-85.052738,0.000000
1794,-51.410994,-85.086059,0.000000
1795,-51.324053,-85.119661,0.000000
1796,-51.237353,-85.153541,0.000000
1797,-51.150882,-85.187698,0.000000
1798,-51.064627,-85.222133,0.000000
1799,-50.978575,-85.256843,0.000000
1800,-50.892716,-85.291829,0.000000
1801,-50.807034,-85.327089,0.000000
1802,-50.721509,-85.362624,0.000000
1803,-50.636129,-85.398431,0.000000
1804,-50.550870,-85.434511,0.000000
1805,-50.465721,-85.470863,0.000000
1806,-50.380663,-85.507487,0.000000
1807,-50.295695,-85.544382,0.000000
1808,-50.210784,-85.581549,0.000000
1809,-50.125921,-85.618986,0.000000
1810,-50.041078,-85.656693,0.000000
1811,-49.956237,-85.694670,0.000000
1812,-49.871365,-85.732918,0.000000
1813,-49.786438,-85.771436,0.000000
1814,-49.701457,-85.810224,0.000000
1815,-49.616386,-85.849282,0.000000
1816,-49.531202,-85.888611,0.000000
1817,-49.445871,-85.928211,0.000000
1818,-49.360377,-85.968082,0.000000
1819,-49.274695,-86.008224,0.000000
1820,-49.188781,-86.048639,0.000000
1821,-49.102606,-86.089327,0.000000
1822,-49.016137,-86.130289,0.000000
1823,-48.929346,-86.171525,0.000000
1824,-48.842176,-86.213036,0.000000
1825,-48.754595,-86.254825,0.000000
1826,-48.666563,-86.296891,0.000000
1827,-48.578012,-86.339237,0.000000
1828,-48.488905,-86.381864,0.000000
1829,-48.399181,-86.424774,0.000000
1830,-48.308819,-86.467968,0.000000
1831,-48.217746,-86.511449,0.000000
1832,-48.125897,-86.555220,0.000000
1833,-48.033213,-86.599282,0.000000
1834,-47.939603,-86.643638,0.000000
1835,-47.844957,-86.688291,0.000000
1836,-47.749231,-86.733245,0.000000
1837,-47.652322,-86.778503,0.000000
1838,-47.554123,-86.824069,0.000000
1839,-47.454548,-86.869948,0.000000
1840,-47.353477,-86.916142,0.000000
1841,-47.250791,-86.962659,0.000000
1842,-47.146309,-87.009502,0.000000
1843,-47.039914,-87.056678,0.000000
1844,-46.931394,-87.104192,0.000000
1845,-46.820571,-87.152053,0.000000
1846,-46.707203,-87.200267,0.000000
1847,-46.591051,-87.248843,0.000000
1848,-46.471811,-87.297790,0.000000
1849,-46.349171,-87.347118,0.000000
1850,-46.222859,-87.396838,0.000000
1851,-46.092407,-87.446963,0.000000
1852,-45.957420,-87.497506,0.000000
1853,-45.817222,-87.548482,0.000000
1854,-45.671216,-87.599908,0.000000
1855,-45.518700,-87.651804,0.000000
1856,-45.358890,-87.704191,0.000000
1857,-45.190531,-87.757094,0.000000
1858,-45.012549,-87.810539,0.000000
1859,-44.823182,-87.864561,0.000000
1860,-44.620463,-87.919195,0.000000
1861,-44.401789,-87.974487,0.000000
1862,-44.163913,-88.030490,0.000000
1863,-43.902636,-88.087266,0.000000
1864,-43.611554,-88.144895,0.000000
1865,-43.282529,-88.203475,0.000000
1866,-42.903549,-88.263132,0.000000
1867,-42.454668,-88.324033,0.000000
1868,-41.902649,-88.386409,0.000000
1869,-41.188264,-88.450605,0.000000
1870,-40.183175,-88.517160,0.000000
1871,-38.540742,-88.587044,0.000000
1872,-34.835759,-88.662379,0.000000
1873,-11.283224,-88.750039,0.000000
1874,0.000000,-88.916178,1.000000
1875,-58.000000,-89.119873,0.000000
1876,-57.877220,-89.130166,0.000000
1877,-57.755157,-89.140865,0.000000
1878,-57.633807,-89.151968,0.000000
1879,-57.513164,-89.163471,0.000000
1880,-57.393222,-89.175373,0.000000
1881,-57.273977,-89.187670,0.000000
1882,-57.155423,-89.200361,0.000000
1883,-57.037555,-89.213443,0.000000
1884,-56.920367,-89.226913,0.000000
1885,-56.803854,-89.240769,0.000000
1886,-56.688011,-89.255010,0.000000
1887,-56.572832,-89.269631,0.000000
1888,-56.458311,-89.284632,0.000000
1889,-56.344443,-89.300009,0.000000
1890,-56.231222,-89.315761,0.000000
1891,-56.118645,-89.331885,0.000000
1892,-56.006703,-89.348379,0.000000
1893,-55.895393,-89.365241,0.000000
1894,-55.784708,-89.382468,0.000000
1895,-55.674641,-89.400058,0.000000
1896,-55.565190,-89.418009,0.000000
1897,-55.456346,-89.436319,0.000000
1898,-55.348105,-89.454986,0.000000
1899,-55.240460,-89.474007,0.000000
1900,-55.133406,-89.493381,0.000000
1901,-55.026937,-89.513105,0.000000
1902,-54.921046,-89.533177,0.000000
1903,-54.815729,-89.553596,0.000000
1904,-54.710977,-89.574359,0.000000
1905,-54.606785,-89.595464,0.000000
1906,-54.503145,-89.616910,0.000000
1907,-54.400053,-89.638694,0.000000
1908,-54.297502,-89.660814,0.000000
1909,-54.195486,-89.683269,0.000000
1910,-54.093998,-89.706056,0.000000
1911,-53.993030,-89.729174,0.000000
1912,-53.892574,-89.752621,0.000000
1913,-53.792626,-89.776395,0.000000
1914,-53.693177,-89.800494,0.000000
1915,-53.594221,-89.824916,0.000000
1916,-53.495749,-89.849661,0.000000
1917,-53.397757,-89.874725,0.000000
1918,-53.300235,-89.900108,0.000000
1919,-53.203177,-89.925807,0.000000
1920,-53.106573,-89.951821,0.000000
1921,-53.010418,-89.978148,0.000000
1922,-52.914701,-90.004788,0.000000
1923,-52.819414,-90.031737,0.000000
1924,-52.724549,-90.058995,0.000000
1925,-52.630096,-90.086560,0.000000
1926,-52.536046,-90.114431,0.000000
1927,-52.442390,-90.142606,0.000000
1928,-52.349119,-90.171084,0.000000
1929,-52.256228,-90.199863,0.000000
1930,-52.163701,-90.228942,0.000000
1931,-52.071533,-90.258320,0.000000
1932,-51.979711,-90.287996,0.000000
1933,-51.888218,-90.317967,0.000000
1934,-51.797053,-90.348234,0.000000
1935,-51.706199,-90.378794,0.000000
1936,-51.615651,-90.409647,0.000000
1937,-51.525395,-90.440792,0.000000
1938,-51.435418,-90.472227,0.000000
1939,-51.345706,-90.503951,0.000000
1940,-51.256250,-90.535964,0.000000
1941,-51.167034,-90.568265,0.000000
1942,-51.078046,-90.600852,0.000000
1943,-50.989274,-90.633725,0.000000
1944,-50.900701,-90.666883,0.000000
1945,-50.812311,-90.700325,0.000000
1946,-50.724088,-90.734050,0.000000
1947,-50.636015,-90.768059,0.000000
1948,-50.548072,-90.802349,0.000000
1949,-50.460247,-90.836922,0.000000
1950,-50.372518,-90.871775,0.000000
1951,-50.284875,-90.906909,0.000000
1952,-50.197296,-90.942324,0.000000
1953,-50.109762,-90.978019,0.000000
1954,-50.022244,-91.013994,0.000000
1955,-49.934724,-91.050248,0.000000
1956,-49.847169,-91.086782,0.000000
1957,-49.759558,-91.123596,0.000000
1958,-49.671880,-91.160690,0.000000
1959,-49.584106,-91.198063,0.000000
1960,-49.496201,-91.235717,0.000000
1961,-49.408149,-91.273651,0.000000
1962,-49.319915,-91.311866,0.000000
1963,-49.231464,-91.350362,0.000000
1964,-49.142769,-91.389141,0.000000
1965,-49.053785,-91.428202,0.000000
1966,-48.964470,-91.467546,0.000000
1967,-48.874793,-91.507175,0.000000
1968,-48.784721,-91.547090,0.000000
1969,-48.694201,-91.587292,0.000000
1970,-48.603168,-91.627782,0.000000
1971,-48.511582,-91.668563,0.000000
1972,-48.419377,-91.709634,0.000000
1973,-48.326515,-91.751000,0.000000
1974,-48.232936,-91.792661,0.000000
1975,-48.138586,-91.834621,0.000000
1976,-48.043380,-91.876880,0.000000
1977,-47.947241,-91.919443,0.000000
1978,-47.850023,-91.962313,0.000000
1979,-47.751725,-92.005492,0.000000
1980,-47.652196,-92.048984,0.000000
1981,-47.551364,-92.092794,0.000000
1982,-47.449139,-92.136925,0.000000
1983,-47.345339,-92.181382,0.000000
1984,-47.239879,-92.226171,0.000000
1985,-47.132591,-92.271296,0.000000
1986,-47.023297,-92.316763,0.000000
1987,-46.911801,-92.362580,0.000000
1988,-46.797925,-92.408753,0.000000
1989,-46.681396,-92.455290,0.000000
1990,-46.561959,-92.502201,0.000000
1991,-46.439279,-92.549493,0.000000
1992,-46.313077,-92.597179,0.000000
1993,-46.183001,-92.645270,0.000000
1994,-46.048573,-92.693778,0.000000
1995,-45.909321,-92.742718,0.000000
1996,-45.764494,-92.792106,0.000000
1997,-45.613585,-92.841961,0.000000
1998,-45.455762,-92.892301,0.000000
1999,-45.290030,-92.943151,0.000000
